>c2h2_zfs__M0489
22.66892267	22.66892267	31.99323199	22.66892267
33.81953382	15.68821569	25.47982548	25.01242501
5.229191569	5.229191569	84.31242529	5.229191569
2.210409337	2.210409337	93.36877199	2.210409337
0.00427025827	89.96806354	10.02339594	0.00427025827
20.90390622	0.00427026127	51.67301537	27.41880815
0.00427025827	72.57267059	0.00427025827	27.41878889
89.96806354	0.00427025827	0.00427025827	10.02339594
2.335338132	2.335338132	82.97483362	12.35449012
19.3352	50.3917	9.3161	20.957
19.77508022	40.67475933	19.77508022	19.77508022
22.79387721	22.79387721	22.79387721	31.61836838
