>c2h2_zfs__M0369
22.54767745	22.54767745	22.54767745	32.35696764
17.46791747	26.42002642	17.46791747	38.64413864
17.46791747	47.5962476	17.46791747	17.46791747
23.15660695	4.605171382	13.6642041	58.57401757
61.37892289	11.20870418	27.39331022	0.01906270711
18.59969528	0.01906269516	81.36217933	0.01906269516
70.25778215	0.01906269516	29.70409246	0.01906269516
79.4940593	0.01906271422	20.46781527	0.01906271422
63.07810631	11.73050117	22.72000227	2.471390247
37.32137761	7.551125469	47.57637145	7.551125469
59.02846458	7.551125469	25.86928448	7.551125469
29.47	29.7022	20.4139	20.4139
