>cisbp__M00774
22.60615899	22.60615899	22.60615899	32.18152302
29.60733458	20.03197055	20.03197055	30.32872433
30.32872433	29.60733458	20.03197055	20.03197055
15.00231235	15.00231235	44.69630917	25.29906613
9.568226349	9.568226349	18.3906778	62.47286951
76.47734817	4.408632684	14.70538647	4.408632684
19.85714487	12.58759661	2.199945772	65.35531275
67.45759152	0.02080779171	11.5767357	20.94486499
13.76334197	81.40736044	2.414648799	2.414648799
73.47756036	16.54476516	4.988837244	4.988837244
22.90603164	47.05104878	4.988837244	25.05408233
31.75483945	19.10094219	21.57442335	27.56979501
44.80750803	15.45258144	24.28732909	15.45258144
20.61217511	29.32872703	29.44692275	20.61217511
22.82086202	22.82086202	22.82086202	31.53741394
