>cisbp__M00789
34.13805748	21.95398084	21.95398084	21.95398084
47.46815431	17.51061523	17.51061523	17.51061523
26.37475473	38.60401481	17.51061523	17.51061523
68.02428068	10.65857311	10.65857311	10.65857311
2.253139579	2.253139579	2.253139579	93.24058126
18.76918669	0.01651282104	81.19778767	0.01651282104
0.01651282104	0.01651282104	0.01651282104	99.95046154
87.7663849	0.01651282104	0.01651282104	12.20058946
11.92667148	3.062531981	3.062531981	81.94826456
40.14179193	26.09373903	7.50589759	26.25857146
53.79291992	31.19528489	7.50589759	7.50589759
38.31007759	14.35793972	14.35793972	32.97404298
31.70988027	22.76337324	22.76337324	22.76337324
