>cisbp__M00371
31.90473142	22.69842286	22.69842286	22.69842286
22.69842286	31.90473142	22.69842286	22.69842286
20.11882567	20.11882567	20.11882567	39.643523
17.93339361	27.61244429	8.087746953	46.36641515
71.38161843	12.7782401	3.404695414	12.43544606
69.64224272	9.222312019	10.80105303	10.33439223
0.01600345675	0.01600345675	0.01600345675	99.95198963
60.26869804	9.222312019	10.33439223	20.17459771
22.30893873	2.317580597	2.317580597	73.05590007
70.46173974	2.317580597	24.90309907	2.317580597
4.89717779	18.45194562	4.89717779	71.7536988
39.51377498	16.9282565	16.9282565	26.62971202
21.61130804	35.16607587	21.61130804	21.61130804
