>cisbp__M00256
22.64240498	22.64240498	32.07278507	22.64240498
29.71581366	29.71331922	20.28543356	20.28543356
34.53826475	24.96486993	15.53448983	24.96237549
41.6713322	13.14682291	13.14682291	32.03502198
56.97044362	8.009517686	8.009517686	27.01052101
69.42200986	0.02771603262	0.02771603262	30.52255808
0.02771603262	0.02771603262	0.02771603262	99.9168519
10.64323368	50.86889762	0.02771603262	38.46015266
92.84406683	2.385311057	2.385311057	2.385311057
25.68645684	55.27831054	4.742282471	14.29295015
71.5203214	9.493226202	9.493226202	9.493226202
21.42407747	11.88089312	11.88089312	54.81413629
26.92889729	17.01819835	27.633716	28.41918836
