>cisbp__M05856
47.1	22.5	23.3	7.1
12.2	53.3	5	29.5
70.7	11.6	2.7	15
58.4	18.6	6.4	16.6
90	6.8	2.6	0.6
0.8991008991	95.1048951	2.497502498	1.498501499
12.38761239	1.398601399	1.898101898	84.31568432
12.31231231	8.308308308	54.95495495	24.42442442
8.4	2	11.3	78.3
46.5	16.5	18.8	18.2
44.9	1.4	51.7	2
72.5	4.4	9.6	13.5
2.4	0.8	94.9	1.9
8.6	29.9	12.2	49.3
11.9	12.4	63.1	12.6
13.28671329	62.33766234	13.68631369	10.68931069
17.08291708	25.67432567	22.67732268	34.56543457
