>cisbp__M08196
83.72098372	6.976706977	9.302309302	0
93.02320698	4.651195349	0	2.325597674
58.13955814	2.325602326	6.976706977	32.55813256
34.88373488	6.976706977	0	58.13955814
9.3023	16.2791	37.2093	37.2093
11.6279	46.5116	41.8605	0
2.3256	32.5581	65.1163	0
0	100	0	0
13.9535	0	83.7209	2.3256
0	72.093	25.5814	2.3256
4.6512	81.3953	13.9535	0
76.7442	13.9535	0	9.3023
76.7442	2.3256	0	20.9302
