>cisbp__M07350
0	0	5.8824	94.1176
5.8824	0	11.7647	82.3529
41.17645882	0	52.94114706	5.882394118
94.1176	0	5.8824	0
88.23521176	5.882394118	0	5.882394118
0	0	0	100
100	0	0	0
0	11.7647	0	88.2353
0	35.2941	0	64.7059
82.3529	0	5.8824	11.7647
0	0	0	100
0	0	0	100
11.7647	5.8824	82.3529	0
23.5294	0	76.4706	0
5.882394118	5.882394118	0	88.23521176
0	0	0	100
0	0	0	100
94.1176	0	0	5.8824
41.17645882	5.882394118	47.05875294	5.882394118
100	0	0	0
58.8235	0	35.2941	5.8824
5.882394118	5.882394118	5.882394118	82.35281765
5.882394118	5.882394118	0	88.23521176
94.1176	0	5.8824	0
23.5294	0	0	76.4706
70.5882	0	5.8824	23.5294
76.4706	0	23.5294	0
70.5882	5.8824	11.7647	11.7647
100	0	0	0
100	0	0	0
