>cisbp__M01315
22.96087152	22.96087152	22.96087152	31.11738543
18.0208907	10.91779458	60.14352014	10.91779458
16.27270041	9.169604293	65.38809101	9.169604293
12.62010466	19.07583336	62.92932341	5.374738576
3.62366814	73.94953272	3.62366814	18.80313101
24.17717437	57.97044562	8.855055018	8.997324989
6.961800886	70.58229382	0.01534491058	22.44056038
92.85086916	0.01534491058	0.01534491058	7.118441024
2.054473387	72.4838359	2.054473387	23.40721733
57.70734902	14.09755033	14.09755033	14.09755033
29.79647834	15.84574062	15.84574062	38.51204042
26.64488808	19.64060633	19.64060633	34.07389925
21.39167677	28.87851371	28.33813275	21.39167677
30.20984198	23.26338601	23.26338601	23.26338601
