>cisbp__M07554
14.2857	60.7143	0	25
67.85716786	17.85711786	0	14.28571429
7.142892857	85.71421429	0	7.142892857
0	100	0	0
92.85719286	0	3.571403571	3.571403571
10.7143	89.2857	0	0
50	14.2857	0	35.7143
25.000025	67.85716786	3.571403571	3.571403571
3.5714	96.4286	0	0
3.571403571	92.85719286	3.571403571	0
96.4286	0	3.5714	0
14.2857	85.7143	0	0
57.1429	14.2857	3.5714	25
0	71.4286	0	28.5714
82.14281786	7.142892857	10.71428929	0
0	100	0	0
21.4286	78.5714	0	0
42.8571	57.1429	0	0
35.7143	25	0	39.2857
53.5714	39.2857	7.1429	0
21.4286	75	3.5714	0
