>cisbp__M06707
21.5	33	13.3333	32.1667
24.3333	39.3333	8.1667	28.1667
14	14.8333	9.1667	62
6	17.6667	38.3333	38
19.83331983	11.5000115	25.83332583	42.83334283
2.1667	21.3333	10.6667	65.8333
0	100	0	0
99.33339933	0.3333003333	0.3333003333	0
0.3333	0	98.1667	1.5
13.83331383	0.3333003333	85.83338583	0
7	2	3.3333	87.6667
23.66667633	0.6666993333	60.999939	14.66668533
36.33333633	13.83331383	24.33332433	25.5000255
32.83333283	15.5000155	11.83331183	39.83333983
32.1667	9.8333	11.8333	46.1667
24	22.3333	9.5	44.1667
