>cisbp__M07938
25.8	33.4	36	4.8
30.2	10.8	56	3
28.8	13.4	55.2	2.6
28.8	34.2	37	0
40.6	15.4	27.6	16.4
22.4	7.8	62.8	7
22.6	36.8	40.4	0.2
0.6	0	99.4	0
3.6	96.4	0	0
1.8	0	98.2	0
0.6	68.4	31	0
0	19.8	80.2	0
25.2	61.6	10.4	2.8
27.4	10.6	45.8	16.2
6.2	29.2	56.2	8.4
