>cisbp__M07340
19.2412	17.0732	14.9051	48.7805
5.149094851	8.401091599	59.89154011	26.55827344
28.4553	28.9973	30.3523	12.1951
28.7263	14.6341	17.0732	39.5664
12.4661	1.897	78.0488	7.5881
0	0.813	99.187	0
10.0271	1.355	0	88.6179
1.084	25.4743	71.2737	2.168
0	55.0136	1.897	43.0894
100	0	0	0
0	75.6098	11.3821	13.0081
14.6341	50.4065	29.2683	5.6911
20.8672	8.1301	42.5474	28.4553
30.0813	3.523	19.5122	46.8835
58.26554173	8.401091599	15.17618482	18.15718184
