>cisbp__M07547
20	60	20	0
13.33331333	73.33337333	13.33331333	0
80	0	13.3333	6.6667
6.6667	93.3333	0	0
93.3333	0	6.6667	0
0	100	0	0
13.3333	86.6667	0	0
0	100	0	0
93.3333	6.6667	0	0
0	93.3333	0	6.6667
80	0	20	0
0	100	0	0
73.3333	26.6667	0	0
0	93.3333	0	6.6667
0	93.3333	6.6667	0
66.6667	13.3333	13.3333	6.6667
0	73.33337333	13.33331333	13.33331333
73.3333	6.6667	13.3333	6.6667
20	80	0	0
26.6667	53.3333	6.6667	13.3333
6.666693333	86.66661333	0	6.666693333
40	26.6667	13.3333	20
20.00002	53.33335333	13.33331333	13.33331333
60	26.6667	13.3333	0
13.33331333	73.33337333	0	13.33331333
20	53.3333	20	6.6667
13.3333	66.6667	6.6667	13.3333
46.6667	20	0	33.3333
