>cisbp__M00280
32.33766015	22.55411328	22.55411328	22.55411328
20.19256991	20.19256991	20.19256991	39.42229026
37.00008997	27.45917079	17.77036962	17.77036962
17.3339631	57.20727939	7.98787705	17.47088046
80.18486655	2.70706994	14.40099356	2.70706994
0.0281144483	0.0281144483	0.0281144483	99.91565666
80.98647976	9.474287931	0.0281144483	9.511117859
71.09722257	9.374200495	0.0281144483	19.50046248
30.99189179	2.474001164	2.474001164	64.06010588
15.439471	4.835544535	4.835544535	74.88943993
48.49657988	7.257744828	26.384004	17.86167129
27.75605937	38.16346584	17.0402374	17.0402374
22.32104451	22.32104451	22.32104451	33.03686648
