>cisbp__M00255
31.21982524	19.71768488	19.71768488	29.34480499
43.29206825	12.48996425	31.72800325	12.48996425
5.147485032	5.147485032	5.147485032	84.5575449
82.98971763	2.466454491	2.466454491	12.07737339
0.036002693	9.793812577	9.663122802	80.50706193
80.63559154	0.036002693	9.578156446	9.750249319
9.64692159	9.479869094	0.036002693	80.83720662
48.01787174	0.036002693	0.036002693	51.91012288
55.44810752	14.92923671	5.31831781	24.30433796
22.26784563	12.54603844	12.54603844	52.64007748
29.61032485	19.88851766	30.61263983	19.88851766
22.5695482	32.29135539	22.5695482	22.5695482
