>cisbp__M00367
22.59298863	22.59298863	22.59298863	32.22103411
19.84860585	29.47665133	30.82613698	19.84860585
45.38278289	14.54656199	14.54656199	25.52409312
4.794802382	4.794802382	14.31618841	76.09420682
62.19545208	13.43313481	2.455603682	21.91580942
9.383865728	0.02707092583	10.13048186	80.45858148
0.02707092583	0.02707092583	0.02707092583	99.91878722
89.99891716	0.02707092583	9.946940985	0.02707092583
11.95546833	12.53749323	2.434082296	73.07295615
53.81733893	5.178465079	16.46677044	24.53742555
30.1053059	20.19463996	10.48050893	39.21954521
29.58906335	29.94639957	20.23226854	20.23226854
32.28559827	22.57146724	22.57146724	22.57146724
