>cisbp__M02672
4.166666667	4.166666667	8.333333333	83.33333333
12.5	12.5	16.66666667	58.33333333
4.166666667	8.333333333	37.5	50
0	37.5	12.5	50
0	54.16666667	16.66666667	29.16666667
8.333333333	45.83333333	16.66666667	29.16666667
12.5	33.33333333	8.333333333	45.83333333
4.166666667	4.166666667	4.166666667	87.5
33.33333333	20.83333333	4.166666667	41.66666667
0	25	29.16666667	45.83333333
0	70.83333333	0	29.16666667
8.333333333	0	75	16.66666667
