>cisbp__M02539
22.30080778	22.30080778	33.09757667	22.30080778
12.22872629	23.02549519	22.80434325	41.94143527
24.18361183	48.72752838	14.03907534	13.04978445
4.214051914	69.51827271	4.214051914	22.05362347
17.38793661	82.58095338	0.01555500235	0.01555500235
0.01555500235	0.01555500235	65.31977579	34.6491142
9.019394024	0.01555500235	73.57711436	17.38793661
8.552204081	9.84057843	62.36860302	19.23861446
20.6405509	65.09422212	11.55047976	2.714747226
12.78682871	12.78682871	12.78682871	61.63951388
29.33815217	20.80150309	20.80150309	29.05884166
29.05884166	20.80150309	20.80150309	29.33815217
