>cisbp__M01162
22.5519225	22.5519225	22.5519225	32.3442325
20.57200746	20.57200746	38.28397762	20.57200746
40.06708275	31.78561919	14.07364903	14.07364903
15.95712245	67.52209677	8.260390388	8.260390388
81.85233884	6.049220386	6.049220386	6.049220386
11.87121213	79.91167493	4.108556473	4.108556473
10.89118966	2.046509657	76.76760376	10.29469692
16.5561854	0.01477332653	0.01477332653	83.41426795
26.76691855	2.462850827	68.3073798	2.462850827
4.442765866	4.442765866	4.442765866	86.6717024
51.53259554	18.8884238	10.9411243	18.63785636
25.59906295	16.75438294	16.75438294	40.89217118
18.96555294	18.96555294	35.34068553	26.72820859
20.90621685	20.90621685	20.90621685	37.28134944
22.96826367	22.96826367	22.96826367	31.09520899
