>cisbp__M06699
97.1576	0	2.8424	0
0	0	1.0336	98.9664
9.3023	11.1111	12.4031	67.1835
57.8811	4.3928	7.4935	30.2326
65.1163	7.7519	13.4367	13.6951
34.10853411	7.751907752	12.14471214	45.99484599
34.1085	23.7726	18.3463	23.7726
86.04641395	2.583997416	5.943194057	5.426394574
1.0336	0	2.3256	96.6408
0	5.9432	7.2351	86.8217
44.4444	0	5.6848	49.8708
90.6977	0	9.3023	0
100	0	0	0
0	0	0	100
24.5478	10.8527	14.9871	49.6124
