>cisbp__M00851
32.38789187	22.53736938	22.53736938	22.53736938
32.38789187	22.53736938	22.53736938	22.53736938
29.00812023	30.23097492	20.38045243	20.38045243
23.82239979	25.04781234	27.30483023	23.82495765
7.29374288	7.29374288	7.29374288	78.11877136
70.84175296	19.33231937	0.01967585988	9.806251808
0.01967585988	81.52672867	0.01967585988	18.43391961
18.43391961	0.01967585988	81.52672867	0.01967585988
92.55308055	2.482306483	2.482306483	2.482306483
2.482306483	2.482306483	83.92541275	11.10997428
4.639223433	4.639223433	86.0823297	4.639223433
20.06308081	9.822386013	9.822386013	60.29214717
17.72593298	17.72593298	17.72593298	46.82220106
