>cisbp__M02652
21.42857143	35.71428571	28.57142857	14.28571429
50	0	21.42857143	28.57142857
64.28571429	7.142857143	7.142857143	21.42857143
21.42857143	42.85714286	28.57142857	7.142857143
78.57142857	0	21.42857143	0
78.57142857	0	14.28571429	7.142857143
78.57142857	0	14.28571429	7.142857143
21.42857143	21.42857143	14.28571429	42.85714286
28.57142857	7.142857143	57.14285714	7.142857143
21.42857143	28.57142857	42.85714286	7.142857143
57.14285714	35.71428571	7.142857143	0
57.14285714	7.142857143	28.57142857	7.142857143
64.28571429	0	14.28571429	21.42857143
64.28571429	35.71428571	0	0
78.57142857	0	21.42857143	0
14.28571429	50	0	35.71428571
