>cisbp__M00342
22.28689092	22.28689092	22.28689092	33.13932724
30.11495046	19.67753774	30.52997406	19.67753774
17.32181694	17.32181694	17.32181694	48.03454918
29.03471913	10.11161303	50.74205482	10.11161303
14.78081335	75.51268347	4.853251593	4.853251593
22.69464854	11.8673353	12.85674173	52.58127443
69.21337632	30.73736272	0.02463048121	0.02463048121
99.92610856	0.02463048121	0.02463048121	0.02463048121
2.737739562	2.737739562	2.737739562	91.78678131
5.347092741	5.347092741	5.347092741	83.95872178
76.89155938	7.70281354	7.70281354	7.70281354
34.2275019	14.91301746	26.01890143	24.84057921
20.17137889	20.17137889	20.17137889	39.48586334
22.60530146	22.60530146	32.18409561	22.60530146
