>cisbp__M06878
15.1667	4.8333	69.6667	10.3333
24.16667583	7.999992	20.66667933	47.16665283
19	60.5	6.6667	13.8333
9.5	37.5	1.6667	51.3333
76.8333	7.6667	5.1667	10.3333
26.8333	18.5	41.1667	13.5
63.6667	0.8333	35.1667	0.3333
1.166698833	0.1666998333	1.4999985	97.16660283
28	4	9.5	58.5
4.5	94	0.8333	0.6667
83	1.5	10	5.5
41.5	6.6667	11	40.8333
13	7.1667	5.8333	74
0.8333	8.1667	84.6667	6.3333
47.5	16.5	4.6667	31.3333
