>cisbp__M07248
15.8904	24.1096	24.3836	35.6164
23.0137	25.4795	35.6164	15.8904
20.5479	39.4521	12.0548	27.9452
23.8356	25.2055	14.2466	36.7123
16.9863	19.1781	43.5616	20.274
11.50681151	53.6986537	12.87671288	21.91782192
0.274	1.0959	0	98.6301
0	0	100	0
0	99.1781	0	0.8219
0	1.3699	0	98.6301
0.8219	0	99.1781	0
12.8767	62.7397	11.2329	13.1507
27.3973	13.1507	11.7808	47.6712
26.3013737	15.06848493	32.32876767	26.3013737
25.47947452	33.42466658	15.34248466	25.75337425
