>cisbp__M04036
5.612829324	13.17296678	78.80870561	2.405498282
4.955947137	0	9.691629956	85.35242291
6.705202312	89.13294798	4.161849711	0
94.29987608	2.726146221	2.478314746	0.4956629492
2.447980416	36.4749082	3.182374541	57.89473684
7.329317269	68.47389558	8.13253012	16.06425703
15.01472031	12.07065751	63.68989205	9.224730128
60	6.011560694	29.36416185	4.624277457
0	3.562945368	4.038004751	92.39904988
1.656050955	1.146496815	97.19745223	0
82.27848101	7.805907173	2.848101266	7.067510549
4.503582395	72.36438076	13.1013306	10.03070624
