>cisbp__M01159
22.73786081	22.73786081	22.73786081	31.78641758
30.13896523	20.270826	29.31938277	20.270826
20.270826	20.270826	20.270826	39.187522
20.270826	20.270826	20.270826	39.187522
34.70501829	6.324773888	16.19720621	42.77300161
72.53918482	10.00687576	9.004084446	8.449854977
27.90491371	62.19621622	0.01536542411	9.883504653
81.50163631	9.478913822	0.01536542411	9.004084446
11.26622364	2.277504617	65.75276724	20.7035045
14.73604976	66.311323	4.744539425	14.20808782
13.17902898	4.744539425	4.744539425	77.33189217
32.15925833	4.744539425	48.88811442	14.20808782
18.69059154	18.69059154	30.76077772	31.85803921
