>cisbp__M00889
30.47338328	19.80877689	29.90906294	19.80877689
76.47580422	7.841398595	7.841398595	7.841398595
14.66658101	5.069753917	5.069753917	75.19391116
62.53152958	12.13559242	22.70653989	2.626338105
90.30173725	9.630638977	0.0338118842	0.0338118842
9.449407278	0.0338118842	9.630638977	80.88614186
9.543066197	0.0338118842	0.0338118842	90.38931003
90.48296895	9.449407278	0.0338118842	0.0338118842
34.78439852	5.225034995	15.27629381	44.71427267
28.278992	27.56251817	17.19241329	26.96607654
19.96405797	29.73772121	30.33416285	19.96405797
32.77757866	22.40747378	22.40747378	22.40747378
