>cisbp__M09602
4.9	88.8	2.8	3.5
0.1	83.7	0.1	16.1
4	84.4	1.4	10.2
8.2	3.5	88.2	0.1
2.1	32.3	17.9	47.7
40.3	2.8	52.3	4.6
77.9	2.9	13.7	5.5
39	2.1	48.7	10.2
32.43243243	5.705705706	44.64464464	17.21721722
2.1	13.9	0.7	83.3
1.4	0.1	97.8	0.7
0.7	0.6	0.1	98.6
2.1	96.5	0.7	0.7
2.1	6.1	87.6	4.2
0.7	1.4	95.8	2.1
