>cisbp__M07096
74.7368	15.7895	4.2105	5.2632
77.89477789	3.157903158	4.210504211	14.73681474
5.263194737	88.42101158	1.052598947	5.263194737
7.3684	80	2.1053	10.5263
16.8421	4.2105	73.6842	5.2632
7.3684	20	3.1579	69.4737
96.8421	1.0526	0	2.1053
94.7368	5.2632	0	0
0	87.3684	4.2105	8.4211
8.421091579	78.94732105	0	12.63158737
0	23.1579	72.6316	4.2105
3.1579	5.2632	17.8947	73.6842
77.8947	2.1053	3.1579	16.8421
25.2632	1.0526	7.3684	66.3158
27.3684	46.3158	0	26.3158
48.4211	15.7895	1.0526	34.7368
64.2105	5.2632	0	30.5263
75.7895	18.9474	1.0526	4.2105
40	45.2632	4.2105	10.5263
29.47367053	28.42107158	35.78946421	6.315793684
