>cisbp__M07011
16.9591	33.9181	21.6374	27.4854
49.7076	13.4503	15.2047	21.6374
36.2573	16.3743	23.3918	23.9766
26.9006	39.1813	8.7719	25.1462
42.69005731	16.37428363	18.12868187	22.80697719
25.731	22.807	18.1287	33.3333
29.8246	35.0877	7.6023	27.4854
44.4444	13.4503	12.2807	29.8246
29.82457018	17.54388246	16.95908304	35.67246433
0	100	0	0
95.9064	4.0936	0	0
58.4795	35.6725	5.848	0
0	97.6608	2.3392	0
95.9064	0	0	4.0936
92.9825	7.0175	0	0
0	99.4152	0	0.5848
52.63154737	16.37428363	14.03508596	16.95908304
28.0702	21.0526	14.0351	36.8421
21.6374	29.8246	22.2222	26.3158
43.27485673	15.2046848	18.71348129	22.80697719
25.14617485	28.65497135	18.12868187	28.07017193
26.3158	38.5965	8.7719	26.3158
