>cisbp__M05847
25	25	25	25
15.2	17.5	52.5	14.8
37.66233766	27.37262737	17.18281718	17.78221778
3.3	95.7	0.7	0.3
16.6	80.4	0.7	2.3
1.498501499	21.47852148	2.397602398	74.62537463
97.7	0.8	1	0.5
5.194805195	91.60839161	1.198801199	1.998001998
1.8	2.2	0.3	95.7
78.2	3.4	17.7	0.7
22.77722278	34.26573427	7.692307692	35.26473526
8.9	11.5	67.9	11.7
13.2	47	12	27.8
