>cisbp__M06887
64.2857	0	34.8214	0.8929
6.25	22.7679	1.7857	69.1964
0	0.4464	99.5536	0
39.2857	4.9107	46.875	8.9286
8.9286	20.0893	0	70.9821
13.83928616	0	79.01782098	7.142892857
57.1429	2.2321	37.0536	3.5714
8.0357	8.4821	5.8036	77.6786
7.1429	0	89.2857	3.5714
43.75	9.375	33.4821	13.3929
14.28571429	14.73211473	0	70.98217098
1.785701786	4.910704911	91.07149107	2.232102232
60.7143	0	35.7143	3.5714
7.5893	6.25	7.5893	78.5714
6.6964	10.7143	78.5714	4.0179
