>cisbp__M01765
33.94089459	22.0197018	22.0197018	22.0197018
16.83521165	16.83521165	16.83521165	49.49436505
16.83521165	49.49436505	16.83521165	16.83521165
57.33894239	15.47314879	7.42704056	19.76086826
2.165453843	93.50363847	2.165453843	2.165453843
10.21156207	2.165453843	85.45753024	2.165453843
0.02132274008	8.067430969	0.02132274008	91.88992355
58.21921042	8.509294107	33.25017273	0.02132274008
32.79724951	52.62298421	3.001620937	11.57814535
8.186111089	8.186111089	58.33789054	25.28988728
66.86514232	16.7626355	8.186111089	8.186111089
17.59428218	25.83345975	17.59428218	38.97797589
22.8558689	22.8558689	31.43239331	22.8558689
22.8558689	22.8558689	22.8558689	31.43239331
