>cisbp__M07834
20.1017799	53.68954631	19.08398092	7.124692875
67.17553282	9.414790585	10.94148906	12.46818753
7.1247	9.6692	11.7048	71.5013
15.2672	11.7048	23.1552	49.8728
6.6158	63.1043	17.5573	12.7226
8.3969	57.7608	5.598	28.2443
26.97197303	15.26718473	9.414790585	48.34605165
30.53436947	14.24938575	34.86006514	20.35617964
30.02543003	22.13742214	23.15522316	24.68192468
22.39187761	21.62847837	42.74805725	13.23158677
14.5038	29.2621	37.1501	19.084
16.285	16.7939	54.9618	11.9593
48.85495115	19.08398092	30.53436947	1.526698473
0.5089	1.0178	0.5089	97.9644
0.2545	0	93.3842	6.3613
94.1476	0	3.0534	2.799
4.0712	47.0738	42.7481	6.1069
12.7226	6.1069	36.3868	44.7837
3.5623	46.3104	1.2723	48.855
51.3995	46.056	1.0178	1.5267
