>fantom__motif130_TTTCAAACNCCC
0.1	17.3	2.4	80.2
0.1	11.6	8.5	79.8
0.1	11.7	0.1	88.1
0.1	86.7	11.7	1.5
78.7	21.1	0.1	0.1
84	0.1	15.8	0.1
76.3	0.1	23.5	0.1
15.2	51.3	25.4	8.1
26.2	28	21.2	24.6
2.4	76.8	9.2	11.6
22	71.2	4.8	2
0.1	83.1	16.7	0.1
