>fantom__motif76_GGAGCAGCCAAT
8.9	8.3	75.9	6.9
5.8	16.5	73.8	3.9
73.4	9.3	10	7.3
8.1	4.9	82.1	4.9
9.7	76.2	9.9	4.2
75.2	6.4	7.9	10.5
3.8	7.6	82.2	6.4
10.3	77.1	8.4	4.2
8.6	74.1	10	7.3
74.9	10.7	7.7	6.7
67.3	10.7	11.9	10.1
9.4	11.8	10.8	68
