>fantom__motif151_GCCYGTGCMKCW
12.30527184	16.42673411	50.33695161	20.93104244
10.93336688	54.86013091	15.60873757	18.59776464
4.061927902	80.543948	3.809381198	11.5847429
6.727296891	34.8372727	6.442691268	51.99273914
1.547252308	2.524554588	93.38711709	2.541076015
7.469967127	4.17584838	13.59703511	74.75714938
2.143608902	2.808028664	91.32911102	3.719251416
16.18583776	76.25015695	4.430702487	3.133302811
48.78747529	41.88343554	4.01648341	5.312605753
8.45452386	5.046258389	36.47427857	50.02493918
6.889188238	81.0957757	6.833839115	5.181196943
40.07835027	5.91482554	5.853833171	48.15299102
