>fantom__motif159_ACACATACTACA
86.2	13.6	0.1	0.1
2.3	84.1	4.5	9.1
86.6	11.1	0.1	2.2
1.3	88.5	10.1	0.1
71.2	24.2	4.5	0.1
28	5.4	8.2	58.4
88.4	0.1	6.3	5.2
4.5	77.8	13	4.7
13.5	15.6	11.9	59
62.7	23.1	7.6	6.6
4.5	91.7	0.1	3.7
97.6	0.1	0.1	2.2
