>homer__WAVTCACCMTAASYDAAAAG_PSE
34.6	15.4	19.2	30.8
58.9	9	17.9	14.2
26.9	29.6	32	11.5
9	28.2	8.9	53.9
16.8	51.3	7.7	24.2
76.9	2.6	20.4	0.1
10.2	78.2	0.1	11.5
6.4	85.9	0.1	7.6
47.4	44.9	5.1	2.6
3.8	21.8	2.6	71.8
56.2	14.2	16.7	12.9
76.9	3.9	7.7	11.5
5.1	32.1	41	21.8
2.6	44.8	10.2	42.4
32	11.5	21.9	34.6
49.95004995	2.597402597	14.18581419	33.26673327
65.5	10.2	10.2	14.1
69.3	21.6	2.6	6.5
44.8	12.8	12.9	29.5
30.9	3.8	58.9	6.4
