>homer__GTCACGCTCNCTGA_PAX5
0.1	0.9	97.1	1.9
2.4	5.5	0.1	92
0.1	97.9	0.1	1.9
97.8	0.1	1.4	0.7
1.4	80.3	1	17.3
19.4	5	75.5	0.1
0.1	59	40.8	0.1
14.9	17.1	2.4	65.6
6.2	53.4	17.8	22.6
12.8	36.8	34.5	15.9
15.71571572	47.74774775	25.62562563	10.91091091
0.5	3.3	3.1	93.1
0.5	3.3	93.8	2.4
44.84484484	38.43843844	16.61661662	0.1001001001
