>homer__GGGGGAATCCCC_NFkB-p50_p52
13.8	9.1	68.2	8.9
7.292707293	3.496503497	83.91608392	5.294705295
5.8	0.1	91.8	2.3
4.2	0.1	95.6	0.1
9.9	4.4	85.6	0.1
81.8	3	15.1	0.1
68.3	5.5	16	10.2
15.5	3.4	9	72.1
0.1	80.3	9.3	10.3
2.102102102	95.6956957	0.1001001001	2.102102102
0.1	96.2	0.1	3.6
5.4	90.2	3.3	1.1
