>homer__RHHCAGAGAGGB_ZNF768
35.53553554	14.31431431	46.54654655	3.603603604
35.9	32.2	7.1	24.8
35.6	25.1	7.2	32.1
0.1	92.9	3.5	3.5
96.3	0.1	0.1	3.5
0.1	3.6	96.2	0.1
71.3	14.3	14.3	0.1
21.4	10.6	60.9	7.1
75	3.5	10.7	10.8
10.7	10.7	64.4	14.2
10.9	17.8	53.5	17.8
14.2	21.3	36	28.5
