>homer__YATGCATATRCATRT_OCT_OCT
10.2	44.7	2.3	42.8
88.2	1.3	5.1	5.4
0.2	4.9	0.1	94.8
38	0.7	58.3	3
15.1	53.1	0.5	31.3
93	0.3	5.9	0.8
3.6	11.4	0.1	84.9
82.4	0.1	13.1	4.4
2.4	6.3	0.3	91
36.7	0.5	46.8	16
3.3	57.2	1.1	38.4
91.9	0.1	6.7	1.3
4.4	8.5	0.5	86.6
50.4	3.5	36.9	9.2
22.72272272	25.12512513	2.202202202	49.94994995
