>homer__AGATSTNDNNDSAGATAASN_GATA3
77.8	0.1	0.1	22
0.1	0.1	99.7	0.1
99.7	0.1	0.1	0.1
0.1	0.1	0.1	99.7
0.1	34.7	41.9	23.3
18.58141858	10.78921079	26.87312687	43.75624376
24	30.5	24.5	21
34.2	12.6	25.7	27.5
33.6	20.3	27	19.1
31.1	31.2	17.9	19.8
31.2	12.5	28.7	27.6
5.4	50.2	42	2.4
68.3	0.1	0.1	31.5
0.1	0.1	99.7	0.1
99.7	0.1	0.1	0.1
0.1	0.1	0.1	99.7
68.9	0.1	7.7	23.3
49.84984985	2.402402402	33.43343343	14.31431431
17.4	29.9	34.1	18.6
33.03303303	22.12212212	20.92092092	23.92392392
