>homer__NHRTCACGACDN_Npas4
26.9	22.6	29.3	21.2
35.9	24.6	13.9	25.6
31.9	14.8	41.9	11.4
18.3	2.9	27	51.8
5.7	89.3	4.3	0.7
97.8	1.4	0.1	0.7
0.7	92.2	2.8	4.3
2.8	4.3	90.1	2.8
74.4	12.3	8.3	5
22.4	45	13.5	19.1
22.07792208	14.98501499	26.77322677	36.16383616
20.5	32.4	18.1	29
