>homer__CCTTTTATAGCC_TATA-Box
2.5	60.6	28.3	8.6
0.6	85	0.4	14
9.1	12.5	0.1	78.3
0.1	4.8	0.1	95
29.7	0.1	0.1	70.1
23.4	0.1	0.1	76.4
96.4	3.4	0.1	0.1
35.1	0.1	17.2	47.6
70.47047047	0.9009009009	28.52852853	0.1001001001
4.2	20	71.6	4.2
17.81781782	35.53553554	32.83283283	13.81381381
11.7	51	30.4	6.9
