>idmmpmm__bab1
70.37037037	16.66666667	9.259259259	3.703703704
4.62962963	10.18518519	2.777777778	82.40740741
48.14814815	11.11111111	18.51851852	22.22222222
11.11111111	5.555555556	10.18518519	73.14814815
60.18518519	0	1.851851852	37.96296296
19.44444444	3.703703704	0	76.85185185
87.03703704	1.851851852	0	11.11111111
0	0	5.555555556	94.44444444
39.81481481	5.555555556	1.851851852	52.77777778
68.51851852	0	20.37037037	11.11111111
1.851851852	5.555555556	0	92.59259259
49.07407407	3.703703704	0	47.22222222
50.46296296	2.314814815	29.16666667	18.05555556
14.81481481	2.777777778	10.18518519	72.22222222
