>idmmpmm__fkh
8.333333333	72.22222222	6.944444444	12.5
11.45833333	4.513888889	4.513888889	79.51388889
7.291666667	1.736111111	3.125	87.84722222
23.26388889	5.208333333	17.70833333	53.81944444
12.15277778	7.986111111	12.15277778	67.70833333
11.80555556	3.472222222	78.47222222	6.25
4.166666667	25	1.388888889	69.44444444
91.66666667	2.777777778	1.388888889	4.166666667
93.05555556	2.777777778	1.388888889	2.777777778
91.66666667	4.166666667	2.777777778	1.388888889
2.430555556	35.76388889	1.041666667	60.76388889
94.09722222	1.041666667	1.041666667	3.819444444
