>idmmpmm__Mad
9.131578947	6.763157895	52.92105263	31.18421053
0	77.34210526	0	22.65789474
11.26315789	36.28947368	14.52631579	37.92105263
19.15789474	0	80.84210526	0
12.39473684	54.18421053	29.28947368	4.131578947
19.52631579	52.81578947	0	27.65789474
0	0	86.10526316	13.89473684
8.263157895	6	44.42105263	41.31578947
1	92.36842105	0	6.631578947
10.89473684	0	70.57894737	18.52631579
14.39473684	73.97368421	11.63157895	0
11.76315789	34.15789474	44.94736842	9.131578947
13.89473684	25.28947368	36.65789474	24.15789474
4.131578947	75.34210526	14.76315789	5.763157895
