>idmmpmm__shn
82.75	6.5	5.5	5.25
48.5	40.75	6.25	4.5
5.25	50.5	44	0.25
12	83.75	4	0.25
86.5	4	9	0.5
55.75	0.25	40.75	3.25
10.25	0.25	52.5	37
51	41.25	7.75	0
58.75	8.25	2	31
94.25	1.5	3.5	0.75
98	1.75	0	0.25
23.5	1.75	4.5	70.25
12	77.75	8	2.25
84	10.75	3.75	1.5
