>idmmpmm__slp1
7.698412698	19.92063492	53.71428571	18.66666667
8.634920635	15.26984127	59.36507937	16.73015873
14.51587302	11.96031746	6.166666667	67.35714286
9.96031746	3.246031746	55.76984127	31.02380952
0.8650793651	0.8650793651	0.1984126984	98.07142857
6.246031746	0.5317460317	88.69047619	4.531746032
0.3968253968	0.7301587302	1.857142857	97.01587302
0.1984126984	0.5317460317	2.452380952	96.81746032
0.1984126984	0.5317460317	43.78571429	55.48412698
75.29365079	0.1984126984	6.03968254	18.46825397
1.992063492	77.57936508	5.5	14.92857143
72.61111111	9.420634921	15.30952381	2.658730159
11.70634921	16.18253968	3.579365079	68.53174603
