>idmmpmm__gt
71.83333333	1.761904762	25.26190476	1.142857143
29.16666667	1.80952381	0.4761904762	68.54761905
19.33333333	4.976190476	16.33333333	59.35714286
81.28571429	8.30952381	8.928571429	1.476190476
13.57142857	61.88095238	3.857142857	20.69047619
19.21428571	7.071428571	73.47619048	0.2380952381
7.142857143	38.52380952	0.2380952381	54.0952381
97.42857143	1.285714286	0	1.285714286
94.5	4.833333333	0.6666666667	0
28.30952381	25.54761905	9.023809524	37.11904762
87.23809524	9.238095238	1.761904762	1.761904762
58.92857143	17.0952381	7.714285714	16.26190476
