>idmmpmm__prd
24.43953044	39.4004914	9.393393393	26.76658477
31.81190281	54.64155064	7.816816817	5.72972973
51.71307671	22.63718264	18.81763582	6.832104832
45.6014196	17.48703249	15.6044226	21.30712531
10.76303576	9.763035763	14.68222768	64.79170079
17.94103194	29.16598417	8.751023751	44.14196014
27.10592411	32.38820639	7.387387387	33.11848212
1.684684685	3.264264264	65.95659296	29.09445809
24.5023205	10.93720994	3.573573574	60.98689599
23.61397761	71.57220857	0.4504504505	4.363363363
86.2003822	11.77559378	0.4504504505	1.573573574
1.006006006	82.54572755	0.8948948949	15.55337155
15.12093912	0.7837837838	83.64482664	0.4504504505
0.4504504505	64.45836746	34.52962053	0.5615615616
