>kznf__ZNF141_Imbeault2017_RP_RCADE
26.1315	23.3297	35.8297	14.7091
22.0366	21.6056	41.0022	15.3556
22.2522	21.8211	40.5711	15.3556
37.9849	23.7608	22.6832	15.5711
24.19182419	30.65733066	29.57972958	15.57111557
19.2349	37.5539	27.4246	15.7866
28.0711	37.7694	19.4504	14.7091
16.6487	32.3815	33.028	17.9418
22.03661322	3.286641972	63.20043792	11.47630689
14.0625	14.0625	61.0453	10.8297
12.1228	10.1832	33.4591	44.2349
6.95043278	8.890093556	79.57973183	4.579741832
23.1142	8.24353	64.9246	3.71767
5.226289634	0.2693969811	91.4331936	3.071119785
36.47630109	0.2693970081	50.48490151	12.76940038
0.2693969327	0.7004308249	98.76077531	0.2693969327
0.7004308039	72.89867959	0.2693969246	26.13149268
0.2693971196	0.05387932392	99.62284423	0.05387932392
0.7004308529	8.890088133	29.14869388	61.26078714
0.2693970908	95.74353227	3.933191325	0.05387931816
9.536640134	90.35560126	0.05387930075	0.05387930075
18.80388898	81.08835248	0.05387926843	0.05387926843
0.05387931692	95.74353006	0.05387931692	4.148711303
9.105598179	76.13148477	4.364219127	10.39869792
