>kznf__ZNF605_Imbeault2017_OM_RCADE
5.291414233	20.01531601	4.677913742	70.01535601
4.371172623	49.76992986	2.530671518	43.328226
16.33439673	2.837419433	16.64109667	64.18708716
0.07668710445	0.07668710445	4.064420236	95.78220556
2.837418777	0.07668706695	96.70245832	0.3834358347
3.757669098	0.6901838344	92.40797782	3.144169245
0.6901842485	17.86810643	1.91718069	79.52452863
3.144167799	24.61658277	10.19939286	62.03985657
0.9969331984	6.211661236	0.07668711526	92.71471845
0.07668706848	95.47546076	0.6901837163	3.757668456
0.07668712968	0.07668712968	0.07668712968	99.76993861
97.92944789	0.0766871375	1.303680637	0.6901843375
85.0460085	5.291410529	1.917180192	7.745400775
63.26684306	8.972381925	10.81289027	16.94788475
20.9356	12.6534	6.5184	59.8926
62.6533812	28.60429142	3.450918965	5.291408413
0.6901839034	86.57978788	1.610429775	11.11959844
16.33439281	76.76376622	0.6901836963	6.211657267
