>kznf__ZNF324B_Imbeault2017_RP_RCADE
19.69389015	46.63267668	3.367348316	30.30608485
31.53057793	17.65308764	4.183667071	46.63266736
29.89799103	23.77549287	1.326529602	44.9999865
24.18369274	1.326529602	49.08158528	25.40819238
0.1020410143	0.5102040714	99.2857139	0.1020410143
14.38779281	31.53058423	50.71427464	3.367348316
61.73468704	35.20409261	0.1020409786	2.959179379
38.06118439	0.1020409582	49.89797954	11.93879511
2.1428591	0.1020409571	97.65305899	0.1020409571
4.591843214	71.12244979	22.55101579	1.734691214
42.14286207	20.91838117	6.224484398	30.71427236
45.81633161	0.1020410704	52.34693612	1.734691197
78.46936547	0.5102037755	4.59183798	16.42859277
5.40815973	0.1020409949	93.9795953	0.5102039745
1.326529721	6.632648607	91.93878069	0.1020409786
