>kznf__ZNF71_Schmitges2016_RCADE
11.43868856	30.30656969	16.15568384	42.0990579
43.0425	6.25	44.4575	6.25
14.26889857	7.665089233	76.53299235	1.533019847
14.7406	37.8538	20.8726	26.533
43.98583959	4.363213927	45.40094086	6.250005625
17.09909658	10.4952979	69.92918601	2.476419505
7.66509	65.2123	22.7594	4.36321
17.09908461	62.85374343	11.43868971	8.608482252
64.74053526	12.38208762	17.57078243	5.306594693
48.7028	6.25	32.1934	12.8538
40.21225577	2.948106757	43.51415213	13.32548534
9.080189092	1.533019847	82.66509173	6.721699328
18.9858	43.5142	25.1179	12.3821
49.64622482	0.117925059	50.11792506	0.117925059
92.57076019	3.419808529	3.419808529	0.5896227465
64.26887879	2.948109027	32.19338938	0.5896228054
41.62738127	0.1179249469	57.19337426	1.061319522
92.57075742	0.5896227288	6.249997125	0.5896227288
30.77829384	3.891509222	62.38208752	2.94810941
24.64621479	1.53302092	71.81604309	2.004721203
6.249997188	1.53301931	92.09905856	0.1179249469
60.96693903	18.04248196	13.7971862	7.193392807
87.38208252	2.94810941	8.136788373	1.533019693
68.98586899	8.608498608	18.98581899	3.41981342
