>kznf__ZNF33B_Imbeault2017_OM_RCADE
68.25	10.25	6.25	15.25
46.25	19.25	5.25	29.25
12.25	43.25	2.25	42.25
31.25	47.25	3.25	18.25
89.25	5.25	4.25	1.25
80.25	1.25	11.25	7.25
9.25	9.25	16.25	65.25
14.25	22.25	2.25	61.25
2.25	77.25	6.25	14.25
2.25	88.25	0.25	9.25
0.25	90.25	0.25	9.25
2.25	0.25	0.25	97.25
20.25	29.25	45.25	5.25
12.25	22.25	2.25	63.25
71.25	6.25	21.25	1.25
9.25	8.25	2.25	80.25
2.25	0.25	5.25	92.25
55.25	23.25	17.25	4.25
91.25	0.25	8.25	0.25
98.25	0.25	1.25	0.25
13.25	2.25	7.25	77.25
