>kznf__ZNF302_Imbeault2017_RP_RCADE
86.22448189	0.1020409786	10.71429775	2.959179379
2.142860686	0.9183672939	96.83673099	0.1020410327
0.1020410296	16.83670488	1.326530385	81.7347237
0.1020410184	15.20410274	0.1020410184	84.59181523
0.1020409276	16.42858834	82.14284168	1.326529058
79.28569366	0.5102039592	0.5102039592	19.69389842
4.591837796	0.5102037551	94.38775469	0.5102037551
0.102040998	2.551019949	0.102040998	97.24489806
16.02039503	0.1020409684	82.14287454	1.734689462
79.69390239	18.06120054	0.9183670276	1.32653004
0.5102042806	74.79594114	0.1020410561	24.59181353
5.000001	1.326530265	6.632651327	87.04081741
0.5102039592	11.93879904	87.04079304	0.5102039592
0.510204148	55.20411601	0.9183672663	43.36731258
30.71429079	1.326529602	48.26528552	19.69389409
0.9183674867	27.85711476	68.26533618	2.959181568
1.326529469	7.44897702	1.326529469	89.89796404
2.959180296	2.959180296	1.326530133	92.75510928
