>kznf__ZNF284_Imbeault2017_RP_RCADE
4.484030448	2.272730227	91.70760917	1.535630154
2.027030203	93.18180932	1.535630154	3.255530326
1.53563029	0.5528261045	0.06142511161	97.85011849
5.221130522	1.289930129	89.74200897	3.746930375
4.238330424	2.764130276	91.70760917	1.289930129
96.13021442	0.3071250461	1.781330267	1.781330267
4.484030807	0.7985261437	93.91891691	0.7985261437
2.027030284	3.746930525	0.7985261118	93.42751308
3.501230525	3.255530488	92.93611394	0.3071250461
0.06142511161	97.85011849	0.5528261045	1.53563029
94.41031322	0.5528260774	3.992630559	1.044230146
6.941031249	0.7985261437	91.70761651	0.5528260995
