>kznf__ZNF419_Imbeault2017_RP_RCADE
43.5451	17.7254	32.4795	6.25
32.8893296	45.18444067	7.479516732	14.446713
12.3975124	52.97135297	1.741801742	32.88933289
25.1024749	30.43026957	10.34838965	34.11886588
5.84015889	73.87298596	0.1024589805	20.18439616
73.87294755	0.9221303453	7.889334399	17.31558771
2.561480026	5.840160058	91.49590091	0.102459001
21.41389786	69.36479306	3.381149662	5.840159416
0.5122949744	80.020496	9.528689524	9.938519503
14.03690281	43.13520863	2.561480512	40.26640805
5.430333801	30.4303213	17.72541241	46.41393249
38.21722293	38.62702318	21.0041126	2.151641291
28.79100288	34.52870345	27.15160272	9.528690953
61.16802447	11.16800447	21.82380873	5.840162336
32.47948701	49.28278029	10.34839586	7.889336844
23.4631	15.2664	27.9713	33.2992
1.7418	41.0861	10.7582	46.4139
23.87300119	17.72540089	0.5122950256	57.88930289
3.79098	59.9385	32.0697	4.20082
3.790978522	80.02046879	0.10245896	16.08609373
3.790980948	50.51231263	0.5122951281	45.1844113
46.82378127	6.659837336	33.70898652	12.80739488
3.790983412	5.430334887	78.38117054	12.39751116
21.0040874	5.840156496	62.80736232	10.34839379
45.18444518	15.67621568	14.44671445	24.69262469
47.23358111	23.87299045	6.659837336	22.23359111
7.889336844	24.69259012	11.57789537	55.84017766
