>kznf__ZNF285_Imbeault2017_OM_MEME
78.5714	4.7619	16.6667	0
1.1905	0	0	98.8095
0	0	0	100
0	0	1.1905	98.8095
98.8095	0	1.1905	0
0	94.0476	0	5.9524
98.8095	0	1.1905	0
0	100	0	0
1.1905	90.4762	0	8.3333
95.23800476	2.380997619	2.380997619	0
3.5714	54.7619	11.9048	29.7619
46.4286	0	50	3.5714
1.1905	0	98.8095	0
55.9524	8.3333	28.5714	7.1429
82.1429	13.0952	4.7619	0
100	0	0	0
0	2.380997619	5.952394048	91.66660833
4.7619	10.7143	20.2381	64.2857
3.5714	0	96.4286	0
0	0	100	0
0	95.2381	1.1905	3.5714
