>kznf__ZNF25_Imbeault2017_OM_MEME
26.92307308	11.53848846	61.53843846	0
0	0	15.3846	84.6154
3.846196154	80.76911923	3.846196154	11.53848846
7.6923	0	92.3077	0
0	100	0	0
3.846196154	80.76911923	11.53848846	3.846196154
0	11.5385	88.4615	0
0	19.2308	0	80.7692
0	65.3846	0	34.6154
0	3.8462	96.1538	0
65.3846	7.6923	26.9231	0
0	0	100	0
11.5385	38.4615	46.1538	3.8462
0	88.4615	0	11.5385
26.9231	7.6923	19.2308	46.1538
