>kznf__ZNF260_Schmitges2016_RCADE
0.09615383712	0.09615383712	99.71153849	0.09615383712
4.711537757	0.09615375423	95.09615473	0.09615375423
94.71153523	0.4807691788	4.711541753	0.09615383577
54.32691087	3.173080635	41.25000825	1.25000025
29.7115	6.25	38.9423	25.0962
58.94226829	10.09619457	30.86538339	0.09615374827
17.7885	25.8654	43.9423	12.4038
25.86539741	8.942309106	29.71149703	35.48079645
68.55766312	12.78849312	18.55769002	0.09615374827
17.0192	19.3269	32.7885	30.8654
37.78850378	12.40380124	46.25000463	3.557690356
19.71150394	38.55770771	35.86540717	5.865381173
46.24998613	7.019227894	26.63459201	20.09619397
29.71151076	3.942311427	66.25002398	0.09615383481
21.24998725	53.1730681	17.78848933	7.788455327
