>kznf__ZNF197_Imbeault2017_RP_RCADE
73.67885137	0.1016259329	24.89838357	1.321139128
68.80083302	0.1016260488	30.99591488	0.1016260488
61.48372951	0.1016260488	38.31301839	0.1016260488
0.1016260142	0.914634128	98.88211384	0.1016260142
41.15851235	4.16667125	13.10980393	41.56501247
6.199190868	89.12601248	4.57317064	0.1016260142
95.22358096	3.760159248	0.9146338171	0.1016259797
65.95526307	0.5081297154	33.43498128	0.1016259431
35.06097546	7.418694807	53.35366265	4.166667083
55.7927	11.4837	25.3049	7.4187
49.69508012	13.92279443	34.65448614	1.727639309
23.27238138	46.84956252	24.49188041	5.386175691
54.97968351	24.08539277	20.42679387	0.5081298476
37.90649014	17.58129543	44.41058845	0.1016259736
34.2479911	10.26419733	55.3861856	0.1016259736
