>kznf__ZNF442_Imbeault2017_OM_MEME
97.1429	0	2.8571	0
17.14288286	77.14282286	0	5.714294286
14.2857	2.8571	5.7143	77.1429
2.857102857	88.57148857	5.714305714	2.857102857
5.7143	5.7143	0	88.5714
0	0	0	100
0	0	0	100
0	100	0	0
2.857102857	8.571408571	0	88.57148857
0	71.4286	0	28.5714
0	2.8571	0	97.1429
31.4286	2.8571	65.7143	0
0	94.2857	0	5.7143
2.857102857	2.857102857	0	94.28579429
2.8571	0	97.1429	0
0	94.2857	0	5.7143
100	0	0	0
91.4286	0	8.5714	0
2.8571	60	0	37.1429
80	0	2.8571	17.1429
0	94.2857	0	5.7143
2.857102857	82.85718286	0	14.28571429
8.5714	5.7143	11.4286	74.2857
0	20	71.4286	8.5714
0	74.28577429	2.857102857	22.85712286
11.4286	2.8571	14.2857	71.4286
11.4286	0	65.7143	22.8571
0	14.2857	0	85.7143
0	37.1429	0	62.8571
