>kznf__ZNF334_Imbeault2017_RP_RCADE
0.1344089758	29.16669475	0.1344089758	70.5644873
0.1344090524	99.05913863	0.1344090524	0.6720432621
1.209679879	93.68279063	1.209679879	3.89784961
8.198916884	0.1344089489	91.53226522	0.1344089489
0.1344089301	0.6720426505	70.02686359	29.16668483
0.1344089758	29.16669475	70.5644873	0.1344089758
71.10217938	25.40319263	0.134408961	3.360219026
3.360218723	0.1344089489	96.37096338	0.1344089489
0.1344089637	0.1344089637	99.59677311	0.1344089637
0.1344089637	0.1344089637	99.59677311	0.1344089637
98.52150197	0.1344090027	0.1344090027	1.209680024
1.209680024	0.1344090027	98.52150197	0.1344090027
2.284949954	0.1344089973	96.90859806	0.6720429866
0.1344090524	0.6720432621	0.1344090524	99.05913863
0.6720427849	0.134408957	94.75806968	4.435478581
29.16669475	0.1344089758	70.5644873	0.1344089758
0.1344090524	0.1344090524	99.05913863	0.6720432621
0.1344089637	0.1344089637	99.59677311	0.1344089637
