>kznf__ZNF433_Imbeault2017_RP_RCADE
42.92858283	11.78569529	36.92858523	8.357136657
24.92859003	2.357139057	30.64288774	42.07138317
1.785709829	0.9285709109	97.21429067	0.07142859314
99.21428591	0.6428569087	0.07142858986	0.07142858986
0.07142863057	98.3571421	1.500000642	0.07142863057
3.785712324	40.35712478	0.07142864386	55.78573425
22.35712012	9.785718807	57.78575201	10.07140906
17.5	49.7857	11.2143	21.5
50.35713021	6.357143814	13.78570827	29.5000177
18.64289198	0.3571428464	71.49996926	9.499995915
10.6429	10.3571	12.3571	66.6429
50.6429	3.5	44.3571	1.5
38.07140434	0.07142860814	57.21430652	4.642860529
4.357139495	0.07142859171	0.3571429586	95.21428896
81.21428619	8.642858531	9.499998385	0.6428568907
94.642854	2.642858716	0.07142856529	2.642858716
0.07142863057	73.50003146	0.07142863057	26.35711128
0.9285716686	46.07143317	0.6428574629	52.3571377
