>kznf__ZNF502_Schmitges2016_RCADE
39.0845	15.1408	20.3052	25.4695
18.89670378	1.056340211	78.9906158	1.056340211
2.464790468	0.1173710223	90.25821715	7.15962136
79.46011589	3.873240775	12.79340256	3.873240775
0.1173709988	87.91079912	2.464789975	9.507039905
6.690142676	47.53521901	4.342721737	41.43191657
35.32863886	8.098598908	35.79813938	20.77462285
5.751171725	20.77460623	47.06571412	26.40850792
13.26289814	0.5868539178	3.403759523	82.74648842
1.995308962	0.117370939	97.76994916	0.117370939
0.5868540939	93.07511489	1.056340169	5.281690845
97.76994916	0.117370939	0.117370939	1.995308962
5.281689208	0.586853912	94.0140859	0.1173709824
10.44599896	11.85449881	7.629109237	70.07039299
82.74648345	6.690138662	9.507038099	1.056339789
5.281688944	8.09858838	77.11268458	9.507038099
7.159619284	64.90609351	8.09858919	19.83569802
29.69480861	43.30991256	0.117371034	26.87790779
44.24883982	24.06102165	4.812214331	26.87792419
31.5728	21.7136	28.7559	17.9577
17.95771796	24.53052453	21.24412124	36.26763627
21.7136	26.4085	27.3474	24.5305
21.24412124	18.42721843	41.9014419	18.42721843
20.77462077	25.000025	35.32863533	18.8967189
20.30517969	25.93897406	31.1032689	22.65257735
32.5117	29.2254	23.1221	15.1408
34.3897	24.5305	19.8357	21.2441
