>kznf__ZNF548_Imbeault2017_OM_RCADE
1.906779809	74.78809252	16.31359837	6.991529301
0.2118640169	99.36440795	0.2118640169	0.2118640169
7.838976864	7.838976864	7.838976864	76.48306941
2.754241102	15.46610619	80.72033229	1.059320424
0.2118640169	99.36440795	0.2118640169	0.2118640169
33.2627	29.0254	11.2288	26.4831
15.46610247	1.059320169	83.26271332	0.2118640339
20.5508074	51.05931838	28.17801014	0.2118640763
8.686439653	78.17799687	0.2118639915	12.92369948
45.9746	15.4661	29.0254	9.5339
0.2118640339	86.65251386	12.07630193	1.059320169
6.991526504	72.24576388	1.05931947	19.70339015
3.60169036	31.56780316	28.17800282	36.65250367
4.449152225	29.87291494	20.55081028	45.12712256
4.449147775	23.09318845	62.07626896	10.38139481
30.7203	27.3305	31.5678	10.3814
9.53390286	49.36441481	6.144071843	34.95761049
7.838981568	63.77121275	11.22880225	17.16100343
4.449147775	34.95758252	16.31359184	44.27967786
1.906780381	27.33050547	25.63560513	45.12710903
0.2118640127	18.85590113	73.94070444	6.991530419
