>kznf__ZNF124_Imbeault2017_RP_RCADE
91.6313606	0.1059319544	7.733046675	0.5296607722
97.56355805	0.5296607722	1.800849226	0.1059319544
7.30931905	0.5296609311	92.05508803	0.1059319862
97.98728726	0.5296609311	1.377119821	0.1059319862
97.56355902	0.9533895996	0.1059319555	1.377119422
0.9533904386	0.1059320487	98.83474546	0.1059320487
2.224579288	1.377119559	96.29236919	0.1059319661
1.377120399	97.13982817	0.5296611536	0.9533902765
0.5296612436	0.5296612436	0.1059320487	98.83474546
0.5296612436	0.1059320487	0.5296612436	98.83474546
0.1059319735	0.5296608676	0.1059319735	99.25847519
95.86863835	2.22458089	0.9533903814	0.9533903814
73.411	2.22458	4.34322	20.0212
0.5296609311	4.343219435	0.1059319862	95.02118765
4.76694857	60.69918179	2.224579333	32.30929031
29.76691072	0.1059320381	70.02122521	0.1059320381
0.1059320042	0.1059320042	99.68220399	0.1059320042
0.1059320403	2.648311006	95.86863643	1.377120523
