>kznf__ZNF615_Imbeault2017_OM_RCADE
66.4061668	0.7812496094	22.65628867	10.15629492
19.5313	0.78125	78.9062	0.78125
10.15629492	13.28119336	0.7812496094	75.78126211
97.65624883	0.7812503906	0.7812503906	0.7812503906
19.5313	78.9062	0.78125	0.78125
82.03125898	7.031246484	3.906248047	7.031246484
7.031246484	0.7812496094	91.4062543	0.7812496094
0.7812503906	3.906251953	0.7812503906	94.53124727
3.90625	3.90625	50.7813	41.4062
0.78125	78.9062	19.5313	0.78125
0.7812503906	7.031253516	0.7812503906	91.4062457
0.7812503906	0.7812503906	7.031253516	91.4062457
