>kznf__ZNF383_Imbeault2017_RP_RCADE
7.935152841	4.180891497	87.79863143	0.08532423055
74.14678665	3.156999432	21.92829605	0.7679178618
12.71329819	0.08532418788	83.70308811	3.498289503
4.180891254	64.59041938	26.36520791	4.863481459
36.60407072	40.35836771	18.51538519	4.522176382
64.24910642	14.07850141	17.83280178	3.839590384
17.15018799	52.64506315	24.31738298	5.887365879
63.56654915	6.911254471	28.41297727	1.109219113
77.9010148	6.911261313	14.7611028	0.4266210811
6.569971971	17.49150525	64.59041938	11.3481034
47.86692393	10.66550533	33.53241677	7.935153968
7.593863038	13.73720549	34.21501369	44.45391778
16.80889328	3.839588464	71.41637143	7.935146826
0.4266209531	5.54607939	91.89418989	2.133109765
62.88399371	21.24569788	14.07849859	1.791809821
74.82933415	6.228664519	18.17408401	0.7679173242
21.58701114	0.08532424403	78.24234037	0.08532424403
1.791809086	0.4266207824	96.6723507	1.109219434
54.35150544	12.71330127	28.75430288	4.180890418
25.68259743	2.133109787	69.36859306	2.815699718
3.156996843	61.86003814	18.85668114	16.12628387
15.44369073	73.80545572	7.593855444	3.156998106
13.7372	15.1024	15.4437	55.7167
3.498289615	2.81569969	93.25938974	0.4266209531
2.133109484	3.839589071	93.94197727	0.08532417935
4.522181357	5.546081664	88.48122654	1.450510435
8.959036416	38.65188454	11.34809546	41.04098358
