>kznf__ZNF140_Schmitges2016_RCADE
20.01402001	20.57582058	46.98034698	12.42981243
24.50837549	18.04778195	41.92415808	15.51968448
20.57582058	21.41852142	38.83433883	19.17131917
21.41852142	26.19382619	29.84552985	22.54212254
28.44102844	24.22752423	22.26122226	25.07022507
23.38482338	23.1039231	27.87922788	25.63202563
21.98032198	23.38482338	31.25003125	23.38482338
21.6993783	17.20508279	43.04775695	18.04778195
22.5421	15.2388	41.9242	20.2949
22.2612	20.5758	42.486	14.677
30.9691	21.1376	29.5646	18.3287
26.19382619	21.98032198	31.53093153	20.29492029
20.85671877	3.72191335	43.8904395	31.53092838
13.27249344	0.07022466531	86.58705723	0.07022466531
73.38484058	0.07022473883	24.78931371	1.755620971
1.193819761	8.216288357	86.02528279	4.564609087
3.721909628	77.87919221	5.126399487	13.27249867
27.59829318	0.07022468265	57.93538569	14.39609644
0.6320222737	0.07022473041	96.69944187	2.598311125
99.78932585	0.07022471819	0.07022471819	0.07022471819
90.80056758	0.9129206741	8.216287067	0.07022467493
0.9129208083	14.39609698	6.249998688	78.44098353
10.46349895	2.59830974	12.9915987	73.94659261
5.126398411	0.912920717	89.95787211	4.002808759
