>kznf__ZNF555_Imbeault2017_OM_MEME
0	92.8571	0	7.1429
85.7143	14.2857	0	0
0	85.7143	14.2857	0
92.8571	0	0	7.1429
14.2857	71.4286	14.2857	0
0	50	0	50
14.2857	57.1429	28.5714	0
14.2857	0	7.1429	78.5714
0	64.2857	35.7143	0
92.8571	0	7.1429	0
0	50	50	0
0	100	0	0
64.2857	0	0	35.7143
14.2857	0	35.7143	50
42.8571	42.8571	7.1429	7.1429
42.85714286	14.28571429	14.28571429	28.57142857
0	7.1429	92.8571	0
85.71421429	7.142892857	0	7.142892857
0	0	100	0
42.8571	50	7.1429	0
7.1429	42.8571	0	50
0	7.1429	92.8571	0
28.5714	7.1429	50	14.2857
7.142892857	71.42852857	7.142892857	14.28568571
35.7143	0	64.2857	0
0	85.7143	14.2857	0
0	78.5714	21.4286	0
0	78.5714	14.2857	7.1429
7.1429	0	92.8571	0
7.1429	92.8571	0	0
