>kznf__ZNF181_Imbeault2017_RP_RCADE
38.58170772	39.06250781	17.42790349	4.927880986
10.69710086	44.83170359	0.1201920096	44.35100355
11.65868927	45.79325787	0.1201918894	42.42786097
1.562498438	39.54326046	14.54328546	44.35095565
15.023997	44.35099113	36.17789276	4.447119111
50.12022005	3.004811202	5.408652163	41.46631659
4.447117687	0.6009616875	92.90865169	2.043268938
1.081730757	37.139426	51.08173576	10.69710749
16.46631976	10.21631226	4.927885913	68.38948207
26.08171565	10.69710642	2.524041514	60.69713642
1.081729675	38.10098857	45.79328626	15.02399549
0.6009617476	11.6586951	4.92787793	82.81246522
42.90865709	18.87018113	12.62018738	25.6009744
20.31249553	1.081729762	78.48558273	0.1201919736
3.966348334	0.1201919495	94.35096037	1.562499344
56.85098294	1.562499531	40.50478785	1.081729675
51.08169489	44.35099556	2.043269796	2.524039748
3.00480994	0.1201919976	42.90869914	53.96629892
3.485580976	1.562500438	94.83172655	0.1201920337
38.58169228	49.15869017	2.524039495	9.735578053
11.658693	6.850955889	36.658678	44.8316731
6.370184776	0.1201919014	81.85093288	11.65869044
41.9471	16.9471	1.5625	39.5433
3.485580697	33.77400675	45.79330916	16.94710339
