>kznf__ZFP1_Isakova2017.1_SMiLE-seq
15.5556	75.5556	4.4444	4.4444
8.888891111	75.55552444	0	15.55558444
51.11104889	6.666693333	6.666693333	35.55556444
31.1111	6.6667	60	2.2222
0	100	0	0
40	26.6667	2.2222	31.1111
31.1111	68.8889	0	0
86.6667	6.6667	2.2222	4.4444
97.7778	2.2222	0	0
2.222202222	91.11119111	2.222202222	4.444404444
17.7778	13.3333	0	68.8889
84.44448444	4.444404444	6.666706667	4.444404444
40	8.8889	11.1111	40
6.666693333	86.66661333	0	6.666693333
17.7778	71.1111	0	11.1111
