>kznf__ZNF267_Imbeault2017_RP_RCADE
14.88098512	28.21427179	28.21427179	28.69047131
17.2618931	47.7380809	29.64288814	5.357137857
14.40479568	62.97618111	21.54759354	1.071429679
8.690481738	32.0238064	11.07140221	48.21430964
21.0714	15.8333	48.2143	14.881
32.97618021	38.69047679	23.92858564	4.404757357
25.35710254	43.92860439	22.50000225	8.214290821
0.5952379048	0.119047981	98.21428429	1.071429829
0.1190480405	3.928571336	95.83333258	0.1190480405
0.1190480262	81.07141784	9.166672017	9.642862121
31.5476	38.2143	15.8333	14.4048
11.07140111	2.976190298	34.88100349	51.07140511
3.452379655	14.40479856	81.07139189	1.071429893
6.785709321	17.73809823	15.83329842	59.64289404
1.547619752	0.119047981	98.21428429	0.119047981
18.69050187	42.50000425	35.83330358	2.976190298
48.69046592	8.690473917	39.64287225	2.976187917
1.071429914	0.1190479905	97.73809218	1.071429914
45.35714082	27.26192454	20.59521854	6.785716107
21.07141896	6.785716107	52.02384682	20.11901811
8.690473048	13.92858886	74.8809401	2.499998
