>kznf__ZNF614_Imbeault2017_OM_MEME
38.4615	0	61.5385	0
0	30.7692	15.3846	53.8462
30.76923077	23.07692308	23.07692308	23.07692308
61.5385	0	7.6923	30.7692
0	23.0769	76.9231	0
69.2308	0	0	30.7692
30.76923077	30.76923077	30.76923077	7.692307692
15.38461538	0	46.15384615	38.46153846
23.07692308	15.38461538	46.15384615	15.38461538
30.76923077	23.07692308	46.15384615	0
15.3846	0	0	84.6154
0	0	100	0
76.9231	23.0769	0	0
0	61.5385	7.6923	30.7692
0	30.7692	15.3846	53.8462
0	0	15.3846	84.6154
0	61.5385	38.4615	0
100	0	0	0
0	7.692307692	46.15384615	46.15384615
0	100	0	0
0	23.0769	0	76.9231
