>kznf__ZNF584_Imbeault2017_OM_RCADE
88.10709736	5.354229839	6.407899808	0.1307729961
43.53670131	0.6538670196	52.01700156	3.792430114
95.42633531	2.223150823	2.219740821	0.1307730484
94.38422265	0.1307730314	0.1307730314	5.354231285
9.119969088	16.86229831	3.269339673	70.74839293
1.70004932	1.70004932	3.269338692	93.33056267
5.461722512	0.6538673008	93.23054289	0.6538673008
0.1307730706	79.74104306	0.1307730706	19.9974108
2.323149535	7.45000851	1.176959765	89.04988219
74.40259256	2.223149778	9.019959098	14.35429856
11.11230556	4.838622419	3.792431896	80.25664013
0.1307729752	0.1307729752	99.60768107	0.1307729752
13.72370919	0.1307730876	84.96855693	1.176960789
66.02968679	3.269339346	22.62379548	8.077178385
7.977178405	73.87948522	2.219739556	15.92359682
