>kznf__ZNF100_Imbeault2017_RP_RCADE
21.14398393	61.24675345	16.77378725	0.835475365
8.547563419	52.506421	25.00001	13.94600558
60.73261822	6.491001947	29.37020881	3.406171022
25.2571	32.455	14.7172	27.5707
1.092540513	0.8354763927	97.75064594	0.321337151
0.06426739859	0.06426739859	99.8071978	0.06426739859
17.03080044	74.10030193	0.06426740167	8.804630229
3.663241927	0.0642674338	95.17995006	1.092540575
2.892031018	0.06426742262	96.97943414	0.06426742262
1.34961108	81.04116483	1.34961108	16.25961301
1.606680691	1.09254047	96.9794417	0.3213371382
0.06426740167	5.719790149	93.12340242	1.092540028
3.920309373	81.29818699	0.5784059075	14.20309773
15.2314	24.7429	35.2828	24.7429
10.6041	23.9717	51.2211	14.2031
