>kznf__ZNF582_Schmitges2016_RCADE
2.59916104	12.15100486	19.73730789	65.51252621
6.575990658	18.13910181	13.49190135	61.79300618
50.10121503	32.83430985	3.269570981	13.79490414
10.55281055	62.16046216	16.73391673	10.55281055
5.409502164	26.65321066	9.689363876	58.2479233
1.86440082	9.018953968	0.8266063637	88.29003885
1.928749614	3.39826932	79.10548418	15.56749689
1.928750096	92.56990463	5.042120252	0.459225023
69.07627237	20.71079172	1.561369375	8.651566539
2.534809493	3.39826932	91.10038178	2.966539407
2.966539255	95.81197595	1.129639716	0.09184507695
0.8266059008	80.74939031	0.8266059008	17.59739789
25.248	32.7056	25.9185	16.1279
77.39733096	7.246402899	6.943372777	8.412893365
61.79298764	6.511638698	29.46359411	2.231779554
29.72097028	31.36476864	12.69278731	26.22147378
18.2034909	5.473847263	70.78446461	5.538197231
2.902189129	86.88487393	5.409498377	4.803438559
71.64793582	17.46870873	4.307362154	6.575993288
8.045514023	29.52791476	6.511643256	55.91492796
7.3751	24.752	18.1391	49.7338
2.231780446	67.54241351	14.22660285	15.9992032
4.13302876	58.72528238	10.6814968	26.46019206
21.87728906	28.68318566	9.018945491	40.42057979
42.01884202	14.8970149	22.97942298	20.1047201
37.06856293	25.18367482	18.74518125	19.002581
20.4721	29.0505	23.0438	27.4336
