>kznf__ZNF213_Schmitges2016_RCADE
49.51738514	29.05409128	13.60999592	7.818527654
14.38220716	0.09652514807	85.42474254	0.09652514807
94.69111884	0.482625096	4.729730941	0.09652511921
64.57526442	32.91508186	2.41312867	0.09652504681
36.00389064	50.67568682	12.45169676	0.8687257741
4.729728581	22.87639314	32.52899024	39.86488804
8.204635743	66.89194682	12.06560845	12.83780899
57.62546542	4.729727162	36.38997817	1.254829247
0.4826251197	0.09652512394	99.32432463	0.09652512394
0.4826250724	3.571430536	93.53281403	2.413130362
2.41313036	96.23551434	0.09652511438	1.254830187
13.9961098	3.95753277	68.82244818	13.22390926
4.343631737	16.69880668	76.54443062	2.413130965
21.71811627	66.8919501	11.29340846	0.0965251723
5.888030824	1.254830176	91.98841288	0.8687261216
