>kznf__ZNF415_Isakova2017_SMiLE-seq
25.8	32.6	31.2	10.4
6.806806807	9.60960961	6.906906907	76.67667668
65.3	3	29.2	2.5
4.6	85.9	5	4.5
56.7	18	20.5	4.8
1.501501502	84.08408408	1.301301301	13.11311311
20.4	23.9	51.3	4.4
61.4	21.7	8.3	8.6
0.6006006006	4.804804805	1.701701702	92.89289289
0.7	11.2	22.1	66
68.46846847	13.31331331	17.51751752	0.7007007007
53.55355355	8.508508509	30.73073073	7.207207207
11.3	18.1	33.9	36.7
83.4	4	9.8	2.8
0.6	7.4	5.2	86.8
4.195804196	90.10989011	2.097902098	3.596403596
