>kznf__ZNF584_Imbeault2017_RP_RCADE
46.7557	12.4046	16.2214	24.6183
49.0458	16.2214	21.5649	13.1679
7.061068023	1.717559519	0.9541977328	90.26717473
4.007629599	1.717559828	2.480919752	91.79389082
1.717559519	3.244269092	0.9541977328	94.08397366
20.03819399	64.31298071	4.007628798	11.64119651
69.65646517	14.69469265	10.11449494	5.534347233
70.41984929	0.1908401336	20.80151456	8.587796011
91.79389082	4.770989523	1.717559828	1.717559828
78.81677005	0.9541976374	0.1908399275	20.03819239
31.4885	27.6718	10.1145	30.7252
12.40459876	1.717559828	9.351149065	76.52669235
10.11450202	0.1908400382	89.5038179	0.1908400382
0.1908399275	62.78627614	0.9541976374	36.06868629
8.587795153	15.45800927	5.534353321	70.41984225
58.2061291	5.534352767	13.93130697	22.32821116
17.7481	6.29771	4.77099	71.1832
0.9541982099	0.190840042	98.66412171	0.190840042
7.061068588	0.1908399618	86.45038271	6.29770874
33.01527689	7.061065057	43.70226941	16.22138865
25.38167462	45.99235401	10.11448989	18.51148149
