>kznf__ZNF485_Imbeault2017_OM_RCADE
23.05740231	8.530410853	64.61150646	3.80068038
29.13849709	3.80067962	61.90879381	5.152029485
79.47635231	2.111488733	8.192565084	10.21959387
75.7601303	5.489862196	9.881763953	8.868243547
7.516886242	6.165536917	6.841216579	79.47636026
16.97639499	0.08445947508	81.84117586	1.097969676
1.435809584	0.08445947551	98.39527147	0.08445947551
15.28720084	0.08445950465	83.86820461	0.7601350418
0.08445951816	0.08445951816	99.74662145	0.08445951816
95.69256507	0.4222968459	3.800678613	0.08445946917
19.0033924	29.47638821	6.165537534	45.35468186
68.32770205	0.4222970127	28.12500084	3.125000094
0.760134772	0.760134772	5.489858353	92.9898721
31.16552493	9.543927635	45.35473628	13.93581115
3.462838269	19.67909016	4.138507931	72.71956364
