>kznf__ZNF785_Imbeault2017_OM_MEME
50	0	0	50
0	25	0	75
0	0	0	100
25	62.5	0	12.5
62.5	0	12.5	25
75	12.5	12.5	0
12.5	62.5	0	25
75	25	0	0
0	0	0	100
25	25	12.5	37.5
12.5	0	0	87.5
50	0	0	50
25	12.5	0	62.5
37.5	0	12.5	50
37.5	0	25	37.5
75	0	0	25
0	12.5	25	62.5
75	0	0	25
0	0	0	100
25	12.5	12.5	50
0	0	0	100
12.5	0	0	87.5
12.5	25	0	62.5
50	25	0	25
0	0	0	100
12.5	12.5	0	75
12.5	12.5	12.5	62.5
62.5	0	12.5	25
