>kznf__ZNF596_Schmitges2016_RCADE
47.41330474	17.85760179	27.70960277	7.019490702
15.39391693	11.4537126	67.61007437	5.542296097
47.4132	20.8132	28.2022	3.5714
31.64962848	14.90131341	50.86224578	2.586812328
34.113	4.064	47.4143	14.4087
0.1231520542	0.1231520542	99.63054384	0.1231520542
99.13793767	0.1231520468	0.615758234	0.1231520468
0.1231520542	0.1231520542	99.63054384	0.1231520542
30.17198793	29.67998813	32.63578695	7.512236995
2.586181759	69.08834698	28.20231918	0.1231520837
44.45772223	42.48852124	3.078791539	9.974964987
0.1231520443	1.108360399	98.64533551	0.1231520443
88.79273374	2.093420795	8.990693416	0.1231520468
0.1231520542	0.1231520542	99.63054384	0.1231520542
32.63577977	62.68446114	4.556607175	0.1231519236
