>kznf__ZNF529_Imbeault2017_OM_MEME
17.6471	11.7647	70.5882	0
5.8824	35.2941	58.8235	0
5.882394118	0	76.47052353	17.64708235
17.64708235	5.882394118	29.41177059	47.05875294
0	5.8824	94.1176	0
5.882394118	0	88.23521176	5.882394118
0	11.7647	88.2353	0
47.05875294	17.64708235	29.41177059	5.882394118
64.70583529	0	17.64708235	17.64708235
0	5.8824	94.1176	0
5.8824	35.2941	47.0588	11.7647
5.8824	0	82.3529	11.7647
23.5294	0	76.4706	0
0	29.4118	70.5882	0
88.2353	0	11.7647	0
0	23.5294	47.0588	29.4118
17.6471	0	82.3529	0
64.7059	23.5294	0	11.7647
35.2941	11.7647	47.0588	5.8824
0	11.7647	82.3529	5.8824
35.2941	11.7647	35.2941	17.6471
29.4118	11.7647	58.8235	0
5.8824	47.0588	47.0588	0
17.6471	47.0588	35.2941	0
29.41177059	17.64708235	35.29406471	17.64708235
29.41177059	17.64708235	47.05875294	5.882394118
41.1765	11.7647	47.0588	0
