>kznf__ZNF121_Schmitges2016_RCADE
28.60739428	41.69459166	27.60069448	2.097319581
4.446310889	81.62751633	7.130871426	6.795301359
22.23152445	5.788596367	45.05034956	26.92952962
1.426169658	0.7550338188	95.72147703	2.097319497
3.775170378	11.49330115	82.63420826	2.09732021
25.58722559	37.33223733	35.98993599	1.090601091
0.08389257886	98.07047529	1.761739556	0.08389257886
56.79532045	35.98991296	0.7550342718	6.459732326
41.35906691	9.144292685	41.35906691	8.13757349
19.8826	28.2718	41.6946	10.151
27.2651	11.8289	45.0503	15.8557
6.7953	50.0839	15.1846	27.9362
64.51343226	5.117452559	6.795303398	23.57381179
1.761740352	4.110740822	82.63421653	11.4933023
9.479869052	62.83559372	7.466439253	20.21809798
29.94968802	28.60738856	33.97648641	7.466437013
50.0839	21.5604	14.5134	13.8423
4.446310445	3.439600344	87.33220873	4.781880478
58.8087294	1.761740881	31.62751581	7.802013901
2.097321468	63.17114422	7.802015461	26.92951885
5.453022181	75.58723023	9.815443926	9.144303658
3.77517	86.3255	3.10403	6.7953
17.5336	56.7953	3.4396	22.2315
32.9698	22.2315	29.6141	15.1846
