>kznf__ZNF135_Imbeault2017_OM_RCADE
14.80261184	63.48685079	17.43421395	4.276323421
5.592107763	55.59207776	2.960528816	35.85528566
5.592107204	58.22367089	1.644739178	34.53948273
26.64470799	51.64471549	9.539472862	12.17110365
56.90788862	20.06579599	4.276319145	18.74999625
79.27628414	6.907888618	10.85529783	2.960529408
50.32896039	16.11841934	25.32893039	8.223689868
33.22369336	4.276319145	21.38159572	41.11839178
75.32893239	5.592112405	18.75000806	0.3289471414
29.2763	5.59211	58.2237	6.90789
16.11840097	83.22370499	0.3289470197	0.3289470197
5.592106812	37.17107881	0.3289468125	56.90786756
18.74999625	22.69739546	4.276319145	54.27628914
20.0658012	0.3289470197	79.27630476	0.3289470197
97.69736678	0.3289468882	0.3289468882	1.644739441
1.644741151	13.48680944	77.96055457	6.907894836
34.53946546	33.22366678	21.38157862	10.85528914
37.17107026	8.223673421	21.38158289	33.22367342
67.4342	20.0658	6.90789	5.59211
20.0658	21.3816	26.6447	31.9079
45.0658	12.1711	17.4342	25.3289
37.1711	16.1184	21.3816	25.3289
21.3816	25.3289	30.5921	22.6974
18.75001875	29.27632928	13.48681349	38.48683849
