>kznf__CTCF_Transfac.6_Transfac
1.8	89.1	0	9.1
80.08008008	14.51451451	3.603603604	1.801801802
3.6	40	30.9	25.5
23.62362362	30.93093093	10.91091091	34.53453453
49.1	1.8	12.7	36.4
29.1	3.6	56.4	10.9
52.75275275	0	43.64364364	3.603603604
0	0	10.9	89.1
0	0	96.4	3.6
14.51451451	0	83.68368368	1.801801802
0	100	0	0
72.77277277	12.71271271	0	14.51451451
21.8	0	76.4	1.8
