>kznf__ZNF774_Schmitges2016_RCADE
43.07068708	1.222829633	36.0053892	19.70109409
7.744568451	9.918478016	82.20108356	0.1358699728
69.70108606	0.1358699728	24.59239508	5.570648886
33.28800399	0.6793480815	57.74460693	8.288040995
24.59240738	4.483701345	70.78802124	0.1358700408
53.9402	16.9837	18.0707	11.0054
55.02721651	0.1358700408	33.83151015	11.0054033
12.63589368	2.309778845	84.91845754	0.1358699321
84.91845754	0.1358699321	12.63589368	2.309778845
1.222829633	1.76629947	79.48367615	17.52719474
22.96199082	37.09238516	31.65758734	8.288036685
32.20108712	46.87498125	3.396738641	17.52719299
39.80979204	3.940219212	26.22279476	30.02719399
11.0054	1.22283	87.6359	0.13587
43.07066985	0.1358699049	44.15756909	12.63589115
24.0488976	5.570649443	67.52719325	2.853259715
27.3098	11.5489	47.4185	13.7228
20.24457976	19.7010803	32.2010678	27.85327215
