>kznf__ZNF605_Imbeault2017_RP_RCADE
28.11108876	1.444439422	50.77777969	19.66669213
8.11111073	0.11111101	88.11110793	3.66667033
7.222219206	2.777779694	89.88889011	0.1111109878
6.777778644	5.444438911	60.11108798	27.66669447
24.5556	25.4444	31.2222	18.7778
22.77777722	33.88886611	23.66667633	19.66668033
34.77780348	1.888890189	31.22220312	32.11110321
21.4444	10.7778	19.2222	48.5556
97.44444677	2.33333112	0.1111110533	0.1111110533
19.66669567	0.1111109756	80.11108238	0.1111109756
61.4444553	6.7777861	29.4444265	2.3333321
27.66666957	28.55556859	35.66666077	8.111101078
49.88889451	18.33329798	31.66669652	0.1111109878
18.33330348	77.8889148	0.1111110211	3.666670697
6.777779593	84.9999949	7.66666954	0.5555559667
57.88891737	38.3333115	1.444440433	2.3333307
34.33333433	13.44441344	15.22221522	37.000037
50.3333302	9.444445667	31.22221873	9.0000054
27.66666957	19.66667837	44.55555099	8.111101078
27.6667	11.2222	29.8889	31.2222
20.55557944	28.55557144	38.33326167	12.55558744
