>kznf__ZNF45_Imbeault2017_OM_RCADE
75.78127578	0.7812507813	16.40621641	7.031257031
16.4062082	63.28123164	0.7812503906	19.53130977
0.7812503906	3.906251953	0.7812503906	94.53124727
0.7812503906	91.4062457	3.906251953	3.906251953
7.031253516	7.031253516	0.7812503906	85.15624258
0.7812503906	3.906251953	0.7812503906	94.53124727
3.90625	60.1563	0.78125	35.1562
75.7813	7.03125	13.2812	3.90625
22.65631133	10.15620508	66.4062332	0.7812503906
88.28124414	3.906251953	3.906251953	3.906251953
19.5313	0.78125	75.7812	3.90625
13.2812	3.90625	82.0313	0.78125
94.53124727	0.7812503906	0.7812503906	3.906251953
91.4062457	3.906251953	0.7812503906	3.906251953
7.031253516	19.53130977	13.28120664	60.15623008
82.03128203	0.7812507813	10.15621016	7.031257031
3.906251953	7.031253516	0.7812503906	88.28124414
94.53124727	0.7812503906	0.7812503906	3.906251953
85.15624258	7.031253516	3.906251953	3.906251953
10.15621016	85.15628516	0.7812507813	3.906253906
69.53126953	7.031257031	7.031257031	16.40621641
