>kznf__ZNF573_Imbeault2017_OM_RCADE
20.21530202	57.53590575	8.253590825	13.9952014
79.06702372	2.03349061	13.51670406	5.382781615
5.86124	5.38278	81.9378	6.81818
21.65072165	49.4019494	12.08131208	16.86601687
31.22009376	58.97128821	5.382778923	4.425839115
52.7512211	24.52150981	8.732063493	13.9952056
38.3971	10.6459	25.4785	25.4785
11.60289606	0.1196169593	88.15787003	0.1196169593
0.1196170586	0.1196170586	99.64114882	0.1196170586
15.9090973	70.93298794	0.1196169797	13.03829778
77.15307377	22.60769231	0.1196169593	0.1196169593
0.1196169916	94.37799339	2.511959824	2.990429791
96.29186919	2.511959196	0.5980858086	0.5980858086
27.87081198	67.58372906	4.425841903	0.1196170514
39.3541	25.4785	15.4306	19.7368
32.6555	53.2297	10.6459	3.4689
76.19621524	13.5167027	5.861241172	4.425840885
26.43540529	5.382781077	48.92340978	19.25840385
5.861243517	20.21531213	60.40673624	13.51670811
51.7943	15.4306	20.6938	12.0813
12.08131208	24.52152452	44.61724462	18.77991878
