>kznf__ZNF334_Imbeault2017_OM_MEME
88.8889	0	11.1111	0
88.8889	0	0	11.1111
77.7778	0	22.2222	0
11.1111	11.1111	55.5556	22.2222
22.2222	0	0	77.7778
0	11.1111	33.3333	55.5556
77.7778	0	11.1111	11.1111
0	11.11111111	44.44444444	44.44444444
33.33333333	11.11111111	33.33333333	22.22222222
22.2222	0	0	77.7778
0	0	0	100
11.1111	0	0	88.8889
0	33.33333333	44.44444444	22.22222222
77.7778	11.1111	0	11.1111
0	11.1111	66.6667	22.2222
33.3333	0	11.1111	55.5556
33.33333333	22.22222222	44.44444444	0
44.4444	0	0	55.5556
11.1111	0	55.5556	33.3333
22.22222222	0	44.44444444	33.33333333
88.8889	0	11.1111	0
66.6667	11.1111	0	22.2222
11.1111	0	0	88.8889
22.22222222	44.44444444	22.22222222	11.11111111
100	0	0	0
33.3333	0	66.6667	0
44.4444	0	55.5556	0
77.7778	0	11.1111	11.1111
