>kznf__ZNF550_Imbeault2017_RP_RCADE
21.95512196	11.6987117	42.46794247	23.87822388
35.41666458	25.8012742	20.67307933	18.10898189
40.5449	12.9808	34.7756	11.6987
37.98078861	8.493587452	43.74998688	9.775637067
33.49356986	12.98078832	47.59615716	5.929484663
28.36541702	7.211544327	32.21151933	32.21151933
14.26279772	5.288459154	80.28848715	0.1602559744
7.852556702	78.36536709	12.98079455	0.8012816635
29.00641276	16.18590712	0.1602560705	54.64742404
59.77564184	6.570514599	24.51921716	9.134626394
42.46793567	7.852566596	49.5192416	0.1602561346
16.18589094	0.1602559103	70.03206078	13.62179237
9.134617077	0.1602559487	90.54487103	0.1602559487
6.57051	55.2885	8.49359	29.6474
91.82692571	0.1602560449	0.1602560449	7.852562199
1.442309683	0.1602559647	98.23717839	0.1602559647
30.28848304	0.1602559103	54.00636976	15.54489129
8.49359	9.13462	76.4423	5.92949
