>kznf__ZNF311_Imbeault2017_OM_MEME
0	0	100	0
26	38	22	14
56	40	4	0
0	0	100	0
2	86	6	6
22	26	16	36
0	10	90	0
16	70	14	0
60	16	2	22
0	0	100	0
24	76	0	0
24	34	22	20
2	34	64	0
0	86	12	2
2	16	30	52
0	20	78	2
4	48	40	8
12	54	2	32
4	2	90	4
16	56	22	6
16	38	44	2
