>kznf__ZNF3_Imbeault2017_RP_RCADE
18.33330367	4.04762081	2.142860429	75.4762151
23.09520231	0.2380950238	76.42860764	0.2380950238
94.52380945	0.2380950238	5.0000005	0.2380950238
39.28570786	29.76190595	5.95238119	25.000005
11.66669125	0.2380948214	1.190479107	86.90473482
14.52379492	0.2380949167	82.14287125	3.095238917
95.47618568	1.190479821	3.095239536	0.2380949643
45.95241149	52.61901315	0.2380950595	1.190480298
14.52379492	7.85713725	0.2380949167	77.38097292
44.04761762	5.000002	44.04761762	6.904762762
74.5238	10.7143	5	9.7619
25.9524	24.0476	29.7619	20.2381
31.66669367	5.95237881	7.857138429	54.5237891
24.0476024	0.2380950238	75.47620755	0.2380950238
89.76190449	0.2380950119	1.19048006	8.80952044
