>kznf__ZNF620_Imbeault2017_OM_MEME
15.3846	7.6923	69.2308	7.6923
69.2308	23.0769	7.6923	0
38.46153846	0	38.46153846	23.07692308
23.07692308	38.46153846	30.76923077	7.692307692
46.15384615	7.692307692	0	46.15384615
23.0769	7.6923	69.2308	0
30.7692	0	61.5385	7.6923
0	7.6923	92.3077	0
100	0	0	0
0	0	100	0
0	23.0769	7.6923	69.2308
7.6923	7.6923	0	84.6154
100	0	0	0
92.3077	0	7.6923	0
84.6154	0	7.6923	7.6923
7.6923	30.7692	0	61.5385
15.38461538	30.76923077	7.692307692	46.15384615
30.7692	7.6923	7.6923	53.8462
23.0769	0	0	76.9231
0	0	15.3846	84.6154
15.38461538	23.07692308	23.07692308	38.46153846
7.6923	15.3846	15.3846	61.5385
38.4615	7.6923	0	53.8462
15.3846	0	61.5385	23.0769
30.76923077	38.46153846	15.38461538	15.38461538
84.6154	0	15.3846	0
76.9231	7.6923	7.6923	7.6923
7.6923	0	69.2308	23.0769
30.76923077	46.15384615	23.07692308	0
