>kznf__ZNF90_Imbeault2017_RP_RCADE
8.150183668	19.87180894	0.457875206	71.52013218
0.09157507244	0.4578748622	90.56777274	8.882777326
3.754578832	0.09157507152	95.32967035	0.8241757437
16.57510746	8.150183668	74.81683367	0.457875206
0.09157505321	17.30769116	0.8241755788	81.77655821
0.8241757841	0.09157507601	98.99267406	0.09157507601
60.16481498	0.0915751228	21.7033054	18.04030449
67.12453014	0.09157514112	23.90111073	8.882783988
0.09157505403	0.09157505403	23.16848837	76.64836152
70.05493496	29.39561467	0.0915751457	0.4578752285
83.24175821	0.09157505403	16.57509168	0.09157505403
0.09157514112	4.853482179	24.2674109	70.78753178
0.09157504954	86.17215252	12.54579309	1.190479344
82.50915858	0.09157505403	0.09157505403	17.30769131
0.09157507244	0.4578748622	90.20147285	9.249077216
