>kznf__ZNF778_Imbeault2017_RP_RCADE
15.41190308	7.741481548	40.69600814	36.15060723
14.84378772	0.07102264126	83.02553134	2.059658297
3.196019361	55.75278885	17.96879641	23.08239538
2.343751172	52.62782631	4.048302024	40.98012049
19.38920194	1.207390121	60.014206	19.38920194
1.207390121	1.491480149	87.85510879	9.446020945
3.48011174	75.63923782	2.627841314	18.25280913
71.09375851	0.07102275845	27.91192297	0.9232957599
0.07102266612	0.9232945596	2.911928611	96.09375416
0.3551141442	99.5028404	0.07102272884	0.07102272884
0.07102273168	3.480111552	0.07102273168	96.37784298
2.059659918	0.3551139858	88.42329646	9.161929634
2.911928835	8.593746563	86.43466543	2.059659176
6.03693	32.4574	8.02557	53.4801
27.62780276	10.014201	58.0256058	4.332390433
