>kznf__ZNF445_Imbeault2017_OM_MEME
0	100	0	0
64.2857	0	35.7143	0
0	14.2857	85.7143	0
14.2857	0	0	85.7143
35.71426429	57.14284286	0	7.142892857
35.7143	64.2857	0	0
21.42857857	71.42852857	0	7.142892857
35.7143	14.2857	21.4286	28.5714
0	0	85.7143	14.2857
0	0	85.7143	14.2857
64.2857	14.2857	0	21.4286
21.42857857	0	71.42852857	7.142892857
0	71.4286	28.5714	0
28.5714	64.2857	7.1429	0
0	78.5714	14.2857	7.1429
0	100	0	0
21.4286	0	0	78.5714
14.2857	78.5714	0	7.1429
42.8571	7.1429	28.5714	21.4286
0	0	92.8571	7.1429
0	0	0	100
