>kznf__ZNF791_Imbeault2017_OM_MEME
20.5882	2.9412	76.4706	0
88.2353	0	11.7647	0
0	100	0	0
82.3529	0	0	17.6471
8.8235	14.7059	0	76.4706
61.7647	0	26.4706	11.7647
0	0	5.8824	94.1176
8.8235	50	0	41.1765
73.5294	14.7059	2.9412	8.8235
0	91.17640882	5.882394118	2.941197059
94.1176	0	5.8824	0
0	2.9412	2.9412	94.1176
100	0	0	0
0	100	0	0
91.1765	0	0	8.8235
41.1765	2.9412	47.0588	8.8235
32.3529	0	61.7647	5.8824
5.8824	0	94.1176	0
5.8824	0	94.1176	0
94.1176	2.9412	2.9412	0
