>kznf__ZNF548_Imbeault2017_RP_RCADE
0.2173909957	1.956519961	97.60869805	0.2173909957
8.043481609	41.95650839	31.5217063	18.4783037
8.913036435	18.47829261	51.52167939	21.08699157
1.956519961	0.2173909957	97.60869805	0.2173909957
1.086959446	75.86956131	22.82608836	0.2173908891
0.2173908022	15.86958556	48.04345628	35.86956736
0.2173910391	10.65220192	88.913016	0.2173910391
0.2173910174	89.78260718	9.782610783	0.2173910174
40.21741609	1.086960435	32.39131296	26.30431052
1.956519961	0.2173909957	97.60869805	0.2173909957
0.2173909978	23.69569976	68.91299931	7.173909928
16.73911674	17.60871761	54.13045413	11.52171152
11.52170104	30.65220276	57.60870518	0.2173910196
7.17391287	60.21742409	28.91301157	3.695651478
20.2174	20.2174	48.0435	11.5217
1.086960533	26.30431289	72.39133547	0.2173911065
15.86959841	25.43479746	51.52169485	7.173909283
1.956518435	21.08698313	75.8695393	1.08695913
