>kznf__ZNF35_Schmitges2016_RCADE
53.69205369	11.91981192	16.13921614	18.24891825
27.5316	25.8439	15.7173	30.9072
69.30378614	9.810128038	9.388188122	11.4978977
53.27001065	4.746840949	6.856541371	35.12660703
46.94092816	2.637131582	46.94092816	3.481012089
27.95358882	22.89029084	8.966236414	40.18988392
74.78902992	12.76370511	6.012662405	6.434602574
91.66667525	3.48100906	3.902948946	0.9493667437
93.77637187	3.059069082	1.793249462	1.371309589
47.78481577	14.87340491	36.39241201	0.9493673133
66.77216661	1.793249103	16.56119172	14.87339256
8.122358376	8.122358376	70.56958589	13.18569736
15.71730157	49.47260495	9.388190939	25.42190254
42.72152991	21.20251484	9.810136867	26.26581839
36.81433681	30.48523049	19.09281909	13.60761361
25	31.3291	11.9198	31.7511
22.0464	29.2194	24.5781	24.1561
44.8312	10.2321	22.8903	22.0464
25.42192542	27.10972711	28.37552838	19.09281909
54.53584546	12.34178766	18.67088133	14.45148555
65.08441953	3.059070918	23.31220699	8.544302563
59.59916424	8.122355127	18.6708888	13.60759184
31.32910627	30.90720618	7.278481456	30.4852061
62.55270626	28.79750288	6.012660601	2.637130264
96.72996131	0.1054849578	0.1054849578	3.059068776
78.16456873	6.434597426	10.65399574	4.746838101
22.46837753	35.12656487	16.56118344	25.84387416
85.33756586	2.637128945	8.544296582	3.481008608
88.29113532	3.059071224	6.012662405	2.637131055
38.9241	19.9367	30.0633	11.0759
