>kznf__ZNF442_Imbeault2017_RP_RCADE
10.54909789	24.42199512	59.68208806	5.346818931
23.26589767	35.9826964	1.878609812	38.87279611
42.91910858	4.190750838	8.815031763	44.07510882
53.32368934	3.612719277	20.37569592	22.68789546
43.49710304	0.7225430506	2.456650172	53.32370373
4.768791001	0.1445090303	1.300580273	93.7861197
31.93639042	1.30057961	2.456649263	64.30638071
1.878610395	5.924861244	0.1445090303	92.05201933
0.1445090014	1.300580013	1.878610019	96.67630097
19.21968674	0.1445089003	7.658954715	72.97684965
17.4855	14.5954	43.4971	24.422
21.53179785	19.21969808	1.878609812	57.36989426
40.02891601	20.37570815	5.92486237	33.67051347
3.034680819	0.7225431951	2.456650663	93.78612532
1.878609643	16.90749679	0.1445089725	81.0693846
0.7225427688	0.1445089538	1.300579584	97.83236869
0.7225430506	13.43930094	2.456650172	83.38150584
5.346818449	12.86129627	0.1445089581	81.64737632
