>kznf__ZNF550_Imbeault2017_OM_RCADE
59.068613	0.2450980539	38.48040847	2.205880485
50.24511608	0.2450980784	46.32351482	3.18627102
82.59803469	5.147062162	12.00980504	0.2450981029
40.44118382	3.186268725	52.20587912	4.166668333
7.107840711	49.26470493	6.127450613	37.50000375
1.225490123	55.14710551	33.57840336	10.049001
45.34310907	12.9902026	2.205880441	39.46080789
35.53922132	38.48042309	18.87251132	7.107844265
3.18627	9.06863	47.3039	40.4412
15.93140064	0.2450980098	83.57840334	0.2450980098
0.2450981029	95.34314004	3.186271338	1.225490515
2.205878279	17.89218604	0.2450978088	79.65683787
87.5000175	1.225490245	10.04900201	1.225490245
30.6372761	2.205878279	66.91174781	0.2450978088
1.22549027	0.2450980539	97.30392141	1.22549027
2.205880529	0.2450980588	97.30392335	0.2450980588
0.2450980098	77.69610311	0.2450980098	21.81370087
95.34313242	0.2450980833	4.166671417	0.2450980833
