>kznf__ZNF736_Imbeault2017_OM_RCADE
10.90429237	1.755318771	85.15954039	2.180848473
0.265957004	98.13830147	0.0531915008	1.542550023
0.2659570758	0.4787231364	0.05319151516	99.20212827
0.05319151356	0.05319151356	99.84042546	0.05319151356
91.96808804	0.05319149309	7.92552897	0.05319149309
1.755319974	0.0531914992	96.86169855	1.32978998
0.9042552261	23.88300597	1.117020279	74.09571852
1.329789601	95.79787126	1.117019665	1.755319473
1.117019872	35.15959596	0.05319149388	63.67019268
31.32978778	0.6914887303	65.15957459	2.819148901
6.436166685	0.05319147261	92.18085253	1.329789315
2.393619964	0.0531914992	96.22339856	1.32978998
3.244680276	1.117020095	95.58510812	0.05319150452
1.755319473	35.79788926	4.308508707	58.13828256
2.393621436	10.47870629	1.11702067	86.01065161
