>kznf__ZNF805_Imbeault2017_RP_RCADE
46.86309063	46.10269078	1.235739753	5.79847884
10.74140161	30.51330458	0.4752850713	58.27000874
10.36120414	6.939162776	22.52850901	60.17112407
7.69962385	46.86312343	43.06082153	2.376431188
0.4752851663	84.88592971	5.038021763	9.60076336
84.88592547	3.897341169	4.657791397	6.558941968
1.615969354	8.840296464	4.277568289	85.26616589
1.235739382	6.178706911	1.996199002	90.58935471
0.855513231	92.87072508	1.615970436	4.657791258
2.756650551	88.68821774	5.038021008	3.517110703
42.6805889	0.8555127776	0.8555127776	55.60838554
0.09505697433	1.615969564	1.996199461	96.292774
1.235740037	0.09505700285	52.56650158	46.10270138
0.4752848004	40.77948287	58.65017537	0.09505696008
0.09505704278	98.57414436	0.855513385	0.4752852139
42.68062475	0.4752852757	0.09505705513	56.74903291
1.615969467	8.079847334	0.8555127177	89.44867048
5.03802403	1.996201597	44.58173567	48.38403871
0.4752853565	44.58173344	1.235740927	53.70724028
6.17870586	30.13307981	63.59315739	0.09505693631
43.06081938	1.615970727	54.84792468	0.4752852139
