>kznf__ZNF33B_Imbeault2017_RP_RCADE
87.35465632	1.308139346	5.377907311	5.95929702
11.19189888	2.470929753	8.866279113	77.47089225
0.7267436802	11.77329482	11.19189508	76.30806642
50.1453351	40.84302859	7.703495392	1.308140916
80.959317	17.00580357	1.889530397	0.1453490305
98.98255843	0.145348939	0.145348939	0.7267436948
0.726744189	5.959301549	1.889530491	91.42442377
17.0058136	16.42441314	3.633722907	62.93605035
2.470930519	83.86631761	0.1453490305	13.51740284
0.1453490029	82.70350165	0.1453490029	17.00580034
19.91279024	42.58717913	0.1453489288	37.3546817
4.79650717	11.1918934	0.1453489142	83.86625052
5.959301788	53.63371609	9.447672834	30.95930929
3.63372218	41.42442485	4.215122529	50.72673044
18.75001875	25.14532515	39.0988391	17.00581701
29.2151	15.2616	5.9593	49.564
4.79651	8.28488	5.37791	81.5407
25.72670515	8.866281773	22.23840445	43.16860863
50.14528997	21.65699567	23.9825952	4.215119157
65.26158695	21.07559578	10.02909799	3.633719273
67.0057799	2.470929259	11.77329647	18.74999438
