>kznf__ZNF805_Imbeault2017_OM_RCADE
12.39839504	9.146336341	36.78858528	41.66668333
14.0244028	3.455280691	77.43901549	5.081301016
2.642280528	43.29270866	18.08940362	35.9756072
37.60158872	8.3333275	31.91059043	22.15449335
1.829268171	7.52032248	20.52847947	70.12192988
9.95934502	13.21139339	20.52848974	56.30077185
1.016260407	57.11382285	18.90240756	22.96750919
11.58538841	61.99183801	14.02438598	12.3983876
2.642278679	1.829269085	20.52848974	74.9999625
4.26829128	2.642280793	25.40650762	67.6829203
1.82927128	1.016260711	79.06505535	18.08941266
0.2032520894	0.2032520894	99.39024373	0.2032520894
4.268286585	61.17885106	4.268286585	30.28457577
2.642280793	4.26829128	28.6585086	64.43091933
2.642280264	12.39840124	5.894310589	79.06500791
5.081299492	9.959349004	83.94309161	1.016259898
1.016260102	9.146340915	4.268290427	85.56910856
8.333333167	0.2032520772	88.00813344	3.455281313
