>kznf__ZFP1_Isakova2017.2_SMiLE-seq
15.2174	23.913	45.6522	15.2174
4.347804348	21.73912174	0	73.91307391
47.8261	6.5217	15.2174	30.4348
10.86958913	28.26087174	0	60.86953913
10.8696	19.5652	23.913	45.6522
91.3043913	2.173902174	0	6.521706522
0	10.8696	0	89.1304
100	0	0	0
2.1739	97.8261	0	0
0	97.8261	2.1739	0
2.1739	76.087	0	21.7391
76.087	0	0	23.913
28.2609	13.0435	41.3043	17.3913
15.2174	65.2174	4.3478	15.2174
17.3913	32.6087	0	50
