>kznf__ZNF616_Imbeault2017_OM_RCADE
34.8529	22.5	20.7353	21.9118
34.85292091	13.67650821	46.61762797	4.852942912
28.38237162	18.97058103	18.97058103	33.67646632
41.91177904	5.441177279	48.97057551	3.676468162
14.26469743	0.1470589735	85.44118462	0.1470589735
4.264708763	1.911759446	93.67647283	0.1470589574
14.85290015	4.852940049	0.1470590015	80.1471008
16.61761363	0.1470591206	83.08826813	0.1470591206
98.97058812	0.1470589824	0.1470589824	0.7352939118
3.676470441	0.1470590176	96.02941152	0.1470590176
3.676471103	62.50001875	12.50000375	21.3235064
33.08821985	4.852942912	59.55883574	2.5000015
4.852940971	44.85290897	3.088240618	47.20590944
13.08820916	6.029414221	73.08825116	7.794125456
56.02943362	8.382355029	26.61761597	8.970595382
>kznf__ZNF616_Imbeault2017_RP_RCADE
38.84839612	10.86009891	42.34689577	7.944609206
23.68802369	20.48102048	12.02621203	43.8047438
44.09620163	0.0728863027	54.30030201	1.530610057
19.02330521	0.07288631997	80.83092215	0.07288631997
2.113700579	0.07288631997	97.74052678	0.07288631997
7.069970969	6.778430929	0.07288630999	86.07871179
17.56560481	0.07288631997	82.28862255	0.07288631997
99.78134101	0.07288632996	0.07288632996	0.07288632996
4.446058551	0.07288627624	95.4081689	0.07288627624
2.113702114	66.25366625	15.81631582	15.81631582
33.01748316	4.154517881	62.46356814	0.3644308141
1.822159326	41.47228466	0.6559767573	56.04957926
