>jaspar__MA0025.2
6368	3904	5615	7109
9041	3896	7261	2798
870	681	518	20927
468	208	1714	20606
21353	220	990	433
659	1511	492	20334
1460	467	20459	610
1358	12004	454	9180
21848	543	171	434
21911	251	360	474
2193	4959	2701	13143
7671	5630	4152	5543
6692	4929	4482	6893
>jaspar__MA0418.1
174	297	371	156
228	141	587	41
134	92	332	440
114	434	109	342
252	231	72	444
43	114	646	195
491	412	36	58
27	23	56	892
25	21	112	840
889	32	49	28
38	555	103	302
172	48	722	56
67	85	37	809
647	193	64	95
829	62	72	34
162	76	481	278
228	474	142	155
337	85	428	148
430	127	302	139
166	439	243	150
>jaspar__MA0447.1
28	5	25	2
0	0	0	60
1	1	3	55
54	0	6	0
0	53	0	7
7	0	53	0
0	6	0	54
55	3	1	1
60	0	0	0
2	25	5	28
>jaspar__MA0639.1
1552	1714	1903	1930
3706	1130	3393	93
5	4	2	7100
4	6	602	7100
7100	0	498	4
2	7100	21	2664
3180	17	7100	1
3	541	7	7100
7100	288	7	6
7100	1	2	2
158	3707	1543	3393
2574	1657	1747	1122
>jaspar__MA0843.1
541	1053	853	1154
1971	372	1630	8
90	18	5	3601
107	0	31	3601
3601	0	108	0
17	3601	0	446
1324	0	2277	0
0	133	43	3601
3601	76	11	161
3601	0	19	10
0	2120	269	1481
1383	1141	554	522
>swissregulon__hs__HLF
7.082202072	5.703027387	15.08559586	7.082202072
18.85568838	2.989953739	10.11743153	2.989953739
0	0	0	34.95302739
0.6443116215	2.023486306	6.070458919	26.21477054
18.76513694	2.023486306	14.16440414	0
0	16.18789045	2.667797928	16.09733901
2.023486306	0	32.92954108	0
0	6.070458919	0	28.88256847
34.95302739	0	0	0
33.98655996	0	0	0.9664674323
0.9664674323	19.82215581	0	14.16440414
14.16440414	13.75169689	4.046972613	2.989953739
4.288589471	13.02684632	13.34900213	4.288589471
>swissregulon__hs__NFIL3
433	551	412	567
1299	401	663	69
19	12	0	1963
9	12	544	1963
1963	6	524	28
47	1963	42	157
1060	42	903	22
28	449	0	1963
1963	607	2	6
1963	5	6	9
102	1021	275	942
677	568	341	377
>swissregulon__mm__Hlf
15.083332	33.955993	75.167261	41.626287
54.541925	0.787164	110.503784	0
0	0	0	165.832873
0	0.734874	34.806442	130.291557
131.280903	0	12.537574	22.014396
4.18634	125.694089	0.765748	35.186696
92.047153	0.818288	72.967432	0
0.757559	65.009872	0	100.065442
129.986092	30.669068	4.314643	0.86307
151.383986	0	4.231202	10.217685
15.00296	32.847134	13.99159	103.991189
29.471519	55.622648	30.174087	50.564619
>swissregulon__mm__Tef
1536	1291	1408	1730
3224	1173	2741	719
37	7	28	5964
32	0	41	5964
5964	5	970	82
53	5964	182	1476
3789	129	2175	20
56	519	19	5964
5964	12	0	66
5964	5	0	10
885	2991	1227	2974
1829	1661	1208	1267
>swissregulon__sacCer__CIN5
0	3.41	7.96	165.87
11.5	6.19	20.35	137.95
168.47	0	8.34	0
9.73	109.47	8.37	49.36
67.02	19.47	79.38	13.67
0.98	0.98	0	174.65
158.92	16.35	0.97	0
176	0	0	0
1.76	23.48	61.27	91.56
41.08	104.41	7.07	26.37
>swissregulon__sacCer__YAP6
29.26	18.1	75.26	5.36
17.25	11.85	42.56	56.32
14.59	55.55	14.06	43.78
32.27	29.62	9.22	56.87
5.51	14.69	82.75	25.03
62.87	52.85	4.72	7.54
3.51	3.03	7.25	114.19
3.24	2.8	14.36	107.58
113.9	4.18	6.28	3.63
4.9	71.16	13.22	38.7
22.01	6.23	92.51	7.23
8.67	10.88	4.84	103.59
82.82	24.73	8.27	12.16
106.23	8.05	9.27	4.43
20.81	9.8	61.69	35.68
>flyfactorsurvey__gt_NAR_FBgn0001150
2	10	8	9
0	8	13	8
6	7	10	6
2	3	4	20
14	0	15	0
0	0	0	29
0	0	0	29
24	0	5	0
0	29	0	0
5	0	24	0
0	1	0	28
26	3	0	0
29	0	0	0
0	10	5	14
>flyfactorsurvey__vri_SANGER_5_FBgn0016076
12	4	1	0
0	0	0	18
0	0	1	17
18	0	0	0
0	14	0	4
5	0	13	0
0	4	0	14
14	4	0	0
18	0	0	0
0	13	0	5
9	6	0	2
>hocomoco__HLF_HUMAN.H11MO.0.C
7	6	15	7
19	3	10	3
0	0	0	35
1	2	6	26
19	2	14	0
0	16	3	16
2	0	33	0
0	6	0	29
35	0	0	0
34	0	0	1
1	20	0	14
14	14	4	3
5	13	13	4
>hocomoco__NFIL3_HUMAN.H11MO.0.D
167	46	153	134
198	66	214	22
0	5	1	494
2	5	134	359
411	6	38	45
23	35	34	408
12	11	475	2
40	165	4	291
437	57	4	2
497	1	1	1
19	186	99	196
>taipale__DBP_DBD_NRTTACGTAAYN
3456	5864	4258	5076
10802	3242	7851	131
13	16	2	18653
21	18	1293	18653
18653	10	907	0
8	18653	0	2078
4761	46	18653	10
0	1794	2	18653
18653	1038	8	11
18653	6	0	15
139	11397	1632	7257
6769	5933	3237	2715
>taipale__Dbp_DBD_NRTTACGTAAYN
1399	2495	1802	2787
5052	1053	3431	24
2	6	2	8483
9	10	248	8483
8483	4	157	0
5	8483	4	785
1779	11	8483	4
2	373	1	8483
8483	204	2	4
8483	0	1	3
27	4917	524	3565
3312	2770	1236	1165
>taipale__HLF_full_NRTTACGTAAYN
429	735	379	595
1149	712	989	118
7	1	0	2138
6	38	248	2138
2138	0	310	21
15	2138	35	790
1758	95	2138	11
53	680	8	2138
2138	282	4	6
2138	0	5	7
127	1239	280	899
644	737	360	397
>taipale__Hlf_DBD_NRTTACGTAAYN
69	128	174	172
300	35	242	10
7	1	16	542
9	0	1	542
542	5	0	2
0	542	0	31
76	0	542	0
5	11	0	542
542	0	0	47
542	2	1	5
4	310	11	231
209	211	57	65
>nitta__CG4575_TCTGCA40NATA_KK_NRTTACGTAAYN_m1_c2
3579	5398	5563	5869
9972	2061	10436	315
149	58	120	20408
32	96	3025	20408
20408	20	4532	62
63	20408	95	2303
2317	41	20408	70
47	4412	41	20408
20408	2936	90	44
20408	105	82	165
319	10431	1919	9977
5838	5560	5423	3587
>nitta__CG4575_TTAGAC40NCAG_KK_NRTTACGTAAYN_m1_c2
7889	9728	11501	12851
21103	3497	20866	178
7	0	20	41969
0	0	3923	41969
41969	26	6808	0
0	41969	0	4576
4548	0	41969	0
10	6501	39	41969
41969	3980	0	1
41969	15	0	0
160	20764	3549	21205
12916	11538	9743	7772
>nitta__CG7786_TTCAAT20NAAC_KI_NRTTAYRTAAYN_m1_c3
553	693	977	1311
1848	393	1685	4
20	49	34	3533
54	2	412	3533
3533	17	460	0
0	2630	0	903
939	92	2594	15
72	341	39	3533
3533	487	5	20
3533	20	14	0
9	1656	503	1877
1279	859	781	613
>nitta__Pdp1_TCACCG20NCCA_KD_RTTACGTAAY_m1_c4
7547	3255	9507	1707
713	210	325	17054
150	462	2007	17054
17054	134	4556	417
111	17054	301	4150
4257	425	17054	78
446	4729	112	17054
17054	2044	426	164
17054	254	266	651
1715	9737	3128	7317
>nitta__Pdp1_TCTAAT20NGA_KH_RTTACGTAAY_m1_c4
12539	3733	20605	926
413	387	164	33143
224	640	3106	33143
33143	36	4446	219
75	33143	167	4306
4599	247	33143	74
169	4625	97	33143
33143	2909	690	158
33143	204	348	404
1061	20530	3720	12613
>nitta__gt_TCTACA20NCAG_KI_NRTTACGTAAYN_m1_c3
3357	3398	3861	6399
9925	1170	7090	239
33	13	29	17015
53	37	1924	17015
17015	15	3654	31
0	17015	51	2878
2975	42	17015	13
0	3636	39	17015
17015	1664	49	0
17015	34	33	15
257	6848	1144	10167
6414	3739	3572	3291
>nitta__gt_TTGTCT40NGCT_KK_NRTTACGTAAYN_m1_c4
4050	10617	6882	6077
10262	4399	17363	1079
0	0	0	27625
0	0	5420	27625
27625	0	14130	0
0	27625	0	1659
1641	0	27625	0
0	14214	35	27625
27625	5880	0	0
27625	1	0	0
1005	17536	4520	10089
6072	6713	10758	4082
>nitta__vri_TGTGCA40NCCG_KK_RTTACRYMAY_m1_c2
22130	6878	22209	677
0	0	0	44339
0	0	5127	44339
44339	0	5884	0
0	44339	64	4055
12204	241	32135	0
219	12406	0	31933
27173	17166	72	0
44339	0	0	0
1238	24265	5793	20074
>taipale_cyt_meth__DBP_NRTTAYGTAAYN_FL
12734	30139	23385	22427
29262	8971	59423	0
0	0	0	88685
0	0	0	88685
88685	0	0	0
0	77286	0	11400
0	0	88685	0
0	0	0	88685
88685	0	0	0
88685	0	0	0
0	56694	9453	31991
20877	22090	32414	13304
>taipale_cyt_meth__DBP_NRTTAYGTAAYN_FL_meth
7470	24653	15375	23192
26579	2849	44111	0
0	0	0	70690
0	0	0	70690
70690	0	0	0
0	38411	0	32279
0	0	70690	0
0	0	0	70690
70690	0	0	0
70690	0	0	0
0	40186	3383	30504
21850	14934	24986	8921
>taipale_cyt_meth__DBP_NRTTAYGTAAYN_eDBD
2209	4272	3733	3404
5401	3526	8217	305
0	0	0	13617
0	0	1531	13617
13617	0	2291	0
0	8503	0	5115
296	0	13617	0
0	4150	0	13617
13617	1432	0	0
13617	0	0	0
222	7764	3651	5853
3392	3500	4387	2338
>taipale_cyt_meth__DBP_NRTTAYGTAAYN_eDBD_meth
6635	10362	9010	10473
16261	8700	20218	728
0	0	0	36479
0	0	3560	36479
36479	0	4594	0
0	14602	272	21877
4645	211	36479	0
0	11562	0	36479
36479	2280	0	0
36479	0	0	0
588	19248	8681	17231
10290	8687	10427	7076
>taipale_cyt_meth__HLF_NRTTRYGYAAYN_FL
1262	2635	1817	1840
2525	1781	5029	819
306	356	438	7554
321	365	1454	7554
5643	89	1912	0
0	5193	52	2362
0	0	7554	0
0	2139	66	5416
7554	1315	489	427
7554	467	283	674
811	4923	1832	2631
1950	1698	2616	1290
>taipale_cyt_meth__HLF_NRTTRYGYAAYN_FL_meth_repr
1128	2861	1888	1923
2578	1869	5220	766
225	180	117	7799
0	391	1726	7799
5094	56	2705	15
49	4814	296	2985
81	336	7799	0
72	2713	40	5086
7799	1371	729	54
7799	115	314	404
898	4755	2484	3044
1713	1704	3124	1258
>taipale_cyt_meth__TEF_NRTTAYGTAAYN_eDBD
2750	4671	4679	3683
5610	2351	10172	639
0	0	6	15782
0	0	0	15782
15782	22	3270	0
0	13125	0	2657
0	0	15782	0
0	3583	41	15782
15782	0	0	0
15782	0	0	0
535	9633	2563	6149
3834	4366	4767	2815
>taipale_cyt_meth__TEF_NRTTAYGTAAYN_eDBD_meth
2045	3295	3434	3974
4889	1581	7860	134
0	0	17	12748
0	0	0	12748
12748	1	931	0
0	5621	0	7127
652	0	12748	0
0	3051	0	12748
12748	0	0	0
12748	0	0	0
178	7059	1805	5689
3547	3183	3613	2405
>dbtfbs__NFIL3_HepG2_ENCSR201GGK_merged_N1
203	61	227	4
0	0	1	494
0	0	39	456
356	0	135	4
0	469	6	20
431	15	39	10
3	28	0	464
402	93	0	0
495	0	0	0
11	215	82	187
>transfac_public__M00045
6	9	3	5
9	3	11	0
1	0	0	22
0	0	2	21
23	0	0	0
0	8	0	15
1	0	22	0
0	0	0	23
23	0	0	0
23	0	0	0
0	11	4	8
7	4	8	4
>transfac_public__M00228
4	2	11	1
0	0	0	18
0	0	0	18
15	1	2	0
0	14	1	3
8	0	10	0
0	0	0	11
7	4	0	0
10	0	0	1
1	1	3	6
>transfac_public__M00260
6	0	12	0
0	0	0	18
1	0	0	17
14	1	3	0
0	14	1	3
7	0	11	0
1	7	0	10
12	5	1	0
17	0	0	1
2	3	1	12
>homer__VTTACGTAAYNNNNN_NFIL3
35.3	20.9	35	8.8
0.1	0.1	0.1	99.7
0.1	0.1	27.3	72.5
58.8	0.1	30.5	10.6
8.2	52	6.4	33.4
37.2	4.9	54.4	3.5
9.5	28.2	0.1	62.2
72	27.8	0.1	0.1
99.7	0.1	0.1	0.1
8.9	33.7	19.7	37.7
31.5	28.2	17.3	23
25.1	24.4	25.7	24.8
22	26.7	24.4	26.9
23.12312312	24.12412412	24.52452452	28.22822823
27	24.3	25	23.7
>scertf__spivak.CIN5
55	25	10	8
1	1	3	93
1	1	11	86
86	8	2	3
4	61	12	22
33	25	35	5
2	2	4	91
83	14	0	1
92	3	2	1
12	22	35	29
15	62	15	6
>cisbp__M00015
11.64406203	7.650693926	66.34022019	14.36502385
44.48011553	45.37867347	8.714970095	1.426240909
0.2919375489	1.856670122	2.384011627	95.4673807
5.059289649	1.861208649	15.50598514	77.57351656
96.585922	2.204350695	0.1367546269	1.072972674
7.730932494	60.05311905	13.94651266	18.26943579
34.76810065	11.00885907	43.32372119	10.89931909
8.960825868	5.489638441	4.677961301	80.87157439
65.7743587	17.22273093	10.34217378	6.660736589
76.09553639	7.257167557	7.783371578	8.86392447
>cisbp__M00605
23.06436746	23.06436746	23.06436746	30.80689761
23.06436746	23.06436746	30.80689761	23.06436746
19.53611606	4.243081491	4.243081491	71.97772096
10.51214565	2.286479229	12.80356759	74.39780753
85.36802296	2.286479229	10.05901858	2.286479229
0.01757687454	67.31924411	0.01757687454	32.64560214
23.62015676	0.01757687454	68.76047021	7.601796151
7.601796151	42.09644096	7.760107024	42.54165587
79.00564807	9.537428688	1.953209412	9.503713828
78.08829629	9.77961846	1.953209412	10.17887584
37.67651385	20.77449538	20.77449538	20.77449538
22.73109765	22.73109765	22.73109765	31.80670706
31.80670706	22.73109765	22.73109765	22.73109765
>cisbp__M00971
14.57424941	29.05690743	14.72072305	41.64812011
10.39236307	20.51325404	9.88552154	59.20886135
88.32832121	5.995809419	2.318825472	3.357043901
24.81391796	74.54512924	0.03961310445	0.6013396904
2.373054072	3.016742973	78.58475808	16.02544487
7.717803122	57.6004139	8.277406989	26.40437599
37.3095758	22.40423532	8.493065592	31.79312329
81.01042365	0.4793030709	1.315974998	17.19429828
19.02472756	37.92989484	14.37857977	28.66679783
19.86140187	40.39791778	20.46627161	19.27440874
>cisbp__M01793
14.56485924	15.00842524	51.3472677	19.07944783
41.89166493	43.16745606	8.980781271	5.960097737
0.5884074356	0.0005103898808	6.683650673	92.7274315
2.302240053	4.825346689	29.19164636	63.6807669
98.61696603	0.0005998945418	1.378841035	0.003593039842
1.97322972	60.92670909	19.29163634	17.80842485
22.01933255	9.601514247	34.1895766	34.1895766
33.16510813	17.1414304	4.020870267	45.67259121
66.77163359	10.08731147	12.95236431	10.18869063
43.58206964	12.2392233	21.42687166	22.7518354
>cisbp__M01820
22.76045928	22.76045928	22.76045928	31.71862217
31.71862217	22.76045928	22.76045928	22.76045928
22.55748387	5.827721548	5.827721548	65.78707303
19.33566525	3.915606789	12.19495991	64.55376805
86.18488029	2.01450676	2.01450676	9.786106186
15.77402151	67.60072074	0.01853498621	16.60672276
60.06583855	0.01853498621	39.89709148	0.01853498621
0.01853498621	13.0426531	7.666994023	79.27181789
77.97291372	2.25807571	2.25807571	17.51093486
77.97291372	2.25807571	9.862475826	9.906534747
34.82315957	26.79521355	19.19081344	19.19081344
21.1029282	21.1029282	28.70732831	29.08681529
23.00402823	23.00402823	23.00402823	30.98791532
>cisbp__M01831
46.81264277	17.37854094	27.12398095	8.684835337
5.404712846	2.021245722	6.198668234	86.3753732
2.758602237	4.176241303	19.66891456	73.3962419
58.96683273	1.755703735	34.50563229	4.771831242
5.909929947	85.81858398	1.404024557	6.867461517
6.867461517	1.404024557	85.81858398	5.909929947
4.771831242	34.50563229	1.755703735	58.96683273
73.3962419	19.66891456	4.176241303	2.758602237
86.3753732	6.198668234	2.021245722	5.404712846
8.684835337	27.12398095	17.37854094	46.81264277
>cisbp__M04013
45.96076327	13.99874374	39.4965209	0.543972094
0.1419073771	0.2171182869	0.2128610656	99.42811327
0.1201632514	0.2424595782	48.16199997	51.4753772
89.43542417	0.1244543157	10.27482066	0.1653008603
0.05414704306	79.03832595	0.6926309259	20.21489608
17.46398232	0.7806988392	81.70284468	0.05247415648
0.05120706781	13.36689556	0.1277091932	86.45418818
98.03346812	1.495011963	0.2672412587	0.2042786585
99.55809112	0.133567313	0.1527498526	0.1555917103
0.4786022679	41.13370024	16.41481235	41.97288514
>cisbp__M04016
46.4730463	4.299286917	48.63308455	0.5945822332
0.9477661323	0.9178816146	0.4824214998	97.65193075
0.4274951325	2.757555236	48.8190976	47.99585203
80.43711427	0.4114430398	17.8854641	1.265978584
0.2327648229	64.53510517	3.364509713	31.8676203
25.14513675	3.53916364	71.01145571	0.3042438918
0.2368403496	23.33044232	0.1317632931	76.30095403
89.69648249	5.772322654	3.841025842	0.690169013
96.70034666	0.536907077	1.213325442	1.549420817
4.62543992	35.15203183	29.51231775	30.71021051
>cisbp__M04034
53.97238018	10.88545898	30.69049553	4.451665313
2.966939814	2.006216445	1.158519356	93.86832439
1.429404901	1.66277713	53.90898483	42.99883314
80.33857316	1.69286578	14.36517533	3.603385732
2.808444703	64.34243657	5.365097811	27.48402092
18.31421006	5.648720212	73.30097087	2.736098853
1.456863191	22.12610972	0.7967220578	75.62030503
83.88888889	10.07575758	3.308080808	2.727272727
93.26221224	0.673778776	2.133632791	3.930376193
3.585850428	30.28589889	12.4697141	53.65853659
>cisbp__M05843
90.6977	2.3256	6.9767	0
0	0	0	100
0	0	23.2558	76.7442
81.3953	0	18.6047	0
0	93.0233	0	6.9767
0	0	100	0
0	23.2558	0	76.7442
93.0233	6.9767	0	0
100	0	0	0
0	55.81394419	4.651195349	39.53486047
60.4651	30.2326	9.3023	0
>cisbp__M07445
0	0	9	91
13.13131313	7.070707071	23.23232323	56.56565657
100	0	0	0
10.89108911	53.46534653	4.950495049	30.69306931
20	16	57	7
0	0	0	100
91	9	0	0
100	0	0	0
1.98019802	13.86138614	37.62376238	46.53465347
15	70	8	7
>transfac_public__M00398
54	7	35	4
4	2	0	95
2	2	5	91
86	0	14	0
0	98	0	2
2	0	98	0
0	26	0	74
95	5	0	0
100	0	0	0
4	49	9	39
