>jaspar__MA0378.1
427	159	161	250
202	293	194	309
289	174	192	343
250	217	293	238
353	77	297	271
533	42	342	82
782	73	71	73
898	36	46	18
904	9	50	35
855	14	42	86
541	34	16	408
86	42	14	855
35	50	9	904
18	46	36	898
73	71	73	782
126	405	91	376
82	354	103	459
327	201	165	306
115	428	154	301
217	83	374	324
216	169	405	208
>jaspar__MA1978.1
385	304	61	250
277	115	61	547
736	88	7	169
682	142	34	142
385	142	196	277
223	196	142	439
574	88	277	61
115	115	34	736
845	7	115	34
845	34	61	61
791	88	61	61
196	34	196	574
115	34	845	7
304	115	466	115
466	196	196	142
142	520	34	304
277	142	142	439
709	223	34	34
520	34	169	277
196	196	169	439
115	34	61	791
>flyfactorsurvey__vvl_SOLEXA_5_FBgn0086680
912	234	338	1218
987	321	131	1410
2943	0	0	0
47	23	0	2873
102	1	1644	1196
658	2095	56	134
1868	253	570	252
1008	631	585	719
1378	532	619	414
860	830	512	741
898	825	687	533
947	902	644	450
841	912	744	446
886	869	689	397
726	772	553	420
>hocomoco__ZN214_HUMAN.H11MO.0.C
68	54	31	111
55	144	26	39
81	135	27	21
80	16	8	160
2	35	16	211
10	68	53	133
23	87	17	137
6	25	67	166
102	15	134	13
132	5	58	69
7	3	172	82
10	112	131	11
77	145	27	15
91	95	8	70
27	72	47	118
8	20	16	220
2	74	14	174
41	44	173	6
215	19	12	18
14	8	29	213
26	20	169	49
167	34	18	45
>kznf__ZNF879_Imbeault2017_OM_RCADE
82.8271	2.92056	5.7243	8.52804
23.014	9.46262	1.98598	65.5374
89.36916246	3.855138381	0.1168219509	6.658877203
72.07941442	9.929911986	15.53740311	2.453270491
21.61212593	58.52807023	1.985982383	17.87382145
95.44392672	2.920560818	1.518690425	0.1168220327
80.02336799	6.191587523	4.789718084	8.995326402
26.28500789	10.39720312	2.453270736	60.86451826
49.64951489	13.6682041	2.453270736	34.22901027
40.771	16.472	19.743	23.014
20.2103	3.38785	3.38785	73.014
61.7990691	3.855138072	29.08878546	5.257007371
88.90187333	4.322428703	1.051399685	5.724298283
91.23831825	2.920560584	4.322430864	1.518690304
8.9953291	48.24769518	1.985979801	40.77099592
71.14489289	7.126169287	17.87379821	3.855139614
11.33179864	1.518689818	0.116821986	87.03268956
88.90187333	1.051399685	7.126167862	2.920559124
31.42519371	15.07009699	4.789719042	48.71499026
86.56541731	2.920560584	6.658881332	3.855140771
13.20089974	1.51868997	0.5841119883	84.69629831
8.995333598	2.453270981	85.63083425	2.920561168
13.66819453	61.79907528	16.0046936	8.528036589
71.14488577	13.66819727	7.126168575	8.060748388
12.73360891	81.89255732	1.051400736	4.322433026
13.2008971	65.53738558	0.1168219743	21.14489535
49.64952482	19.74300987	3.387851694	27.21961361
88.90187333	6.658878002	2.453269264	1.985979404
84.22897473	4.789718563	5.257008423	5.724298283
14.13550989	58.52804097	4.322433026	23.01401611
67.40648652	11.33179773	11.79909764	9.462618107
42.17289578	37.49999625	5.257009474	15.07009849
14.60279825	42.17289494	0.5841119299	42.64019488
60.39724228	13.20090924	22.07941546	4.322433026
15.0701	22.5467	42.6402	19.743
80.95793238	3.387851355	9.929913972	5.72430229
21.1448852	16.93928814	54.78966165	7.126165012
10.86449783	66.0046868	4.789719042	18.34109633
37.96729241	23.94859521	4.789719042	33.29439334
>cisbp__M06877
26.5957	21.2766	31.9149	20.2128
9.574490426	34.04256596	3.191496809	53.19144681
3.1915	0	95.7447	1.0638
7.4468	0	13.8298	78.7234
1.0638	91.4894	7.4468	0
4.2553	41.4894	0	54.2553
84.0426	5.3191	0	10.6383
6.383	7.4468	80.8511	5.3191
45.7447	0	48.9362	5.3191
0	0	0	100
21.27662128	4.255304255	8.510608511	65.95746596
0	100	0	0
85.10631489	3.191496809	2.127697872	9.574490426
27.65957234	10.63828936	9.574490426	52.12764787
25.5319	10.6383	17.0213	46.8085
28.7234	12.766	36.1702	22.3404
39.3617	10.6383	10.6383	39.3617
44.6809	22.3404	11.7021	21.2766
24.4681	13.8298	21.2766	40.4255
27.6596	36.1702	9.5745	26.5957
18.0851	17.0213	9.5745	55.3191
