>jaspar__MA1601.2
3	1	996	1
39	22	5	934
13	3	983	1
48	3	885	65
140	18	812	31
988	5	3	5
926	16	48	11
853	1	142	5
93	180	521	206
22	771	110	97
69	799	18	114
22	108	20	851
>kznf__ZNF75D_Imbeault2017_OM_RCADE
0.2729260098	0.05458520197	99.61790359	0.05458520197
3.329688495	1.582969284	0.05458517533	95.03275705
1.364629995	0.05458519978	98.52619961	0.05458519978
5.294761313	0.05458521354	91.10262259	3.54803088
15.1201	1.80131	80.8406	2.23799
99.39956302	0.2729258985	0.2729258985	0.05458517969
92.41266673	2.237989194	5.076418172	0.2729259017
84.98909048	0.05458519389	14.68339836	0.2729259694
9.661572898	17.52180526	51.58301547	21.23360637
0.9279487609	78.87556468	9.661577922	10.53490864
7.259829274	81.27729187	2.237989776	9.224889078
2.01965	10.0983	2.01965	85.8624
>kznf__ZNF75D_Imbeault2017_RP_RCADE
0.4736837764	0.05263157516	99.42105307	0.05263157516
1.315790111	2.789470234	0.05263160442	95.84210805
0.684210818	0.473683874	98.78947372	0.052631586
1.947370358	0.05263160968	93.52631721	4.473680823
8.684212605	1.947370584	88.05262642	1.315790395
98.57894968	1.105260557	0.05263162653	0.2631581326
91.84210551	1.947370117	5.736840344	0.4736840284
88.26316293	0.2631578895	10.99999538	0.4736838011
7	12.4737	62.7895	17.7368
1.315789342	83.42105829	9.526315237	5.736837132
3.210528812	89.94736672	0.8947366689	5.947367799
0.68421126	9.7368437	0.68421126	88.89473378
2.9999979	17.10528803	2.789468047	77.10524603
4.052632837	66.57894661	3.0000021	26.36841846
50.57892529	21.10531055	7.421053711	20.89471045
