>swissregulon__sacCer__ABF2
11.52	11.52	2.56	102.4
0	128	0	0
0	0	0	128
128	0	0	0
0	0	128	0
121.6	2.56	2.56	2.56
>taipale_cyt_meth__ZBTB26_NMTCYAGAAAAN_FL
1735	660	1664	1238
3379	1918	817	1385
64	0	81	5296
0	5296	0	0
6	2407	155	2890
5296	63	268	95
87	0	5296	0
5296	1	0	0
5296	232	371	1034
5296	1611	1121	1766
5296	1023	1870	911
1753	988	1481	1074
>taipale_cyt_meth__ZBTB26_NMTCYAGAAAAN_FL_meth_repr
153	113	169	88
285	237	79	103
10	0	9	523
2	523	3	0
0	256	0	267
523	12	21	17
12	0	523	0
523	11	0	0
523	31	37	87
523	227	107	161
523	124	182	99
153	106	115	148
>homer__NGNTCTAGAACCNGV_ZBTB12
30.73073073	18.41841842	29.82982983	21.02102102
25.2	13.9	51.8	9.1
30.76923077	22.27772228	20.07992008	26.87312687
5.2	20.1	7.8	66.9
1	93.8	2.6	2.6
4.2	12.9	3.6	79.3
79.3	1.3	18.1	1.3
1.6	0.3	97.8	0.3
86.7	5.2	4.5	3.6
69.9	6.8	12.3	11
3.2	89.4	3.2	4.2
19.1	56.3	6.5	18.1
25.9	30.1	17.8	26.2
17.2	18.1	43.7	21
33.3	24	30.1	12.6
