>kznf__ZNF765_Imbeault2017_OM_RCADE
11.7823	56.7803	19.6711	11.7663
3.522797886	78.79015273	7.290455626	10.39659376
3.522799295	8.326618335	11.42479772	76.72578465
8.675854794	25.51318469	48.53247088	17.27848963
7.300552037	0.08592212397	89.09072486	3.522800983
0.08592209639	0.08592209639	98.02379588	1.804359924
6.613173307	84.61464231	2.488911244	6.283273142
23.80040238	28.9560029	6.954590695	40.28900403
48.89561467	18.29290549	24.47930734	8.3321725
18.98311898	25.52752553	38.22183822	17.26751727
2.491738804	0.4296097938	96.30535377	0.7732976288
13.84159585	73.62227791	8.331607501	4.204518739
36.16752532	44.08343086	16.91361184	2.835431985
3.5228	85.6594	9.35713	1.46067
23.11831156	6.266653133	14.85670743	55.75832788
0.7732981539	0.0859221171	92.18391834	6.956861384
13.48691349	37.1963372	39.26613927	10.05061005
2.835429149	68.11757956	18.29859451	10.74839678
>kznf__ZNF765_Imbeault2017_RP_RCADE
14.5385	51.7692	21	12.6923
4.692311408	81.0000243	2.538460762	11.76920353
2.538459746	7.769229223	8.076919192	81.61539184
10.5385	24.0769	49.9231	15.4615
8.384620579	0.07692310531	88.3846061	3.153850218
0.07692313523	0.07692313523	99.15384541	0.6923083171
7.461541492	84.38461688	4.076920815	4.076920815
23.15380926	22.53850902	6.538462615	47.76921911
55.76922231	17.92310717	19.76920791	6.538462615
20.38462038	19.46151946	37.000037	23.15382315
4.692308123	0.3846148462	94.53846218	0.3846148462
12.3846	73.6154	9.92308	4.07692
38.84617281	46.23076764	12.69229112	2.230768438
1.615380596	91.76923386	6.538462413	0.07692312838
20.38458369	10.84619132	9.923072062	58.84615292
1.307690523	1.307690523	87.46153498	9.923083969
15.76921262	36.38462911	39.46153157	8.384626708
5.307690531	65.0000065	19.15380192	10.53850105
