>swissregulon__hs__SOX2
71	34	43	0
148	0	0	0
0	148	0	0
148	0	0	0
148	0	0	0
79	0	0	68
0	0	148	0
38	42	67	0
>swissregulon__hs__SOX3
204	7447	1575	1489
343	7554	32	2786
5154	11	11	5539
11	11	11	10682
11	11	11	10682
75	289	9033	1318
600	11	1211	8893
814	3536	1982	4383
>hocomoco__SOX2_HUMAN.H11MO.1.A
39	136	134	191
14	316	75	95
17	339	9	135
191	22	7	280
1	8	3	488
4	0	2	494
26	117	348	9
99	4	9	388
66	140	88	206
254	100	22	124
31	30	17	422
8	95	295	102
30	267	53	150
263	53	48	136
211	70	123	96
316	58	31	95
>cisbp__M01026
86.66666667	0	13.33333333	0
100	0	0	0
0	100	0	0
100	0	0	0
95.23809524	4.761904762	0	0
71.42857143	0	0	28.57142857
11.11111111	0	88.88888889	0
25	8.333333333	58.33333333	8.333333333
>cisbp__M08041
18.7013	5.7143	13.7662	61.8182
18.96101896	22.07792208	11.16881117	47.79224779
25.974	7.013	9.0909	57.9221
16.8831	12.2078	62.5974	8.3117
21.03897896	70.12982987	8.831191169	0
84.93518494	6.753206753	1.558401558	6.753206753
24.67532468	5.454505455	17.4026174	52.46755247
43.3766	15.8442	28.0519	12.7273
82.5974	0	0.7792	16.6234
2.3377	78.961	14.2857	4.4156
99.2208	0	0	0.7792
98.18189818	1.558401558	0.2597002597	0
48.8312	0	1.2987	49.8701
31.16883117	0.7792007792	63.37666338	4.675304675
16.3636	14.2857	64.4156	4.9351
