>cisbp__M06832
8.7566	32.9247	10.8581	47.4606
13.1349	36.4273	0	50.4378
7.3555	19.0893	7.1804	66.3748
8.9317	8.2312	5.2539	77.5832
2.626997373	21.01577898	2.101597898	74.25562574
13.6602	11.5587	13.8354	60.9457
22.7671	16.9877	23.4676	36.7776
0	96.4973035	0.8756991243	2.626997373
0	7.3555	0	92.6445
0	2.1016	0	97.8984
0.7005	8.9317	0	90.3678
16.4623	11.0333	10.683	61.8214
5.0788	18.9142	14.3608	61.6462
9.282	32.049	24.1681	34.5009
20.3152	20.8406	12.6095	46.2347
