>yetfasco__MATA1-MATALPHA2-dimer_1436
7.692307692	15.38461538	23.07692308	53.84615385
15.38461538	76.92307692	0	7.692307692
53.84615385	7.692307692	30.76923077	7.692307692
7.692307692	7.692307692	0	84.61538462
0	0	92.30769231	7.692307692
0	7.692307692	0	92.30769231
38.46153846	15.38461538	15.38461538	30.76923077
46.15384615	15.38461538	15.38461538	23.07692308
53.84615385	0	0	46.15384615
38.46153846	23.07692308	7.692307692	30.76923077
76.92307692	7.692307692	0	15.38461538
23.07692308	15.38461538	23.07692308	38.46153846
15.38461538	30.76923077	15.38461538	38.46153846
7.692307692	23.07692308	0	69.23076923
76.92307692	0	15.38461538	7.692307692
0	100	0	0
100	0	0	0
0	0	0	100
0	100	0	0
84.61538462	7.692307692	7.692307692	0
>scertf__badis.HMRA2
6	67	6	21
53	1	45	1
4	1	1	94
1	1	97	1
1	1	1	97
91	1	1	7
87	2	2	9
40	8	8	44
