>jaspar__MA0689.1
197	4	121	250
572	23	54	24
50	34	572	26
0	0	572	40
0	0	10	572
0	1	572	4
8	1	11	572
48	10	572	82
572	1	6	10
572	16	53	170
154	60	300	59
>jaspar__MA0690.2
1570	921	1488	3685
499	276	376	3685
10	60	4	3685
375	3685	344	50
3685	37	460	124
0	3685	0	0
3685	54	163	3
8	3685	28	2
179	3685	302	310
145	664	36	3685
489	490	254	2452
>jaspar__MA0800.1
4526	911	2274	2122
9832	158	1259	653
1775	1004	9832	1305
23	92	9832	94
19	600	50	9832
9	8	9832	3
495	1540	98	9832
210	550	9832	980
9832	28	99	24
9832	1956	1022	3351
9832	4337	2941	3781
5649	1960	1966	4183
2501	2577	1954	2800
>jaspar__MA1566.2
1668	732	1134	737
4271	77	682	176
482	455	4271	129
0	14	4271	0
2	293	0	4271
0	2	4271	0
91	528	18	4271
90	873	4271	717
4271	4	25	5
4271	340	425	470
4271	2840	2662	1516
>jaspar__MA1567.2
2660	1903	3247	1842
4968	643	2541	1500
758	186	8347	361
103	347	9131	71
158	229	152	9113
39	119	9393	101
710	229	676	8037
183	775	8237	457
9063	165	332	92
7889	492	898	373
2997	1841	3052	1762
2478	1915	2387	2872
>swissregulon__hs__TBX21
2322	263	937	872
4395	30	359	146
612	239	4395	398
2	17	4395	33
6	180	16	4395
1	0	4395	2
185	331	34	4395
80	126	4395	364
4395	0	38	0
4395	441	317	1287
>swissregulon__mm__Eomes
577.1620217	28.51161442	118.1161442	79.53484325
71.16260182	8.139372993	577.1620217	98.11614416
0	18.51161442	577.1620217	24.51161442
4.023228832	57.53484325	18	577.1620217
4.023228832	12	577.1620217	14.51161442
0	103.5580721	25.51161442	577.1620217
34.04645766	44.58130091	577.1620217	63.20905949
577.1620217	6.023228832	0	0
577.1620217	117.5813009	50.58130091	169.6277586
>hocomoco__BRAC_HUMAN.H11MO.1.B
234	44	105	117
124	19	291	66
17	127	350	6
7	5	2	486
3	0	490	7
104	3	55	338
12	55	381	52
471	5	22	2
348	5	129	18
255	54	118	73
148	57	124	171
>hocomoco__BRAC_MOUSE.H11MO.1.C
133	42	73	252
126	79	256	39
81	84	113	222
16	263	200	21
4	13	3	480
0	9	474	17
14	18	16	452
11	210	243	36
380	16	20	84
350	65	66	19
118	52	56	274
18	57	63	362
33	197	82	188
>hocomoco__TBR1_HUMAN.H11MO.0.D
6642	2937	3597	2534
8017	1146	3957	2590
14366	95	1008	241
1522	477	12855	856
3	54	15604	49
106	257	242	15105
329	62	15301	18
328	834	517	14031
327	346	13860	1177
15166	96	217	231
12320	933	651	1806
9251	2365	1641	2453
6919	1926	2051	4814
>hocomoco__TBX2_HUMAN.H11MO.0.D
2	2	1	3
1	1	4	2
2	4	2	0
3	3	1	1
4	2	0	2
3	1	1	3
0	7	0	1
4	2	0	2
1	2	3	2
7	0	0	1
1	0	7	0
1	0	7	0
1	0	0	7
0	0	7	1
2	0	0	6
0	1	7	0
7	1	0	0
4	0	4	0
4	2	2	0
3	2	0	3
1	0	5	2
1	4	1	2
0	3	4	1
4	3	1	0
2	3	1	2
>taipale__TBR1_full_NAGGTGTGAAN
1957	202	790	434
3383	3	127	54
208	22	3383	100
0	3	3383	0
0	46	24	3383
0	0	3383	0
37	158	17	3383
64	99	3383	142
3383	0	23	20
3383	100	28	506
2164	547	163	510
>nitta__byn_TTTCTG40NTAG_KK_AGGTGYGAANN_m1_c3
26863	1238	6538	3975
4660	5847	26863	6933
687	356	26863	365
0	1694	110	26863
53	44	26863	9
786	8242	619	18622
622	1604	26863	2681
26863	89	671	282
26863	5297	6159	9134
14056	3051	4267	5489
6802	2247	4078	13736
>taipale_cyt_meth__TBX1_NWAGGTGTGARN_eDBD
794	1782	4849	4416
7089	2123	5539	4752
11841	74	4784	2227
1283	1245	11841	953
0	115	11841	27
9	395	29	11841
2	2	11841	0
262	1049	45	11841
30	369	11841	1573
11841	0	0	0
8967	1704	2874	698
5241	2257	3615	728
>homer__AAGGTGTKAA_Tbr1
56.1	12.2	16.4	15.3
64.2	5.7	18.4	11.7
16.3	6.3	50.2	27.2
1.3	27.6	66	5.1
3.6	10.1	5.7	80.6
0.1	1	98.8	0.1
10.1	27.3	5.2	57.4
5.3	3.1	49.2	42.4
95.4	0.1	3.6	0.9
67	13.7	7.2	12.1
>cisbp__M00714
32.17074666	21.78142518	26.33917964	19.70864852
43.57928977	7.42299068	26.69782316	22.29989639
33.38868372	9.857346669	45.07000879	11.68396083
10.13960838	5.791836208	77.97976542	6.088790001
6.554990828	4.26408115	1.804397459	87.37653056
9.967039271	0.9794966874	85.56562075	3.487843289
18.36539858	28.23234713	4.955352881	48.44690141
9.992528811	12.45145763	49.00085243	28.55516112
81.26400687	1.949753978	10.56665406	6.219585092
43.62767386	16.37395022	19.99918796	19.99918796
