>yetfasco__YDR169C_2233
46.92031633	14.27415794	16.41918988	22.38633584
49.73235825	10.87705792	12.63733835	26.75324549
28.23639548	6.825132574	2.097218128	62.84125382
17.10237946	3.854408674	4.660942139	74.38226973
4.409869227	3.911203141	1.315011006	90.36391663
3.932687354	0.6902668598	8.079443506	87.29760228
0.6798531807	18.61786466	5.954347263	74.7479349
0.0294561498	96.07675767	0.687390614	3.20639557
87.1389198	1.854293247	8.649518239	2.357268715
24.27797882	30.86335995	23.32602565	21.53263558
>cisbp__M01569
45.37387838	14.59455896	19.89715907	20.13440359
43.97322155	12.27917876	13.2601626	30.48743709
27.79788956	8.667459824	2.730720425	60.80393019
14.05295056	4.774066524	3.498398401	77.67458451
5.2416808	5.883381711	1.83564435	87.03929314
7.26812309	1.321280966	9.803797334	81.60679861
0.9750296363	18.95093478	8.282190381	71.7918452
0.6514337534	95.59267364	0.7300095912	3.025883013
83.00899443	2.0009017	12.13606844	2.854035429
27.38913697	26.69862593	22.46948461	23.44275249
