>swissregulon__hs__ZNF350
8.271276596	1.675531915	3.377659574	1.675531915
2.872340426	7.340425532	4.787234043	0
1.70212766	0	13.29787234	0
0.9574468085	0	13.29787234	0.7446808511
0.9574468085	0	12.12765957	1.914893617
4.680851064	3.829787234	5.531914894	0.9574468085
3.829787234	5.638297872	5.531914894	0
2.872340426	0	9.468085106	2.659574468
2.872340426	10.42553191	0.9574468085	0.7446808511
12.34042553	1.70212766	0	0.9574468085
5.531914894	0	9.468085106	0
3.829787234	0.9574468085	6.382978723	3.829787234
2.659574468	2.872340426	4.787234043	4.680851064
5.744680851	3.617021277	4.680851064	0.9574468085
0.9574468085	0.9574468085	3.829787234	9.255319149
0	4.787234043	0	10.21276596
0	0.9574468085	0	14.04255319
0	0	10.31914894	4.680851064
0	1.70212766	4.680851064	8.617021277
0.7446808511	1.914893617	5.744680851	6.595744681
0.7446808511	1.914893617	8.510638298	3.829787234
0.9574468085	9.468085106	3.829787234	0.7446808511
0	13.29787234	0.7446808511	0.9574468085
1.861702128	7.606382979	3.670212766	1.861702128
>kznf__ZNF674_Imbeault2017_OM_RCADE
0.1107650055	0.1107650055	99.66770498	0.1107650055
1.883009755	0.1107649856	97.45188733	0.5543379279
56.4219536	0.1107651052	37.93463604	5.532645256
4.541257275	12.96479222	68.62985882	13.86409168
1.460030584	98.31843933	0.1107650443	0.1107650443
49.77348109	15.42069414	34.25148698	0.5543377894
12.97840908	86.80006076	0.1107650775	0.1107650775
4.098591844	82.24543701	0.1107650498	13.5452061
75.04955253	0.1107650775	24.72891731	0.1107650775
30.78878768	31.2469875	35.60068576	2.363539055
54.28595657	10.30319176	29.53287637	5.877975298
29.8132	22.7491	35.2387	12.199
>kznf__ZNF674_Imbeault2017_RP_RCADE
0.07788156511	0.07788156511	99.7663553	0.07788156511
0.7009350126	0.0778816014	99.14330178	0.0778816014
72.04049885	0.07788159875	24.9999996	2.881619954
4.127728762	19.08099428	58.95638231	17.83489465
0.07788156511	99.7663553	0.07788156511	0.07788156511
35.90343949	15.96571756	45.56075012	2.570092827
4.127730281	95.71650651	0.0778816053	0.0778816053
13.78500254	82.32091515	0.07788161433	3.816200702
58.6448756	5.685357635	35.59188519	0.0778815676
23.4424	25	40.2648	11.2928
36.52647443	20.01558599	39.95327203	3.504667547
22.5078	33.4112	29.0498	15.0312
