>kznf__ZNF816_Imbeault2017_RP_RCADE
50.10327996	17.45869302	22.83059087	9.607436157
41.4256	14.1529	33.5744	10.8471
35.6405	12.9132	32.3347	19.1116
44.7314	19.1116	23.2438	12.9132
50.1033	11.6736	27.376	10.8471
19.11159809	5.475209452	33.57439664	41.83879582
4.235540085	0.5165290103	94.73140189	0.5165290103
0.5165287882	0.1033059576	99.2768593	0.1033059576
0.1033059814	0.1033059814	99.69008206	0.1033059814
2.169419306	0.1033059669	97.62396876	0.1033059669
99.2768593	0.1033059576	0.5165287882	0.1033059576
6.301650882	87.70661228	5.888430824	0.1033060145
65.39257384	19.52479219	10.84709566	4.235538306
2.582640775	5.888431767	17.45870524	74.07022222
5.061980506	2.9958703	87.70660877	4.235540424
16.21900811	59.1942296	6.301653151	18.28510914
44.3182	22.0041	21.5909	12.0868
25.30991519	4.235542541	52.58263155	17.87191072
9.607436157	3.409088636	83.16116674	3.822308471
7.1281	7.54132	78.6157	6.71488
25.7231	15.3926	31.095	27.7893
>kznf__ZNF816_Schmitges2016_RCADE
57.55680576	15.28410153	19.37500194	7.784090778
44.82954483	16.87501688	25.96592597	12.32951233
38.2386	13.2386	30.5114	18.0114
49.375	13.6932	24.375	12.5568
53.92044608	11.19318881	24.37497563	10.51138949
16.875	4.375	42.1023	36.6477
2.784088769	0.05681817489	96.42045738	0.7386356735
0.7386362039	0.05681821568	99.14772736	0.05681821568
0.0568182258	0.0568182258	99.82954532	0.0568182258
1.647729354	0.2840908886	98.01136158	0.05681817773
99.82954532	0.0568182258	0.0568182258	0.0568182258
6.647729069	85.28408806	7.556818942	0.5113639284
59.60232384	20.7386083	11.64770466	8.011363205
5.738643443	10.28410617	20.73861244	63.23863794
7.784088443	4.374999125	81.19318376	6.64772867
18.23859453	54.60228362	6.647728006	20.51139385
39.6023	23.9205	19.8295	16.6477
24.60229754	5.965909403	48.69319513	20.73859793
