>jaspar__MA0003.4
4335	4092	4072	3469
2763	4620	3374	5211
2842	2634	3791	6701
1088	3615	9961	1304
280	15321	187	180
116	15351	212	289
278	1173	750	13767
530	13536	1406	496
13567	739	1229	433
186	217	15432	133
154	234	15422	158
1221	9445	4098	1204
4220	4783	3051	3914
5204	3915	3841	3008
>jaspar__MA0524.2
1289	1427	308	2810
878	1693	5834	139
70	5834	621	51
24	5834	9	121
37	3594	384	1820
516	2124	1327	1867
2405	1450	1702	277
2216	341	3261	17
163	12	5834	16
111	742	5834	37
254	5834	1172	599
3485	389	1035	925
>jaspar__MA0810.1
678	1183	173	1971
838	1906	4006	147
15	4006	229	0
0	4006	10	33
10	2812	221	963
197	1653	831	1324
1324	1439	1054	189
1697	407	1873	28
191	34	4006	0
5	788	4006	10
101	4006	468	226
1922	434	979	671
>jaspar__MA0811.1
716	763	180	1520
672	1006	3179	102
23	3179	261	23
1	3179	0	34
11	2054	152	963
209	1199	679	1092
1297	815	888	179
1274	213	1693	0
83	17	3179	0
37	417	3179	12
92	3179	484	239
1842	189	670	479
>jaspar__MA0812.1
1784	1412	232	1121
36	609	3940	30
0	4549	4	0
0	4549	1	158
16	1204	612	2716
576	2126	1498	348
3480	608	446	14
235	4	4549	2
6	10	4549	1
47	4250	299	25
1822	371	1149	1207
>jaspar__MA0813.1
306	153	95	751
0	329	1063	0
0	924	0	0
0	871	0	0
5	774	22	136
32	469	132	571
147	345	392	384
583	200	367	41
292	53	837	11
0	0	1236	0
0	0	1346	0
0	897	163	0
650	106	179	226
>jaspar__MA0814.2
11314	15858	17038	16609
13628	12565	20129	14497
3782	14686	37729	4622
736	57108	2273	702
482	57617	2060	660
1367	5539	4910	49003
1323	3036	55222	1238
51058	4733	3944	1084
874	1486	57995	464
714	1575	57916	614
4313	42758	9867	3881
10186	12553	27373	10707
16182	15252	18680	10705
12086	16468	17367	14898
>jaspar__MA0815.1
532	350	215	1466
0	659	2379	0
0	2496	0	0
0	2408	0	0
17	2073	95	330
89	1001	404	1217
365	913	924	425
1013	362	984	73
380	110	2359	20
0	0	3082	0
0	0	3137	0
0	2128	519	0
1282	174	343	435
>jaspar__MA0872.1
262	154	134	837
0	357	1359	0
0	1368	0	0
0	1373	0	0
48	1115	95	131
55	524	212	650
188	506	546	251
556	224	538	75
192	66	1420	53
0	0	1911	0
0	0	1903	0
0	1099	366	0
721	102	198	260
>jaspar__MA1569.1
2554	5504	1434	4957
0	6924	14449	0
0	14449	0	0
0	14449	0	0
0	4768	2053	7858
1440	5928	5766	1316
7716	2419	4463	0
0	0	14449	0
0	0	14449	0
0	14449	6818	0
4904	1506	5310	2729
>swissregulon__hs__TFAP2A
0	0	185	0
0	185	0	0
0	185	0	0
22	71	46	46
19	57	61	48
55	44	67	19
53	30	91	11
19	16	137	13
9	78	79	19
>swissregulon__hs__TFAP2C
177	170	36	290
108	303	672	55
11	672	35	3
17	672	10	7
13	412	47	200
64	251	145	212
301	173	178	20
242	38	392	0
73	96	672	78
21	205	672	4
19	672	97	53
392	64	117	99
>swissregulon__hs__TFAP2D
1.162790698	2.441860465	1.162790698	0.2325581395
0	0	5	0
0	3.139534884	0.9302325581	0.9302325581
0	5	0	0
0	3.023255814	0	1.976744186
0	0	5	0
1.976744186	1.162790698	1.860465116	0
0	0	5	0
0	0	5	0
0	4.069767442	0.9302325581	0
0.9302325581	1.162790698	1.976744186	0.9302325581
0	4.069767442	0.9302325581	0
0	0.9302325581	4.069767442	0
0.2325581395	1.162790698	0.2325581395	3.372093023
>swissregulon__hs__TFAP2E
369.517	172.742	163.174	294.567
260.541	211.816	194.359	333.284
292.862	281.323	73.0128	352.801
11.7773	272.676	697.188	18.3589
5.16013	983.588	5.91746	5.33486
2.25605	960.488	5.73258	31.5238
3.73483	283.214	123.762	589.29
24.3826	379.981	542.999	52.6377
589.29	123.762	283.214	3.73483
31.5238	5.73258	960.488	2.25605
5.33486	5.91746	983.588	5.16013
18.3589	697.188	272.676	11.7773
328.286	93.1729	334.133	244.408
563.777	145.25	140.24	150.733
263.206	222.321	242.153	272.32
>swissregulon__mm__Tfap2a
422.613	103.833	119.614	353.939
249.412	169.205	202.313	379.071
229.443	231.233	68.6897	470.634
13.814	501.744	463.635	20.8064
6.7443	985.507	3.25215	4.49675
1.75752	859.562	1.39554	137.285
5.45966	315.89	186.79	491.861
40.3261	375.312	497.433	86.9292
491.861	186.79	315.89	5.45966
137.285	1.39554	859.562	1.75752
4.49675	3.25215	985.507	6.7443
20.8064	463.635	501.744	13.814
348.377	94.3581	419.593	137.673
559.411	134.625	133.295	172.668
331.903	197.67	240.404	230.023
>swissregulon__mm__Tfap2c
80	78	62	261
0	0	675	0
0	402	0	0
0	411	0	0
30	287	49	75
44	158	101	176
86	132	187	80
193	73	127	44
79	35	406	38
0	0	657	0
0	0	659	0
0	386	0	0
209	79	59	70
>hocomoco__AP2A_HUMAN.H11MO.0.A
207	93	97	103
116	46	67	271
88	48	235	129
5	260	216	19
0	500	0	0
0	450	0	50
25	56	7	412
1	0	398	101
268	19	205	8
71	0	428	1
0	0	500	0
24	278	190	8
154	191	46	109
256	47	102	95
119	75	104	202
>hocomoco__AP2A_MOUSE.H11MO.0.A
203	103	117	77
88	98	96	218
114	73	222	91
2	233	257	8
1	498	1	0
0	487	0	13
13	106	36	345
39	0	459	2
271	48	179	2
31	0	468	1
0	0	500	0
7	360	130	3
>hocomoco__AP2B_HUMAN.H11MO.0.B
1	0	22	5
0	18	7	3
0	27	0	1
3	16	0	9
2	1	25	0
9	9	10	0
2	1	24	1
0	0	28	0
5	3	19	1
6	12	7	3
>hocomoco__AP2C_HUMAN.H11MO.0.A
193	101	135	71
98	62	83	257
92	50	259	99
5	253	236	6
2	494	4	0
1	476	1	22
25	66	13	396
18	0	458	24
277	13	208	2
37	0	462	1
0	0	499	1
14	309	171	6
157	175	49	119
214	85	121	80
>hocomoco__AP2C_MOUSE.H11MO.0.A
77	153	81	189
132	66	217	85
4	191	288	17
0	497	1	2
1	411	1	87
0	213	63	224
1	442	0	57
334	5	140	21
5	0	495	0
0	0	496	4
9	276	212	3
84	207	81	128
179	108	122	91
>hocomoco__AP2D_HUMAN.H11MO.0.D
1	2	1	1
0	0	5	0
0	3	1	1
0	5	0	0
0	3	0	2
0	0	5	0
2	1	2	0
0	0	5	0
0	0	5	0
0	4	1	0
1	1	2	1
0	4	1	0
0	1	4	0
1	1	0	3
>taipale__TFAP2A_DBD_NSCCNNNGGSN
1706	1939	277	1386
137	968	4340	47
0	5309	139	0
0	5309	11	281
33	1646	658	2972
575	2682	1613	438
3640	995	618	56
1012	224	5309	0
0	31	5309	0
31	4726	582	21
1865	798	1295	1350
>taipale__TFAP2A_DBD_NSCCNNNNNGGSN
1084	580	636	1719
0	1458	2986	0
0	2975	0	0
0	2966	0	0
283	2194	427	457
304	1602	537	1243
497	1277	1155	1019
1263	889	1441	417
1083	433	2760	320
0	0	5785	0
0	0	5755	0
0	2425	1066	0
1628	575	924	818
>taipale__TFAP2C_DBD_NSCCNNNGGSN
2750	2292	566	2150
159	836	6921	71
0	7757	148	0
3	7757	33	595
148	1751	1117	4740
1124	2896	2871	867
5725	837	1139	56
1038	85	7757	17
0	108	7757	0
127	7064	694	97
3008	509	1870	2370
>taipale__TFAP2C_full_NSCCNNNGGSN
382	245	123	276
0	251	775	13
0	1026	18	0
11	1026	5	37
44	272	131	580
172	446	319	89
741	110	135	41
106	210	1026	162
0	220	1026	69
21	953	73	2
398	91	213	324
>taipale__Tcfap2a_DBD_NGCCNNNNGGCN_repr
372	691	84	1471
255	636	2618	5
13	2618	154	0
24	2618	0	22
6	1875	134	602
92	1175	485	867
807	919	785	107
1100	243	1265	11
18	51	2618	17
0	463	2618	0
6	2618	222	102
1367	222	570	460
>taipale__Tcfap2a_DBD_NSCCNNNGGSN_repr
865	915	171	488
0	347	2092	49
0	2439	88	0
0	2439	79	96
0	766	287	1387
144	1269	909	117
1714	368	340	17
98	94	2439	0
0	164	2439	0
0	2299	140	0
823	181	616	820
>taipale__Tcfap2a_DBD_NSCCNNNNNGGSN_repr
868	349	383	2115
0	817	2951	0
0	2170	0	0
0	2166	0	0
143	1751	267	333
180	1101	470	1453
345	949	1295	771
1354	534	1340	265
713	189	3127	266
0	0	4885	0
0	0	4892	0
0	1921	531	0
1796	304	632	681
>nitta__AP-2_TGTCCG20NGA_KH_NGCCNNNNGGCN_m1_c3
967	1516	682	3372
1639	2198	6537	391
91	6537	1144	138
89	6537	70	398
98	3362	713	2363
533	2078	1699	2226
2308	1600	2124	505
2386	654	3391	105
385	83	6537	66
146	1090	6537	91
357	6537	2233	1681
3460	638	1487	951
>nitta__AP-2_TGTCCG20NGA_KH_NGCCNNNNNGGCN_m0_c3
652	641	376	2158
0	0	3807	0
0	3387	0	0
0	3410	0	0
125	2132	116	1055
254	1109	582	1673
754	1009	1100	752
1657	578	1142	248
1104	117	2103	131
0	0	3446	0
0	0	3414	0
0	3766	0	0
2196	374	628	644
>nitta__AP-2_TGTCCG20NGA_KH_NSCCNNNGGSN_m1_c3
2985	2234	1121	3775
433	1921	8194	264
0	10115	226	0
6	10115	210	1760
183	1831	1513	6589
1471	3532	3639	1474
6612	1525	1791	187
1737	258	10115	27
0	231	10115	0
216	8230	1886	464
3730	1171	2206	3009
>nitta__AP-2_TTGGTC20NTA_KD_NGCCNNNNGGCN_m1_c3
4094	7319	2761	13278
4113	7203	27452	532
13	27452	3950	147
263	27452	240	390
74	15472	2250	9655
1317	9913	6967	9256
8889	7495	9613	1455
9629	2345	15398	81
420	263	27452	223
25	4145	27452	1
464	27452	7195	4231
12889	3038	7270	4255
>nitta__AP-2_TTGGTC20NTA_KD_NSCCNNNGGSN_m1_c3
10662	11012	4180	13918
0	5513	34259	0
0	39772	713	0
0	39772	423	2725
0	8304	5397	26259
4428	15599	15577	4168
26266	5267	8398	0
2012	494	39772	0
0	787	39772	0
0	34388	5384	0
13859	4433	10980	10501
>nitta__AP-2_TTGGTC20NTA_KD_NSCCNNNNNGGSN_m0_c3
8295	4221	4029	13451
0	5600	17089	0
0	19335	0	0
0	19419	0	0
790	11900	2053	8965
2615	8486	3885	11510
7768	6326	6294	7623
11540	3825	8558	2585
8862	2032	11925	804
0	0	19374	0
0	0	19290	0
0	16980	5689	0
13133	4046	4198	8671
>taipale_cyt_meth__TFAP2A_NSCCYNRGGSN_FL
3337	4182	2183	4372
0	2837	11237	0
0	14074	0	0
0	14074	0	0
0	3683	3212	10391
1412	5640	5567	1455
10312	3044	3762	0
0	0	14074	0
0	0	14074	0
0	11168	2906	0
4404	2135	4177	3359
>taipale_cyt_meth__TFAP2A_NSCCYNRGGSN_FL_meth
6736	3851	4850	8383
228	6025	17793	179
0	23819	27	0
0	23819	0	1736
0	5158	0	18660
3433	8488	8443	3454
18476	0	5342	0
1780	0	23819	0
0	0	23819	0
261	17901	5917	243
8188	4868	3990	6772
>taipale_cyt_meth__TFAP2B_NGCCNNNGGCN_eDBD
572	1494	555	1504
165	2720	4124	145
0	4124	0	0
147	4124	122	707
481	1345	890	1409
757	1277	1345	745
1592	980	1188	365
646	210	4124	103
0	41	4124	0
0	4124	2646	100
1559	583	1328	654
>taipale_cyt_meth__TFAP2B_NGCCNNNGGCN_eDBD_meth
1109	1833	911	2351
0	5402	6203	0
0	6203	0	0
0	6203	0	396
174	2166	288	3574
1015	2085	2108	995
3623	295	2136	149
570	0	6203	105
0	0	6203	0
0	6203	4960	0
2244	718	1960	1281
>taipale_cyt_meth__TFAP2C_NGCCYNMGGCN_eDBD
727	1097	600	1162
1172	3558	3587	836
11	3587	84	32
229	3587	254	1546
683	2106	229	1480
851	954	1082	699
1828	1758	414	804
1922	352	3587	174
20	175	3587	72
710	3587	2496	1163
1176	747	1008	656
>taipale_cyt_meth__TFAP2C_NGCCYNRGGCN_eDBD_meth
2075	2790	2136	3676
2556	10208	10677	1906
0	10677	0	0
78	10677	46	3236
1394	4187	1239	6490
2138	3123	3249	2166
6597	1233	4080	1510
3390	31	10677	72
0	0	10677	0
1888	10677	10060	2472
3674	2066	2877	2060
>taipale_cyt_meth__TFAP2E_NGCCNNNGGCN_FL_meth
3474	2812	1304	5360
0	8145	12950	0
0	12950	0	0
0	12950	8	0
0	3468	0	9886
1674	4994	4881	1401
9986	0	3506	0
0	0	12950	11
0	0	12950	0
0	12950	8270	0
5562	1474	2633	3280
>taipale_cyt_meth__TFAP2E_TGCCCNNNGGCN_FL_meth
1332	3645	443	7835
1636	968	7835	71
0	7835	1962	259
0	7835	0	0
0	7835	0	2558
146	2487	701	4501
1966	2330	2477	1062
4803	143	2805	84
278	3	7835	15
0	128	7835	0
370	7835	3123	613
2474	1260	2268	1834
>taipale_cyt_meth__TFAP2E_TGCCCNNNGGCN_FL_repr
875	1616	328	6449
1495	1116	6449	224
110	6449	2122	376
0	6449	0	0
0	6449	65	1230
95	2240	1148	2966
1114	2423	2193	719
2976	1582	1820	71
382	0	6449	20
0	214	6449	0
238	6449	2440	462
1833	1163	2231	1222
>transfac_public__M00470
0	0	146	0
0	146	0	0
0	146	0	0
4	65	31	46
14	46	58	28
46	35	57	8
28	13	93	12
12	9	116	9
11	56	63	16
>homer__ATGCCCTGAGGC_AP-2alpha
40.84084084	20.92092092	16.11611612	22.12212212
15.31531532	8.808808809	11.11111111	64.76476476
16.6	6.3	59.6	17.5
0.8	63.6	34.8	0.8
0.1	99.7	0.1	0.1
0.1	94.1	0.1	5.7
2	18.4	1.8	77.8
9.9	35.3	50.6	4.2
68.3	0.9	30.2	0.6
2.8	0.1	97	0.1
0.1	0.1	99.7	0.1
1.4	60.7	36.8	1.1
>homer__SCCTSAGGSCAW_AP-2gamma
0.5	43.1	54.7	1.7
0.1	99.7	0.1	0.1
0.1	94.7	0.1	5.1
0.3	30.4	0.1	69.2
6.1	43.7	41.1	9.1
68.8	0.4	28.9	1.9
6.3	0.1	93.5	0.1
0.1	0.1	99.7	0.1
0.9	48.7	50.3	0.1
28.12812813	45.84584585	5.905905906	20.12012012
55.2	12.8	17	15
23.22322322	18.51851852	20.12012012	38.13813814
>kznf__ZNF611_Imbeault2017_OM_RCADE
6.712062014	3.210120963	88.81322664	1.264590379
7.879382285	2.821010818	88.81322576	0.4863811411
88.03502465	0.8754862451	10.21400286	0.8754862451
0.09727626245	0.8754856621	98.92996181	0.09727626245
21.88719562	65.07778698	7.10116858	5.933848813
1.653699504	1.264589621	91.92607242	5.155638453
2.821010564	88.03501761	7.879381576	1.264590253
0.09727625496	90.75875798	2.042799054	7.101166712
0.09727622578	38.61867053	22.66538271	38.61867053
15.66150371	51.84821229	32.39300768	0.09727632305
16.4397	31.6148	18.3852	33.5603
11.77039765	6.322958735	75.19458496	6.712058658
20.7198145	51.45913602	23.44361641	4.377433064
17.60700704	59.2412237	16.82880673	6.322962529
13.32681333	39.3969394	34.33853434	12.93771294
14.4942	19.5525	51.8482	14.1051
5.544753327	42.50972551	50.68093041	1.264590759
12.54861255	65.07786508	12.93771294	9.435809436
>kznf__ZNF611_Imbeault2017_RP_RCADE
1.713710411	0.1008060242	95.66532296	2.520160605
4.939518419	0.1008059677	94.85886965	0.1008059677
93.64919251	0.9072579274	3.729839702	1.713709863
0.1008059819	0.1008059819	99.69758205	0.1008059819
19.05239809	67.43949326	1.713709829	11.79439882
1.713710069	0.100806004	96.87500388	1.310480052
1.310480393	94.05242822	3.326610998	1.310480393
0.1008059677	93.24597016	0.1008059677	6.552417903
0.1008060948	35.98793383	19.45561829	44.45564179
21.47179313	49.29438423	28.72979081	0.5040318387
17.0363	32.3589	17.0363	33.5685
16.2298	9.77823	68.246	5.74597
23.08468846	47.68147616	22.27818886	6.955646522
18.24600547	56.55241697	19.45560584	5.745971724
12.1975878	47.68145232	27.52017248	12.6007874
16.63308337	18.24598175	55.74594425	9.374990625
7.762104657	46.06852764	44.05242643	2.11694127
9.778227067	65.02018049	13.81049586	11.39109658
11.3911	39.6169	24.6976	24.2944
7.762092238	27.52017248	54.13304587	10.58468942
11.79438821	41.63305837	32.35886764	14.21368579
>cisbp__M00111
22.03768432	33.54050831	10.20373584	34.21807153
11.17838556	19.37497051	66.95240896	2.494234962
0.9552885098	98.91472543	0.03704055524	0.09294550929
0.04371672473	89.11925935	0.03238614623	10.80463778
4.622262293	37.74617925	19.12285581	38.50870265
13.26120429	33.61064397	32.94510863	20.18304311
43.03069093	24.82654897	22.91779318	9.224966918
30.16240225	2.475880748	65.14373851	2.217978489
5.510077243	0.04313496502	94.30919013	0.1375976602
9.523698985	34.94527694	43.54449644	11.98652764
>cisbp__M00112
0.001940117952	99.98233202	0.003753725342	0.01197413337
0.009085289634	89.91828391	0.009268824659	10.06336198
2.30421045	23.44689506	17.72078208	56.52811241
10.76179166	39.09529204	39.48820626	10.65471004
53.78571079	15.56473586	28.64582858	2.003724771
5.164924871	0.002269695853	94.81148543	0.02132000506
0.001408965397	0.001075575292	99.99302095	0.004494505603
0.001060167373	66.73112687	33.13769691	0.1301160564
20.14217985	24.60171402	34.91149401	20.34461212
59.88263292	10.83071987	12.96672588	16.31992133
>cisbp__M00113
19.47249309	40.0049365	15.01429668	25.50827372
8.960022119	32.54984788	52.60297596	5.887154039
0.008608853812	98.9916899	0.02435631568	0.9753449331
0.1248088248	81.37172751	1.232479366	17.2709843
7.068940004	44.95718263	22.54944694	25.42443043
11.41541442	27.24757656	44.47666117	16.86034785
58.66909102	18.20894633	16.14988663	6.972076013
19.91749316	0.1923571265	79.17007594	0.7200737794
1.935888646	0.02653120929	97.56964872	0.467931421
6.174749395	50.93082287	30.58373396	12.31069378
>cisbp__M00114
21.32137874	17.6319089	13.59511132	47.45160104
22.21235061	32.15758886	13.47247167	32.15758886
0.4783629196	21.38338911	75.38545943	2.752788537
0.04308386872	96.1003897	0.01682975838	3.839696671
0.02962649434	93.77645011	0.01642277416	6.177500625
0.1274163991	32.77628304	13.59504212	53.50125844
12.28368006	31.4459927	39.18411977	17.08620746
45.49899217	25.4748114	23.05056257	5.975633851
11.85052091	0.1133099637	84.13072377	3.905445359
0.2871402244	0.165665498	95.79547052	3.75172376
>cisbp__M02765
32.4875208	25.16638935	6.572379368	35.77371048
0.4108463435	7.600657354	91.16680362	0.8216926869
0	98.76796715	1.232032854	0
0	97.01492537	0	2.985074627
0	14.19087137	11.24481328	74.56431535
9.604989605	40.24948025	38.91891892	11.22661123
64.15800416	13.34719335	22.07900208	0.4158004158
6.297420334	0.7966616085	91.23672231	1.669195751
0	1.595092025	98.36400818	0.0408997955
0.7822149033	87.77274599	11.19802388	0.2470152326
23.7936772	6.655574043	31.11480865	38.4359401
>cisbp__M02766
17.60117016	20.4778157	5.753291078	56.16772306
7.073455111	11.77613681	79.71239798	1.438010105
0.04430660168	90.87284005	8.506867523	0.5759858219
0	98.22796935	0	1.772030651
0.1950268162	53.87615797	7.849829352	38.07898586
4.729400293	30.52169673	27.20624086	37.54266212
35.05607021	23.64700146	35.00731351	6.289614822
28.42515846	6.825938567	64.31009264	0.4388103364
0.9060562709	0.619933238	97.80639008	0.6676204101
0.4476275739	7.69919427	91.8084154	0.04476275739
0.9828009828	71.99017199	17.62021762	9.406809407
53.38859093	4.973183813	21.01413944	20.62408581
>cisbp__M07783
31.11586888	16.73818326	23.39057661	28.75537124
1.2876	30.0429	68.6695	0
0	100	0	0
0	98.7124	0	1.2876
4.506404506	32.61803262	2.78970279	60.08586009
7.725292275	45.27895472	42.91845708	4.077295923
62.44633755	5.579394421	28.96997103	3.004296996
11.1588	0	88.8412	0
0	0	100	0
4.721004721	35.40773541	57.2961573	2.575102575
12.6609	66.7382	10.9442	9.6567
68.24036824	10.08581009	4.721004721	16.95281695
18.0258	23.8197	25.9657	32.1888
23.8197	11.588	40.9871	23.6052
13.5193	25.5365	39.485	21.4592
>cisbp__M07784
36.02483602	20.91102091	25.46582547	17.5983176
12.00828799	34.16146584	19.87578012	33.95446605
28.1573	17.1843	22.9814	31.677
0.8282	29.6066	69.1511	0.4141
0	100	0	0
0	96.2733	0	3.7267
1.035198965	31.46996853	2.484497516	65.01033499
6.8323	50.3106	35.8178	7.0393
58.7991412	7.867492133	30.84886915	2.484497516
8.6957	0	91.3043	0
0	0	100	0
2.898597101	31.88406812	63.14693685	2.07039793
7.0393	69.5652	14.4928	8.9027
61.2836	10.559	2.4845	25.6729
15.1139	28.5714	27.7433	28.5714
>cisbp__M08701
3.95256917	0	78.26086957	17.78656126
0	64.82213439	24.50592885	10.67193676
0	96.44268775	0	3.557312253
11.46245059	57.31225296	0	31.22529644
7.509881423	3.557312253	88.93280632	0
32.80632411	31.62055336	35.57312253	0
7.114624506	3.557312253	85.37549407	3.95256917
0	0	100	0
19.07114625	12.35177866	67.68774704	0.8893280632
22.23320158	44.76284585	25.39525692	7.608695652
