>hocomoco__KLF6_HUMAN.H11MO.0.A
77	92	253	74
110	123	238	25
221	94	139	42
228	9	183	76
24	3	404	65
12	0	474	10
22	26	442	6
129	227	0	140
58	3	424	11
14	11	342	129
104	32	339	21
43	15	415	23
114	225	103	54
146	158	68	124
31	78	259	128
73	63	302	58
80	85	299	32
173	55	215	53
128	116	226	26
>hocomoco__SALL1_MOUSE.H11MO.0.D
116	43	221	120
114	45	234	107
55	133	271	41
232	3	186	79
41	1	447	11
19	8	445	28
14	161	320	5
192	13	15	280
8	5	477	10
95	13	288	104
49	6	417	28
58	41	392	9
66	184	167	83
198	95	131	76
122	57	243	78
95	51	289	65
85	123	223	69
>homer__NRGCCCCRCCCHBNN_KLF3
22.32232232	26.42642643	21.72172172	29.52952953
25.5	21.1	37.1	16.3
38.5	0.1	61.3	0.1
0.1	99.7	0.1	0.1
0.1	71.6	0.1	28.2
40.8	59	0.1	0.1
0.1	99.7	0.1	0.1
52.1	0.1	47.7	0.1
0.1	99.7	0.1	0.1
0.1	99.7	0.1	0.1
0.1	99.7	0.1	0.1
30.8	32.7	0.1	36.4
17	32.7	21.7	28.6
19.8	25.8	28.3	26.1
22.3	30.2	24.5	23
>homer__VDGGGYGGGGCY_KLF1
26.72672673	25.52552553	35.93593594	11.81181181
32.1	2.1	37	28.8
13.9	0.1	85.9	0.1
0.1	0.1	99.7	0.1
0.1	0.1	99.7	0.1
4.6	49.5	0.1	45.8
0.1	0.1	99.7	0.1
0.1	0.1	70	29.8
15.8	0.1	84	0.1
10.2	5.4	75	9.4
0.1	82.1	0.1	17.7
20.7	39.6	11.4	28.3
