>cisbp__M06801
10.16951017	83.05088305	3.38980339	3.38980339
0	98.3051	0	1.6949
0	11.8644	11.8644	76.2712
10.1695	22.0339	23.7288	44.0678
5.0847	77.9661	6.7797	10.1695
40.678	57.6271	0	1.6949
0	77.9661	0	22.0339
1.694901695	81.35598136	1.694901695	15.25421525
77.9661	3.3898	16.9492	1.6949
11.8644	3.3898	76.2712	8.4746
50.84744915	8.474591525	16.94918305	23.72877627
15.25421525	3.38980339	0	81.35598136
52.5424	11.8644	33.8983	1.6949
37.2881	30.5085	11.8644	20.339
57.62704237	16.94918305	6.77969322	18.64408136
55.9322	32.2034	11.8644	0
11.8644	84.7458	0	3.3898
1.6949	69.4915	0	28.8136
8.4746	23.7288	13.5593	54.2373
>cisbp__M06802
64.5941	8.1174	18.9983	8.2902
12.43521244	79.1019791	5.008605009	3.454203454
0	92.4007	0.1727	7.4266
5.6995	7.0812	13.8169	73.4024
17.27118273	24.87047513	22.62517737	35.23316477
12.0898	75.9931	4.4905	7.4266
44.9049551	48.7046513	1.036298964	5.354094646
0.1727	81.6926	0	18.1347
7.4266	69.9482	3.6269	18.9983
68.2211	0.6908	26.7703	4.3178
15.544	5.6995	70.2936	8.4629
53.1952	5.5268	12.2625	29.0155
21.58892159	5.872205872	1.727101727	70.81177081
54.23145423	13.64421364	27.11572712	5.008605009
38.1693	24.3523	12.6079	24.8705
