>cisbp__M08241
14.9485	4.1237	17.0103	63.9175
2.0619	87.6289	3.6082	6.701
1.546398454	2.061897938	0	96.39170361
14.43298557	0	83.50511649	2.061897938
1.5464	1.5464	92.7835	4.1237
83.50511649	2.577297423	13.4020866	0.5154994845
2.5773	0	0.5155	96.9072
1.0309	0.5155	0	98.4536
4.6392	43.299	5.1546	46.9072
8.762908763	1.030901031	3.608203608	86.5979866
1.5464	0	96.9072	1.5464
6.1856	4.1237	1.5464	88.1443
0	2.0619	1.0309	96.9072
73.1958268	2.061897938	20.61857938	4.123695876
0	10.30928969	2.061897938	87.62881237
