>jaspar__MA1840.1
2485	2711	2405	2499
2163	3398	2168	2371
4797	878	3207	1218
83	9705	110	202
162	9704	53	181
549	9113	164	274
619	384	8643	454
110	9382	132	476
9478	180	115	327
308	1335	818	7639
2562	4295	1362	1881
2462	2803	1696	3139
2721	2502	2117	2760
>swissregulon__sacCer__MIG1
0.44	3.58	0.3	3.67
4.95	7.64	1.31	2.08
1.1	22.66	0.09	0.13
1	22.56	0	0.41
0.01	23.94	0.02	0.02
0.03	23.91	0.03	0.01
10.38	0.26	12.23	1.11
0.43	14.21	8.73	0.6
10.9	0.46	2.05	2.56
1.49	2.03	0.33	12.13
3.65	1.13	0.53	10.68
6.07	1.43	0.79	7.7
2.13	2.02	0.39	3.44
2.05	1.1	0.3	4.53
>swissregulon__sacCer__MIG2
41.71	14.59	54.28	17.4
19.88	45.29	8.65	54.16
19.34	8.45	8.78	91.41
92.02	8.12	22.91	4.93
2.22	249.45	2.61	1.69
0.05	250.51	0.09	5.32
0.22	255.14	0.45	0.18
0.17	254.97	0.66	0.18
76.46	14.31	163.81	1.4
6.46	220.63	22.29	7.88
160.24	32.38	41.77	20.31
51.68	20.55	5.88	49.88
26.5	8.63	2.84	90.01
>swissregulon__sacCer__MIG3
36.3	14.7	62.96	14.01
22.75	38.45	8.12	58.66
27.54	13.99	7.65	78.79
96.4	12.78	13.6	5.19
2.14	252.03	1.4	1.7
0.09	244.71	0.16	11.03
0.14	255.11	0.38	0.35
0.16	254.75	0.89	0.17
79.88	2.92	170.45	1.45
6.67	207.46	30.23	11.63
159.4	30.64	46.48	19.46
41.61	13.55	7.53	65.29
32.13	12.51	3.08	80.25
>transfac_public__M00061
1	1	6	6
8	2	1	3
6	3	1	4
7	0	2	5
7	0	0	7
9	0	0	5
9	0	0	5
10	0	2	2
2	3	1	8
0	7	7	0
0	6	0	8
0	0	14	0
0	0	14	0
0	0	14	0
0	0	14	0
5	1	2	6
7	2	3	2
>scertf__zhu.MIG2
15	7	7	71
72	6	18	4
1	97	1	1
1	94	1	4
1	97	1	1
1	97	1	1
23	1	75	1
1	94	4	1
89	1	9	1
40	16	5	39
21	7	2	70
>scertf__zhu.MIG3
21	10	5	61
75	10	11	4
1	97	1	1
1	95	1	3
1	97	1	1
1	97	1	1
21	1	77	1
1	91	6	1
84	2	13	1
32	10	5	50
25	10	2	63
>cisbp__M08524
1.190356843	96.42892947	1.190356843	1.190356843
1.190356843	96.42892947	1.190356843	1.190356843
1.190356843	96.42892947	1.190356843	1.190356843
1.190356843	96.42892947	1.190356843	1.190356843
48.80907907	1.190920927	48.80907907	1.190920927
1.190920927	48.80907907	48.80907907	1.190920927
48.80907907	1.190920927	1.190920927	48.80907907
48.80907907	1.190920927	1.190920927	48.80907907
48.80907907	1.190920927	1.190920927	48.80907907
48.80907907	1.190920927	1.190920927	48.80907907
>cisbp__M08537
31.41906174	17.10316698	28.13481914	23.34295215
16.24442222	37.58895973	7.007032689	39.15958536
24.79917063	10.17104873	50.56329359	14.46648705
29.47781288	18.05092543	15.57466601	36.89659568
46.62045493	12.20521003	32.04911861	9.12521643
23.01886983	34.50556214	11.33183592	31.14373211
12.70367146	10.77228943	7.317822531	69.20621657
79.31892131	8.107754855	6.998985	5.574338838
4.02031999	95.72917837	0.06734388685	0.1831577517
0.1228164829	97.03902521	0.03818439546	2.799973909
0.1835253936	99.3719629	0.2616085734	0.1829031283
0.09468239419	99.25754488	0.3670239801	0.2807487506
11.25444487	0.2037543285	80.35494127	8.186859535
0.3840716837	99.18928079	0.2579639871	0.1686835404
68.93590376	7.827154518	0.8508786835	22.38606303
20.15663076	32.56047396	15.84879969	31.4340956
28.32474853	27.21961521	8.336269897	36.11936635
27.74246848	13.62299359	20.596088	38.03844993
32.05362545	16.16106949	33.46013273	18.32517233
20.89167589	26.81625879	21.86763716	30.42442816
9.19739237	31.88763127	35.10123037	23.81374599
