>swissregulon__hs__SP1
682.6436366	443.1455214	2075.655346	287.2114681
299.8883247	103.7433832	2613.892702	471.1315624
591.4892493	42.63182754	2845.165408	9.369487261
7.071084742	45.29093411	3432.88477	3.409183158
91.30898409	19.15364814	3373.65695	4.536390348
809.2082973	2246.941954	61.30766022	371.1980607
120.5647644	42.43492444	3242.156063	83.50022078
13.72524477	35.85822052	3332.406686	106.6658207
558.118808	90.00845042	2694.854973	145.6737408
264.0088462	254.7175868	2796.880875	173.0486646
519.4601391	1874.934909	654.5411208	439.7198038
>swissregulon__hs__SP2
7.178680982	5.022239264	12.62653374	6.157208589
12.71165644	3.63190184	9.647239264	4.993865031
6.809815951	0.9079754601	17.25153374	6.015337423
1.81595092	0.9079754601	15.32208589	12.93865031
5.901840491	3.858895706	18.27300613	2.950920245
6.923312883	3.064417178	20.99693252	0
0	0	30.98466258	0
0	4.085889571	26.89877301	0
2.837423313	19.1809816	8.966257669	0
2.042944785	2.042944785	26.89877301	0
0	3.858895706	22.35889571	4.766871166
13.73312883	0	15.32208589	1.929447853
11.23619632	5.107361963	14.64110429	0
4.880368098	13.6196319	6.355828221	6.128834356
2.950920245	6.355828221	6.469325153	15.20858896
19.86196319	1.81595092	7.263803681	2.042944785
16.34355828	4.766871166	5.788343558	4.085889571
>hocomoco__SP4_HUMAN.H11MO.0.A
111	124	227	37
133	74	231	61
70	90	302	37
202	125	124	48
263	56	112	68
173	13	274	39
115	9	318	57
171	10	307	11
34	6	450	9
18	2	467	12
62	384	5	48
28	8	427	36
27	9	430	33
176	15	283	25
107	5	373	14
99	298	71	31
124	207	62	106
163	39	182	115
151	56	249	43
166	71	215	47
>hocomoco__SP4_HUMAN.H11MO.1.A
99	24	354	19
168	45	251	32
242	14	204	36
181	12	288	15
111	6	325	54
108	3	382	3
4	2	486	4
9	5	480	2
168	301	0	27
7	0	476	13
7	7	455	27
126	5	347	18
70	11	402	13
128	272	61	35
72	178	110	136
109	44	219	124
>dbtfbs__SP3_HEK293_ENCSR141PZA_merged_N1
138	64	264	33
94	9	275	121
108	12	373	6
23	15	452	9
13	0	486	0
97	364	0	38
23	1	475	0
8	8	415	68
121	8	319	51
93	25	346	35
89	299	49	62
>dbtfbs__SP5_HepG2_ENCSR019NPF_merged_N1
96	60	273	45
78	16	202	178
112	1	361	0
0	0	474	0
0	0	474	0
167	245	0	62
8	0	462	4
0	0	437	37
183	9	258	24
67	17	371	19
130	270	21	53
>transfac_public__M00196
32	21	35	20
24	20	56	8
14	10	65	19
17	1	89	1
0	0	108	0
0	2	106	0
19	80	0	9
2	5	99	2
0	1	99	8
21	5	76	6
17	10	72	9
3	55	21	29
9	40	32	27
>kznf__SP1_HocoMoco.2_Misc
18.14721337	18.90318549	53.13913472	9.810466431
21.99031898	17.4066938	47.06371566	13.53927156
16.4294054	14.04688006	59.38563875	10.13807579
25.98227607	19.99518861	44.46527068	9.557264629
35.81694397	17.7804504	31.88877923	14.5138264
21.32676033	12.60565496	58.29084171	7.776742998
10.78292077	2.179777117	72.97613682	14.0611653
16.21266011	0.4772970146	82.68391083	0.6261320533
0.30297947	0.46108106	98.84803843	0.3879010407
0.6550486738	1.155034357	98.09403449	0.09588248014
18.2833694	64.75825031	2.121880414	14.83649988
1.738160529	0.9670668529	93.99357129	3.301201331
1.493536331	1.483382613	92.90798471	4.11509635
16.43667703	5.009173482	74.47701835	4.077131132
8.476511828	7.049103092	79.83072446	4.64366062
14.73004077	54.89453077	19.13575367	11.23967479
9.518522227	43.26712256	26.17960488	21.03475034
26.93472078	15.69680731	37.13485194	20.23361997
20.69483088	22.50223603	47.44938126	9.353551832
