>jaspar__MA1363.1
1	27	5	1
6	1	23	4
3	2	5	24
5	1	25	3
6	9	8	11
0	5	13	16
9	7	2	16
0	10	13	11
4	8	18	4
0	34	0	0
34	0	0	0
0	34	0	0
1	0	33	0
0	0	0	34
0	1	33	0
>swissregulon__hs__MLXIPL
0.5120481928	2.439759036	6.536144578	0.5120481928
1.204819277	8.795180723	0	0
9.277108434	0	0	0.7228915663
0	3.855421687	1.204819277	4.939759036
0.843373494	1.204819277	7.951807229	0
1.204819277	0	3.13253012	5.662650602
0	0	10	0
4.337349398	2.530120482	3.13253012	0
2.168674699	7.108433735	0	0.7228915663
6.265060241	3.012048193	0.7228915663	0
4.21686747	4.819277108	0	0.9638554217
1.807228916	5.903614458	0	2.289156627
0.9638554217	3.855421687	4.21686747	0.9638554217
0.843373494	3.253012048	2.771084337	3.13253012
0	6.86746988	2.168674699	0.9638554217
0.9638554217	0	9.036144578	0
0	0	0	10
0	1.204819277	8.795180723	0
0.5120481928	2.198795181	3.765060241	3.524096386
>flyfactorsurvey__E_spl__SANGER_5_FBgn0000591
2	1	11	0
0	14	0	0
14	0	1	0
0	15	0	0
0	0	15	0
1	2	0	12
0	0	15	0
1	11	1	2
0	14	0	1
11	0	4	0
>flyfactorsurvey__HLHm3_SANGER_5_FBgn0002609
0	18	0	0
21	0	1	0
0	22	0	0
1	0	21	0
1	3	0	18
0	0	22	0
3	14	3	2
0	18	0	4
15	4	1	2
>flyfactorsurvey__HLHm7_SANGER_5_FBgn0002633
0	1	16	1
0	18	0	0
18	0	1	0
0	19	0	0
0	0	19	0
2	0	0	17
0	0	19	0
0	17	1	1
0	18	1	0
17	1	1	0
12	5	2	0
>flyfactorsurvey__HLHmdelta_SANGER_10_FBgn0002734
4	1	2	16
2	0	21	0
5	1	13	4
0	23	0	0
18	0	3	2
0	22	0	1
0	0	23	0
0	6	0	17
0	0	22	0
>flyfactorsurvey__HLHmgamma_SANGER_10_FBgn0002735
1	6	14	0
0	21	0	0
22	0	2	0
0	24	0	0
0	0	24	0
1	5	0	18
0	0	24	0
2	20	0	2
0	22	0	2
16	0	4	3
>hocomoco__MLXPL_HUMAN.H11MO.0.D
1	2	6	1
1	9	0	0
9	0	0	1
0	4	1	5
1	1	8	0
1	0	3	6
0	0	10	0
4	3	3	0
2	7	0	1
6	3	1	0
4	5	0	1
2	6	0	2
1	4	4	1
1	3	3	3
0	7	2	1
1	0	9	0
0	0	0	10
0	1	9	0
1	2	4	3
>taipale__MAX_DBD_CACGTGNNNNNCACGTG_repr
44	2459	1	2
2459	11	55	32
5	2459	12	142
198	12	2459	1
40	134	1	2459
7	5	2459	30
331	948	720	459
549	779	307	822
890	762	373	432
994	533	537	395
792	802	539	326
22	2459	4	2
2459	5	59	30
2	2459	5	109
303	24	2459	4
124	185	12	2459
4	2	2459	54
>nitta__cwo_TCTGAG40NCAG_KK_NNCACGTGNNNNNCACGTGNN_m2_c4
3877	2148	3542	2598
2872	849	3977	5005
785	11034	96	202
13072	281	1003	550
85	11219	112	401
398	123	11325	138
602	908	191	13628
161	132	11177	842
5161	3458	886	3214
2502	3518	2334	3813
3354	2767	2845	3335
3872	2227	3538	2462
3224	946	3267	5280
889	11164	110	155
13602	226	888	546
141	11320	132	450
500	110	11187	86
463	967	259	13314
169	128	11060	736
5139	3783	851	3039
2406	3681	2262	3815
>taipale_cyt_meth__MAX_NCACGTGNNNNNCACGTGN_eDBD_repr
2929	3625	3665	2144
544	12363	0	0
12363	0	1894	147
1	12363	0	961
881	0	12363	2
110	1630	0	12363
0	0	12363	399
2253	3691	3707	2712
2409	3767	2996	3191
2990	3226	3240	2907
3131	2964	3811	2457
2755	3634	3644	2329
301	12363	7	0
12363	0	1543	104
6	12363	0	859
1019	3	12363	0
131	2050	5	12363
0	0	12363	496
2190	3801	3439	2933
>taipale_cyt_meth__ZBTB14_NYGCRCGTGCACGYGN_eDBD_meth_repr
84	33	44	0
13	35	23	122
0	8	142	42
29	163	9	24
16	0	144	11
18	160	13	9
22	0	159	5
0	51	35	151
0	0	143	37
0	161	0	2
155	0	0	0
0	147	2	5
17	0	156	0
27	62	0	91
34	38	116	44
30	56	39	34
>dbtfbs__CLOCK_MCF-7_ENCSR699YFX_Rep1_N1
23	196	76	93
75	95	181	37
44	88	120	136
37	97	220	34
33	150	115	90
63	100	157	68
49	152	98	89
101	53	184	50
35	80	191	82
99	102	82	105
21	367	0	0
378	0	10	0
0	354	10	24
7	0	381	0
0	0	0	388
0	0	388	0
>elemento__CACGTGC
0	100	0	0
100	0	0	0
0	100	0	0
0	0	100	0
0	0	0	100
0	0	100	0
0	100	0	0
>homer__GNCACGTG_BMAL1
20.9	16.2	44.9	18
24.02402402	23.52352352	24.92492492	27.52752753
2.7	96.1	0.7	0.5
98.4	0.1	0.4	1.1
0.2	92.9	0.1	6.8
9.5	1.9	88.5	0.1
0.8	1.5	0.2	97.5
0.4	0.2	96	3.4
>cisbp__M01519
21.44209372	61.88983724	7.503398013	9.164671028
56.84203822	10.7003469	17.12049291	15.33712196
0.07537666711	89.54510745	1.924646843	8.454869035
11.99310282	0.2027729742	87.73594858	0.06817561841
4.021239494	3.069731771	4.533934869	88.37509387
0.02964192247	0.004051915205	88.36132543	11.60498073
9.139959855	38.96469552	32.54604946	19.34929516
17.90954074	27.53157625	26.18884543	28.37003757
22.08681045	26.9768912	23.6882849	27.24801346
>cisbp__M06737
20	0	74	6
36	26	28	10
0	100	0	0
94	0	6	0
2	98	0	0
0	0	100	0
10	2	0	88
0	2	98	0
8	28	32	32
20	58	10	12
38	12	22	28
30	6	40	24
2	52	22	24
28	44	10	18
28	30	16	26
10	50	36	4
16	12	40	32
18	16	50	16
10	30	44	16
30	50	4	16
