>cisbp__M01189
22.15240798	14.84920314	25.73742615	37.26096273
44.45367138	5.665796896	46.26786012	3.612671602
1.044202464	96.85871795	0.3407021655	1.756377416
0.6336523977	1.120466657	0.3655856307	97.88029531
6.305577195	0.7721584616	92.89171969	0.03054465743
0.07143190299	96.63966908	0.1275801239	3.161318889
0.256130335	0.01225196628	99.27871087	0.4529068322
4.922108665	37.10445446	49.09400987	8.87942701
47.38064973	16.4153014	19.45713638	16.74691248
>cisbp__M01455
25.41151681	16.04187497	21.01428594	37.53232228
44.07675802	7.359063	39.48546441	9.078714565
5.331597976	85.94013943	3.757113593	4.971149003
0.5407307907	0.9004742245	1.514622543	97.04417244
5.755276214	0.2836872265	93.70176596	0.2592706031
0.05430503507	99.17259036	0.01211709117	0.760987513
1.594434703	0.3892705232	97.17556143	0.8407333394
8.061339263	34.36641242	41.97523091	15.59701741
44.96272516	17.2159076	22.55222694	15.26914029
