>jaspar__MA0973.1
334	284	235	148
608	92	150	150
693	16	41	250
980	10	4	5
979	10	2	9
868	29	81	22
17	7	969	6
53	295	154	498
328	77	395	200
299	282	155	264
>jaspar__MA0977.1
756	26	182	36
598	1	12	389
990	1	4	5
986	1	8	6
744	1	254	1
4	1	977	18
8	198	65	729
238	44	557	160
>jaspar__MA0984.1
448	86	224	241
684	12	61	243
970	4	10	16
899	3	79	19
363	42	589	6
485	61	443	11
102	191	460	247
174	215	408	204
>jaspar__MA1269.1
182	108	194	116
402	72	47	79
349	7	27	217
600	0	0	0
600	0	0	0
600	0	0	0
0	0	600	0
104	125	57	314
282	15	135	168
235	54	233	78
139	361	45	55
91	48	33	428
67	31	45	457
65	51	24	460
>jaspar__MA1276.1
107	206	187	99
467	4	103	25
348	0	0	251
599	0	0	0
599	0	0	0
599	0	0	0
0	0	599	0
2	6	219	372
169	31	198	201
348	48	136	67
276	131	67	125
>jaspar__MA1280.1
142	194	174	90
529	17	34	20
456	0	3	141
599	0	0	1
600	0	0	0
600	0	0	0
0	0	600	0
22	37	209	332
193	23	127	257
387	32	131	50
303	102	80	115
293	77	52	178
262	96	76	166
273	87	55	185
>swissregulon__hs__ZNF384
5.388888889	5.5	25.5	2.5
0	16	22.88888889	0
38.88888889	0	0	0
38.88888889	0	0	0
38.88888889	0	0	0
38.88888889	0	0	0
38.88888889	0	0	0
14	10	13.88888889	1
5	12	6	15.88888889
9	15.88888889	7	7
4	8	16.88888889	10
6.25	13.13888889	15.25	4.25
>flyfactorsurvey__hb_SOLEXA_5_FBgn0001180
3	13	21	23
7	16	19	26
10	23	9	28
9	8	33	20
0	0	0	70
0	0	0	70
0	0	0	70
0	0	0	70
4	0	0	66
0	0	0	70
43	4	23	0
>flyfactorsurvey__jim_F1-4_SOLEXA_2.5
5	15	23	25
7	16	19	26
9	22	8	28
8	8	33	19
0	0	0	70
0	0	0	70
0	0	0	70
0	0	0	70
4	0	0	65
0	0	0	70
43	4	22	0
>hocomoco__FEZF1_HUMAN.H11MO.0.C
153	61	181	105
66	243	37	154
35	16	11	438
6	10	475	9
7	278	51	164
13	217	26	244
31	363	13	93
120	30	7	343
3	67	25	405
10	5	9	476
22	58	35	385
86	166	79	169
>hocomoco__ZN384_HUMAN.H11MO.0.C
5	5	26	3
0	16	23	0
39	0	0	0
39	0	0	0
39	0	0	0
39	0	0	0
39	0	0	0
14	10	14	1
5	12	6	16
9	16	7	7
4	8	17	10
6	13	15	5
>kznf__FEZF1_Schmitges2016_RCADE
31.81086819	25.72117428	26.36217364	16.10578389
33.73403373	18.02881803	27.64422764	20.59292059
34.375	20.2724	30.8494	14.5032
68.02888844	12.90061677	15.4647201	3.605774688
97.51602301	0.08012821891	2.323720548	0.08012821891
99.43910259	0.08012820208	0.08012820208	0.4006410104
77.00317058	0.08012816939	9.695506296	13.22119495
34.69550756	0.08012821747	57.13141245	8.092951764
44.31089194	1.682689694	53.92629019	0.08012818542
19.63139446	11.93909663	68.34938073	0.0801281774
0.08012821234	99.75961536	0.08012821234	0.08012821234
88.5416637	2.003209179	0.4006408357	9.054486288
26.0416974	16.74679833	47.51599525	9.69550903
27.0032	25.0801	13.5417	34.375
21.234	27.6442	30.8494	20.2724
>cisbp__M01062
18.46390409	28.38377548	16.7068313	36.44548913
26.59034528	31.83442306	11.59470108	29.98053058
55.96025134	17.19539545	19.19484285	7.649510367
0.03833963909	99.35795576	0.009939178034	0.593765419
0.4368721747	4.673393029	1.022126608	93.86760819
0.2186553121	0.003026771601	0.3197362932	99.45858162
0.04037786734	0.007911218354	0.4150013596	99.53670955
33.20401821	4.448962395	1.845353576	60.50166582
18.97177927	18.97177927	11.50696579	50.54947568
>cisbp__M01213
34.90273667	22.93273213	25.34458862	16.81994258
2.312803311	87.22232709	0.4059441638	10.05892543
3.140780542	0.02636999021	8.202765463	88.63008401
4.356762641	0.2104997673	2.51363338	92.91910421
4.306483709	2.534817713	2.225811852	90.93288672
33.15012643	13.34372892	7.854185157	45.65195949
22.20472248	21.9837818	21.33406285	34.47743287
>cisbp__M01223
23.75445458	21.70993683	21.49391935	33.04168923
23.35148477	18.92834568	30.58961492	27.13055463
21.2486414	40.70264016	10.7649228	27.28379563
42.05759544	15.78468236	31.78644684	10.37127535
2.481509997	89.02055018	0.582088515	7.915851312
2.993387283	10.44794822	5.400035981	81.15862851
5.208922634	0.02329242793	1.974614218	92.79317072
3.909644037	1.201350488	1.810216282	93.07878919
33.82834989	7.325044319	2.512552592	56.3340532
17.64681528	22.65895934	16.29006364	43.40416175
>cisbp__M01224
21.07379919	27.60592778	17.6023167	33.71795633
28.70139359	27.02995455	14.39593218	29.87271968
46.13752305	17.31592448	23.84624036	12.7003121
2.653578801	93.30831445	1.357859034	2.680247711
3.598149368	5.261518371	7.173686285	83.96664598
3.019299697	0.6472807948	2.170646211	94.1627733
2.267312981	0.8013923887	2.431711721	94.49958291
36.62130398	9.121462446	5.3155163	48.94171728
19.98538036	24.41019869	14.95433201	40.65008894
>cisbp__M06830
25.8824	25.5462	14.2857	34.2857
23.1933	18.3193	7.563	50.9244
19.3277	13.7815	7.7311	59.1597
25.2101	6.2185	7.563	61.0084
13.27731328	3.529403529	8.571408571	74.62187462
19.8319	2.1849	27.395	50.5882
9.5798	58.3193	0.1681	31.9328
74.2857	13.7815	7.7311	4.2017
0	100	0	0
0	0	0	100
0	0	0	100
0	0	0	100
23.6975	0	0	76.3025
7.2269	5.8824	3.5294	83.3613
18.9916	26.2185	26.0504	28.7395
>cisbp__M06836
19.6667	12.8333	16.1667	51.3333
15.66668433	20.999979	3.666696333	59.66664033
36	15.6667	5	43.3333
54.5	30.5	9.5	5.5
0	100	0	0
0	0.1667	0	99.8333
0	0	0	100
0	0	0	100
18.3333	0	0	81.6667
3.833303833	2.000002	0.8333008333	93.33339333
21.6667	26.8333	27.1667	24.3333
>cisbp__M06841
27.5	23.1667	12.5	36.8333
27.5000275	17.33331733	9.833309833	45.33334533
25.999974	13.16668683	6.166693833	54.66664533
23.8333	9	4.6667	62.5
15.8333	3.1667	12.1667	68.8333
3	21.8333	2.6667	72.5
30.5	22.5	3.3333	43.6667
62.5	19.8333	13.6667	4
0	100	0	0
0	1	0	99
0	0	0	100
0	0	0	100
23.3333	0	0	76.6667
4.5000045	7.333307333	4.333304333	83.83338383
20.5	24.6667	28.8333	26
>cisbp__M06843
20.8333	8.1667	16.1667	54.8333
7.3333	26	1.6667	65
32.83333283	25.33332533	7.5000075	34.33333433
60.8333	30.8333	6.1667	2.1667
0	100	0	0
0	0.5	0	99.5
0	0	0	100
0	0	0	100
21.5	0	0	78.5
4.3333	8.5	5.1667	82
19	29.1667	31.3333	20.5
>cisbp__M06844
39.7993	14.3813	9.699	36.1204
38.796	7.6923	13.7124	39.7993
23.91302391	6.521706522	19.3980194	50.16725017
8.0268	20.4013	4.1806	67.3913
37.9599	26.5886	11.7057	23.7458
60.5351	35.786	3.5117	0.1672
0	100	0	0
0	0.3344	0	99.6656
0	0	0	100
0	0	0	100
23.5786	0	0	76.4214
4.180604181	7.023407023	0.3344003344	88.46158846
20.7358	23.913	31.9398	23.4114
>cisbp__M06848
22.5000225	20.33332033	16.33331633	40.83334083
24.66667533	12.66668733	12.66668733	49.99995
21.5	18.8333	9.6667	50
22	11.6667	14.5	51.8333
19.8333	9.1667	16.8333	54.1667
6.5000065	21.33332133	4.333304333	67.83336783
34.3333	16.8333	11.6667	37.1667
43.33334333	33.000033	13.83331383	9.833309833
0	100	0	0
0	0.1667	0	99.8333
0	0	0	100
0	0	0	100
23	0	0.3333	76.6667
2.166697833	10.16668983	4.666695333	82.999917
11.16668883	32.66666733	36.999963	19.16668083
>cisbp__M06862
21.202	15.025	13.3556	50.4174
12.187	24.207	5.8431	57.7629
43.2387	12.3539	5.8431	38.5643
70.6177	18.3639	7.6795	3.3389
0	100	0	0
0	0	0	100
0	0	0	100
0	0	0	100
29.3823	0	0	70.6177
4.6745	4.0067	3.8397	87.4791
12.3539	35.5593	30.217	21.8698
>cisbp__M07336
79.5	4.3333	11	5.1667
80.4999195	0.1666998333	0.1666998333	19.16668083
100	0	0	0
100	0	0	0
91.3333	0	8.6667	0
0	0	100	0
19.66668033	15.66668433	10.999989	53.66664633
57.000057	3.833303833	15.83331583	23.33332333
77.3333	0.1667	19	3.5
76.6667	4.5	8.5	10.3333
71	4.1667	7.3333	17.5
62.3333	2.5	20	15.1667
46.5	9	24.8333	19.6667
38.6667	12.5	21.8333	27
50.16664983	5.166694833	18.66668133	25.999974
>cisbp__M07364
18.1667	27.1667	32.8333	21.8333
75.4999245	4.666695333	11.66668833	8.166691833
72.1667	0	0	27.8333
100	0	0	0
100	0	0	0
99.8333	0	0.1667	0
0	0	100	0
0	4.1667	27.3333	68.5
31.8333	6.8333	25.6667	35.6667
63.33336333	1.000001	29.33332933	6.333306333
50	23	6.3333	20.6667
>cisbp__M07365
16.8333	33.1667	28.8333	21.1667
91.1667	0	4.8333	4
83.66661633	0.1666998333	0	16.16668383
99	1	0	0
100	0	0	0
98.5	0	1.5	0
0	0	100	0
0.8333	7.5	22.5	69.1667
34.16666583	5.166694833	27.4999725	33.16666683
67.83336783	4.833304833	15.5000155	11.83331183
52.3333	21.6667	6.8333	19.1667
