>jaspar__MA1163.2
835	310	352	616
795	337	453	528
1171	237	579	126
48	21	1980	64
1845	101	16	151
2079	3	8	23
7	9	51	2046
2045	52	9	7
23	8	3	2079
150	16	100	1847
67	1977	20	49
128	575	237	1173
531	451	337	794
619	352	309	833
>jaspar__MA1167.1
316	6	229	49
0	0	600	0
544	0	4	52
600	0	0	0
0	0	0	600
490	110	0	0
1	1	0	598
95	70	34	401
28	529	12	31
138	158	149	155
206	79	166	149
>jaspar__MA1383.1
74	52	16	72
45	43	14	112
58	44	24	88
93	44	49	28
30	24	113	47
137	18	8	51
170	0	0	44
0	0	0	214
214	0	0	0
0	0	0	214
2	0	0	212
3	210	0	1
7	48	0	159
24	55	12	123
46	40	12	116
>jaspar__MA1389.1
385	87	85	43
334	66	105	95
325	49	188	38
38	2	545	15
482	49	25	44
600	0	0	0
0	1	59	540
599	1	0	0
0	0	1	599
46	14	43	497
2	597	1	0
0	263	154	183
226	122	125	127
317	61	44	178
154	76	101	269
>jaspar__MA1830.1
175	126	110	145
185	118	101	152
276	56	66	158
279	120	54	103
389	43	44	80
334	24	91	107
144	24	351	37
45	11	483	17
481	20	16	39
536	3	6	11
8	5	26	517
513	17	7	19
57	8	6	485
20	16	23	497
34	477	13	32
20	92	16	428
105	79	37	335
71	56	77	352
63	64	112	317
124	70	52	310
116	192	98	150
128	113	146	169
158	75	112	211
>jaspar__MA2023.1
65	37	40	45
90	22	29	46
72	39	32	44
75	32	75	5
1	1	180	5
154	16	5	12
187	0	0	0
1	0	0	186
184	2	1	0
1	1	0	185
16	3	12	156
4	183	0	0
7	114	27	39
49	28	33	77
42	29	21	95
56	32	34	65
51	39	42	55
>cisbp__M06921
28	8.3333	12.6667	51
21.1667	17.8333	18.3333	42.6667
24.5000245	27.33332733	47.83334783	0.3333003333
0.3333	0.1667	99	0.5
84.3333	5.1667	1.5	9
99.3333	0.5	0.1667	0
0.6666993333	0	0.1666998333	99.16660083
88.3333	11.6667	0	0
0.5	0	0.1667	99.3333
7.999992	2.166697833	6.666693333	83.16661683
2.6667	88.3333	0.6667	8.3333
5.166694833	31.66666833	7.666692333	55.4999445
14.3333	18.8333	11.6667	55.1667
9.833309833	13.33331333	11.000011	65.83336583
22.83332283	16.5000165	13.33331333	47.33334733
>cisbp__M07047
61.2457	8.9965	20.9343	8.8235
54.6713	6.5744	23.5294	15.2249
49.827	7.0934	39.2734	3.8062
0	0	98.7889	1.2111
80.4498	9.6886	1.3841	8.4775
100	0	0	0
0	0	2.0761	97.9239
100	0	0	0
0	0	0	100
6.0554	5.7093	6.0554	82.1799
0	100	0	0
2.0761	36.3322	32.3529	29.2388
34.08303408	18.51211851	25.43252543	21.97232197
46.88575311	7.958492042	10.8996891	34.25606574
25.4325	11.0727	18.8581	44.6367
