>jaspar__MA0052.4
5075	2119	3651	5317
4033	1960	4493	5676
1984	10919	1007	2252
627	2974	236	12325
12437	1013	1066	1646
13132	253	610	2167
14680	141	506	835
14453	231	241	1237
14956	173	202	831
441	349	215	15157
15582	50	422	108
2566	1060	11104	1432
7709	4039	1605	2809
6171	3523	1810	4658
5254	3812	2479	4617
>jaspar__MA0369.1
10	10	10	8
14	2	16	10
11	0	1	30
0	0	5	37
0	42	0	0
0	0	0	42
42	0	0	0
16	0	0	26
22	0	0	20
23	0	0	19
32	0	0	10
0	0	0	42
42	0	0	0
0	0	42	0
27	14	0	1
4	15	2	20
7	16	3	16
10	13	10	7
>jaspar__MA0497.1
705	321	676	507
733	151	573	752
431	196	822	760
382	1412	78	337
0	985	0	1224
1616	256	74	263
1706	32	241	230
2107	0	87	15
2131	0	2	76
2135	0	4	70
56	62	0	2091
2177	0	32	0
389	120	1671	29
975	836	148	250
1009	450	126	624
>jaspar__MA0660.1
1385	72	1766	505
18	3150	0	12
0	25	0	3150
3150	0	0	15
1495	2	0	1655
3150	0	12	710
3150	3	2	143
3150	0	0	45
0	0	0	3150
3150	3	2	3
98	19	3150	3
1013	2138	99	506
>jaspar__MA0773.1
2120	109	1933	1642
28	5803	0	53
3	22	0	5803
5803	8	2	6
2782	0	2	3021
5803	4	0	778
5803	0	2	217
5803	2	1	69
0	0	0	5803
5803	0	4	0
339	17	5803	5
3206	2598	70	585
>jaspar__MA1814.1
1259	576	683	2305
1295	689	719	2120
682	3258	246	637
235	573	85	3930
3927	239	87	570
248	163	98	4314
469	70	55	4229
203	33	50	4537
357	58	99	4309
285	65	143	4330
331	32	4270	190
265	110	3924	524
1089	525	2029	1180
1882	765	670	1506
1945	689	680	1509
>swissregulon__hs__MEF2A
30	193	10	15
6	115	0	127
101	42	43	62
139	29	41	39
185	12	45	6
221	0	0	27
230	1	0	17
1	0	2	245
230	0	18	0
12	21	212	3
>swissregulon__hs__MEF2C
90	9	96	65
23	22	122	93
6	186	16	52
0	0	0	260
260	0	0	0
4	1	0	255
27	0	0	233
7	8	0	245
48	6	0	206
18	5	17	220
163	0	97	0
39	18	175	28
>swissregulon__hs__MEF2D
8.697041	340.133407	12.650855	128.919324
0	2.892018	0	487.508609
486.483248	1.961826	1.955553	0
11.797862	9.636189	0	468.966576
14.554916	4.895603	0	470.950108
4.881847	3.934105	0	481.584675
215.607087	2.90439	0	271.88915
21.295634	9.683128	0.949883	458.471982
477.743661	0	12.656966	0
59.714874	5.749375	410.331576	14.604802
>hocomoco__MEF2A_HUMAN.H11MO.0.A
137	39	122	202
64	40	194	202
14	362	25	99
1	28	0	471
464	3	4	29
32	1	4	463
51	1	2	446
7	24	5	464
67	41	6	386
70	18	58	354
275	1	218	6
80	19	329	72
180	192	52	76
>hocomoco__MEF2A_MOUSE.H11MO.0.A
144	40	112	201
61	41	190	205
25	339	27	106
8	39	4	446
451	7	17	22
38	10	6	443
28	8	7	454
28	28	10	431
87	62	13	335
74	14	42	367
305	6	176	10
68	25	334	70
159	200	56	82
179	103	51	164
>hocomoco__MEF2B_HUMAN.H11MO.0.A
127	59	207	107
97	55	126	222
102	18	136	244
84	52	187	177
24	386	20	70
1	44	1	454
431	13	16	40
53	10	3	434
38	3	2	457
18	24	7	451
67	59	24	350
85	28	70	317
236	0	244	20
61	26	348	65
>hocomoco__MEF2C_HUMAN.H11MO.0.A
149	37	142	172
52	46	210	192
15	346	23	116
1	31	0	468
474	8	3	15
30	3	1	466
40	6	3	451
12	19	5	464
74	45	11	370
69	21	61	349
283	2	211	4
77	36	317	70
180	182	51	87
>hocomoco__MEF2C_MOUSE.H11MO.0.A
46	37	91	90
59	28	65	112
29	20	97	118
6	203	15	40
0	14	3	247
241	1	4	18
35	5	2	222
28	11	0	225
8	12	1	243
43	18	7	196
29	14	22	199
153	0	107	4
41	6	172	45
80	118	32	34
87	66	19	92
>hocomoco__MEF2D_HUMAN.H11MO.0.A
156	28	151	165
34	32	250	184
12	379	30	79
1	10	3	486
485	1	1	13
27	3	2	468
40	6	4	450
47	20	3	430
149	43	6	302
43	7	27	423
377	0	118	5
47	16	393	44
>hocomoco__MEF2D_MOUSE.H11MO.0.A
147	30	151	172
36	37	244	183
13	377	30	80
1	12	3	484
481	0	2	17
29	2	2	467
40	11	4	445
45	16	3	436
148	45	7	300
38	5	25	432
382	0	112	6
43	17	394	46
151	237	32	80
155	143	43	159
>taipale__MEF2A_DBD_KCTAWAAATAGM_repr
166	86	475	496
51	971	3	51
0	9	0	971
971	3	0	4
517	0	2	454
971	2	0	155
971	0	0	51
971	4	0	39
0	2	0	971
971	2	0	1
165	5	971	12
603	368	41	95
>dbtfbs__MEF2A_representative_N1
7	347	14	73
1	11	0	429
431	1	3	6
28	3	0	410
35	2	5	399
16	18	1	406
102	42	0	297
36	8	39	358
286	0	154	1
51	18	332	40
>dbtfbs__MEF2D_K562_ENCSR647ZXA_merged_N1
30	201	5	21
0	75	0	182
221	19	2	15
190	0	14	53
231	0	16	10
232	1	2	22
237	0	0	20
4	2	0	251
252	0	5	0
29	7	215	6
>dbtfbs__mm_MEF2A_CH12.LX_ENCSR806JZK_merged_N1
43	40	213	184
19	356	28	77
0	31	0	449
462	0	7	11
52	0	0	428
58	5	1	416
19	37	3	421
85	68	4	323
65	30	60	325
247	0	230	3
52	29	326	73
>transfac_public__M00026
17	4	12	5
10	2	13	13
3	3	12	20
0	35	0	3
0	0	0	38
38	0	0	0
1	0	0	37
5	0	0	33
8	0	0	30
23	0	0	15
0	0	0	38
38	0	0	0
4	1	33	0
14	20	0	4
12	6	2	18
5	9	5	19
>homer__DCYAAAAATAGM_Mef2c
25.9	9.9	33.7	30.5
18.9	60	6.5	14.6
1.7	44.4	0.1	53.8
64.1	11.9	7.8	16.2
59	3.3	17.5	20.2
88.7	0.6	4.3	6.4
87.1	0.6	2.4	9.9
89	1	0.7	9.3
3	3	1.1	92.9
93.5	0.2	5.8	0.5
19.5	6.2	69.3	5
35.23523524	43.94394394	10.01001001	10.81081081
>homer__GCTATTTTTAGC_Mef2d
10	5.6	52.1	32.3
4.5	72.7	7.7	15.1
0.1	4.9	0.1	94.9
94.9	0.1	2.2	2.8
7.8	0.1	1.1	91
12.2	1.1	1.1	85.6
7.4	5.5	2.2	84.9
28.1	8.4	0.1	63.4
10.8	5.5	7.1	76.6
63.7	0.1	35.1	1.1
11.2	1.1	68.8	18.9
19.2	61.2	11.7	7.9
>homer__GCTATTTTTGGM_Mef2b
15.1	13.6	43.7	27.6
3.7	75.7	6.1	14.5
0.6	11.6	0.1	87.7
88.5	0.1	3.7	7.7
18.7	0.1	0.1	81.1
16.3	4.3	2.5	76.9
4.3	10.6	0.6	84.5
31.3	16.1	5.6	47
18	8.9	17.4	55.7
39.4	0.1	59.3	1.2
7.4	6.2	70.3	16.1
30.6	34.6	17.6	17.2
>yetfasco__YPL089C_419
0	92.15686275	3.921568627	3.921568627
0	3.921568627	0	96.07843137
90.19607843	0	1.960784314	7.843137255
42	0	0	58
32	0	0	68
40	0	0	60
46	0	0	54
0	1.960784314	0	98.03921569
82.35294118	5.882352941	9.803921569	1.960784314
19.60784314	13.7254902	52.94117647	13.7254902
>scertf__spivak.RLM1
9	5	13	71
2	93	2	1
1	2	1	94
90	2	1	5
36	2	1	59
54	2	1	41
57	1	1	39
72	1	1	24
2	1	1	94
95	1	2	1
5	3	86	5
>cisbp__M02745
2.003910068	0.3421309873	0.4398826979	97.21407625
61.86625194	0.8709175739	12.41057543	24.85225505
0.1003009027	99.74924774	0.1003009027	0.05015045135
0.1003009027	0.05015045135	0.1003009027	99.74924774
99.5993991	0.05007511267	0.2003004507	0.150225338
62.60623229	0.1259049418	0.283286119	36.98457664
97.54781756	0	0.1471309465	2.305051496
96.69421488	0.1944579485	0.04861448712	3.062712688
99.74924774	0.05015045135	0.1504513541	0.05015045135
0	0.05015045135	0.2006018054	99.74924774
99.6492986	0.250501002	0.0501002004	0.0501002004
0.447761194	0.1492537313	98.95522388	0.447761194
>cisbp__M07979
31.0573	15.4185	30.6167	22.9075
31.0573	10.5727	27.0925	31.2775
16.07928392	10.13218987	38.54626145	35.24226476
14.978	64.0969	5.7269	15.1982
0	50.6608	0	49.3392
71.1454	12.9956	2.4229	13.4361
70.4846	1.9824	11.4537	16.0793
93.8326	0	4.4053	1.7621
90.5286	0.4405	0.2203	8.8106
92.511	0	0	7.489
3.304	0	0	96.696
95.815	0	4.185	0
20.92512093	5.286305286	70.26437026	3.524203524
41.62995837	35.46256454	9.030790969	13.87668612
38.76646123	26.21147379	7.048492952	27.97357203
>cisbp__M07980
31.3525	14.5492	31.1475	22.9508
29.71312971	11.47541148	27.66392766	31.14753115
13.9344	12.2951	38.7295	35.041
14.3443	64.7541	4.918	15.9836
0	53.0738	0.4098	46.5164
69.0574	14.5492	3.6885	12.7049
71.92627193	1.639301639	12.90981291	13.52461352
93.0328	0	4.918	2.0492
89.3443	0.2049	0.2049	10.2459
88.9344	0	1.0246	10.041
3.688503689	0	0.4098004098	95.9016959
93.8525	0	6.1475	0
17.21308279	5.327894672	74.59012541	2.868897131
38.1148	39.1393	8.6066	14.1393
38.3197	23.5656	7.1721	30.9426
>cisbp__M08212
0	100	0	0
0	16.9811	0	83.0189
100	0	0	0
37.1069	0	0	62.8931
53.4592	0	5.0314	41.5094
50.9434	0	0	49.0566
72.956	0	0	27.044
0	0	0	100
94.3396	0	5.6604	0
0	0	100	0
>cisbp__M10936
5	28	25	42
16	32	31	21
18	36	27	19
19	25	33	23
22	12	43	23
33	9	21	37
20	4	43	33
3	85	3	9
3	8	0	89
85	0	0	15
58.16326531	0	0	41.83673469
91	0	1	8
96	0	0	4
93	0	1	6
0	0	0	100
100	0	0	0
9	0	90	1
34	46	11	9
36	28	8	28
20	37	15	28
30	34	13	23
23	23	22	32
>cisbp__M10937
22	22	24	32
26	27	29	18
26.53061224	14.28571429	26.53061224	32.65306122
18	21	37	24
22	3	49	26
31	10	9	50
15	4	39	42
0	98	0	2
0	0	0	100
80	0	1	19
53	0	0	47
92	0	0	8
91.91919192	1.01010101	2.02020202	5.050505051
99	0	0	1
0	0	0	100
98	0	0	2
5	0	92	3
46	39	4	11
42	27	6	25
26	34	6	34
30	28	18	24
30	28	23	19
>cisbp__M10938
41	27	15	17
13	43	32	12
7	9	7	77
7	0	84	9
9	0	7	84
0	1.098901099	4.395604396	94.50549451
63	1	20	16
0	98	2	0
0	2	0	98
91	2	0	7
68	0	0	32
100	0	0	0
100	0	0	0
100	0	0	0
0	2	0	98
100	0	0	0
2	0	98	0
80	9	6	5
72	6	0	22
43.43434343	36.36363636	2.02020202	18.18181818
27	48	9	16
21	23	17	39
