>jaspar__MA0177.1
4	10	1	10
0	0	0	25
25	0	0	0
25	0	0	0
0	0	0	25
0	1	8	16
23	0	2	0
>jaspar__MA0184.1
2	9	3	6
0	0	0	20
18	0	0	2
20	0	0	0
0	0	0	20
0	0	1	19
14	0	6	0
>jaspar__MA0191.1
4	2	3	11
0	0	0	20
20	0	0	0
20	0	0	0
0	0	0	20
1	0	6	13
15	0	5	0
>jaspar__MA0195.1
3	7	2	8
4	0	0	16
16	0	3	1
20	0	0	0
0	0	0	20
0	2	4	14
16	0	4	0
>jaspar__MA0198.1
0	11	4	7
0	0	0	22
22	0	0	0
22	0	0	0
0	0	0	22
0	0	0	22
13	0	8	1
>jaspar__MA0200.1
6	8	3	4
0	0	0	21
21	0	0	0
21	0	0	0
0	0	0	21
0	1	0	20
13	1	6	1
>jaspar__MA0202.1
3	13	0	11
0	0	0	27
27	0	0	0
27	0	0	0
0	0	0	27
0	0	0	27
17	0	10	0
>jaspar__MA0206.1
1	3	0	14
0	0	0	18
16	0	0	2
18	0	0	0
1	0	0	17
0	0	6	12
15	1	2	0
>jaspar__MA0209.1
2	10	0	7
1	0	0	18
19	0	0	0
19	0	0	0
0	0	0	19
0	0	6	13
16	0	3	0
>jaspar__MA0225.1
1	2	0	15
1	0	0	17
18	0	0	0
18	0	0	0
0	0	0	18
0	0	9	9
14	0	4	0
>jaspar__MA0228.1
0	12	0	9
0	0	0	21
21	0	0	0
21	0	0	0
0	0	1	20
0	0	8	13
19	0	2	0
>jaspar__MA0229.1
4	0	3	9
1	9	0	6
0	0	0	16
16	0	0	0
16	0	0	0
0	0	0	16
0	0	0	16
11	0	5	0
>jaspar__MA0241.1
1	12	3	7
0	0	0	23
23	0	0	0
23	0	0	0
0	0	0	23
0	0	3	20
19	0	4	0
>swissregulon__hs__EMX2
551	865	289	2294
2420	739	313	368
3159	192	122	196
55	127	71	3159
286	247	210	3159
3159	69	121	374
1458	578	1701	258
448	1901	830	1258
668	169	205	3159
3159	71	247	151
3159	45	147	36
366	152	237	3159
564	217	1153	2006
2231	218	928	391
>swissregulon__mm__Emx1
186	629	84	962
1120	471	100	135
1591	73	28	69
12	40	23	1591
88	91	30	1591
1591	15	34	116
728	288	863	104
156	1039	228	552
192	46	33	1591
1591	13	65	42
1591	13	23	8
106	44	76	1591
203	115	572	1019
1112	63	479	129
>swissregulon__mm__Meox2
1118	1187	1727	2666
181	797	95	6699
6699	457	1241	135
6699	71	119	70
44	42	147	6699
158	368	2018	6699
6699	30	939	169
1151	3108	1456	983
1173	1860	2871	794
999	1918	2727	1055
216	820	85	6699
6699	1353	533	109
6699	218	146	73
50	49	106	6699
157	1048	1069	6699
6699	45	904	224
1954	2247	1792	706
>hdpi__LHX2
0	0	0	4
4	0	0	0
4	0	0	0
0	0	0	4
0	0	2	2
2	0	2	0
>taipale__LHX2_DBD_YAATTANNCTAATTR_repr
1361	27893	1421	39447
52013	10100	2909	2307
55533	601	2439	1133
1221	1008	1662	60411
1762	2304	1369	60102
51597	708	8773	2102
22008	22559	10793	11491
17844	16843	33124	6021
6226	68235	8871	12571
3335	3643	595	57114
55694	1665	1321	828
56625	326	711	399
596	1296	475	59072
2045	1391	11648	56331
38656	333	26176	1209
>stark__TAATKRNGTCATTA
0	0	0	100
100	0	0	0
100	0	0	0
0	0	0	100
0	0	50	50
50	0	50	0
25	25	25	25
0	0	100	0
0	0	0	100
0	100	0	0
100	0	0	0
0	0	0	100
0	0	0	100
100	0	0	0
>homer__TAATTAGN_Lhx2
0.1	15.6	0.1	84.2
90.7	9.1	0.1	0.1
99.7	0.1	0.1	0.1
0.1	0.1	0.1	99.7
0.1	0.1	15	84.8
83.3	0.1	16.5	0.1
22.4	11.4	66.1	0.1
18.1	32.3	26.5	23.1
>cisbp__M00424
30.46141707	22.34183363	29.26700782	17.92974147
11.70744382	39.6553101	10.91594827	37.72129781
7.719980892	16.01958264	2.279171248	73.98126522
82.06589101	4.382075515	8.145963055	5.40607042
99.04410941	0.1374582976	0.6876779142	0.1307543773
2.666609452	2.976677653	1.523191489	92.83352141
15.23874864	12.22938224	7.567338623	64.9645305
59.96245134	7.125775453	18.98631688	13.92545633
>cisbp__M05871
40.5	18	36.9	4.6
17.18281718	35.16483516	18.38161838	29.27072927
0.7	32.3	0.2	66.8
95.8	0.9	2.6	0.7
99.3993994	0.2002002002	0.2002002002	0.2002002002
0.2	0.2	0.2	99.4
0.7	6.2	0.8	92.3
82.6	0.2	16	1.2
