>flyfactorsurvey__ab_SANGER_10_FBgn0259750
0	6	8	6
10	3	1	6
4	5	10	1
7	0	13	0
0	20	0	0
0	20	0	0
20	0	0	0
0	0	20	0
0	0	20	0
11	2	0	7
7	13	0	0
1	14	1	4
4	9	1	6
9	5	3	3
4	2	1	13
2	5	4	9
8	5	1	6
8	2	3	7
5	2	11	2
10	5	3	2
6	5	9	0
>kznf__ZNF283_Imbeault2017_RP_RCADE
4.702971411	39.35641181	19.88450597	36.05611082
21.8647	32.4257	22.1947	23.5149
6.023097591	3.382838647	73.67987053	16.91419323
0.08250833936	0.7425743542	95.46204554	3.712871771
1.732668787	76.65014634	5.032996477	16.58418839
3.052809695	13.61389864	16.25409837	67.07919329
1.732669827	4.042899596	90.84159092	3.382839662
59.15841775	8.993402698	28.13530844	3.712871114
1.40263986	9.653469035	19.22439808	69.71949303
7.013204138	70.37954152	22.19471309	0.4125412434
8.993391007	21.86467814	17.57428243	51.56764843
8.3333325	2.392740718	62.78881884	26.48510795
3.382840338	1.40264014	94.14190941	1.072610107
3.712872228	56.18813371	33.41582005	6.68317401
3.712871114	65.42901963	7.013202104	23.84490715
10.64358936	17.24418276	24.5049755	47.60725239
6.353136569	0.742573599	89.52145166	3.382838173
2.392740479	3.712870743	85.23101705	8.663371733
2.392740718	61.13861834	28.13530844	8.3333325
8.003302401	53.87791616	4.702971411	33.41581002
5.693071708	38.36631151	21.86470656	34.07591022
