>jaspar__MA0028.2
45807	2750	12959	5718
1217	45807	1478	236
359	45807	59	21
0	21	45807	26
4	41	45807	713
45807	233	62	25
45807	333	60	2165
3016	2361	45807	294
916	6309	1123	45807
13274	6673	17273	8587
>jaspar__MA0076.2
298	1458	886	785
391	1905	570	561
2034	145	1038	210
0	2688	16	723
8	0	0	3419
0	0	0	3427
0	3427	0	0
0	3427	0	0
0	0	2915	512
0	501	2843	83
290	1253	668	1216
>jaspar__MA0098.3
2683	210	640	241
180	2683	297	22
425	2683	7	0
0	21	2683	0
0	0	2683	12
2683	0	0	0
2683	9	31	909
1102	21	1580	12
89	712	124	1970
803	401	1083	396
>jaspar__MA0156.3
5109	2623	4548	1842
9657	310	1052	462
187	9657	217	41
135	9657	17	0
0	0	9657	0
71	0	9657	25
9657	59	15	7
9657	104	14	599
2206	151	7451	26
105	1505	153	8152
3571	3364	6085	2086
3085	2410	2807	1355
>jaspar__MA0475.2
43586	1460	5132	4483
2926	43586	1858	292
2806	43586	90	0
5	0	43586	2
0	0	43586	60
43586	21	19	11
43586	230	24	6065
19102	563	24484	83
897	11173	1986	32413
10642	7716	18560	6668
>jaspar__MA0641.1
598	109	160	192
705	73	15	149
198	930	75	106
17	990	105	1
54	997	6	0
1	0	1226	0
0	0	1226	2
739	0	2	2
737	5	2	4
43	18	1207	6
4	56	28	979
403	83	463	113
>jaspar__MA0686.1
4628	101	176	912
1890	2737	536	77
52	4628	92	0
237	4628	1	1
2	2	4628	0
6	0	4628	8
4628	0	6	2
532	69	11	4628
1566	601	4628	66
58	1345	28	4628
1911	568	1339	810
>jaspar__MA0759.2
14625	1029	5310	945
319	18134	1801	152
14	19935	11	0
0	0	19935	0
0	0	19935	0
19935	106	150	64
19089	167	111	845
1829	903	18106	34
317	3214	518	16721
5250	3356	7777	3551
4686	6065	6910	2273
>jaspar__MA0760.1
205	4	33	3
7	205	8	34
25	205	6	0
0	0	205	0
0	3	205	0
205	3	3	2
205	0	0	30
82	17	205	0
0	41	11	205
62	28	92	22
>jaspar__MA0762.1
1184	251	398	369
1184	10	23	5
57	1184	109	0
116	1184	3	0
0	0	1184	0
0	0	1184	0
1184	0	0	0
1184	1	0	143
846	2	337	0
18	440	66	1184
742	161	441	231
>jaspar__MA0763.1
215	27	38	24
18	215	14	31
9	215	0	13
0	0	215	14
0	0	215	16
215	8	0	4
215	0	0	71
58	14	215	0
0	32	7	215
52	41	98	25
>jaspar__MA0764.3
11524	1508	4987	2350
804	14467	2044	331
735	16511	229	3
0	0	16511	0
0	0	16511	0
16511	131	155	148
13187	551	247	3324
3007	1288	13504	183
686	4392	1313	12118
6724	4660	9787	4210
>jaspar__MA0765.3
13677	713	2441	1533
202	16117	585	110
87	16117	24	0
0	0	16117	0
0	0	16117	0
16117	189	23	108
14531	119	17	1587
1742	492	14375	42
282	2350	344	13767
7748	3677	8369	3507
>jaspar__MA0916.1
1	996	1	1
1	997	1	1
1	1	997	1
1	1	997	1
997	1	1	1
897	1	1	101
333	1	665	1
1	286	1	712
>jaspar__MA1484.1
5261	2830	5702	2945
16738	471	3136	727
643	16738	1306	0
1279	16738	0	0
7	0	16738	5
4	7	16738	0
16738	13	7	0
11582	204	0	4953
3050	0	13730	0
0	8136	415	8190
>swissregulon__hs__FEV
7249	574	1555	1629
1165	7249	718	243
614	7249	51	3
13	0	7249	2
2	1	7249	9
7249	11	3	18
7249	154	6	2196
3318	366	7249	92
444	1821	624	7249
2134	1358	2257	1499
>swissregulon__mm__Elk1
67.6230569	22.35802414	50.30139571	19.71752325
27.12113712	112.856994	15.51936376	4.502505157
32.64478159	112.3477551	11.22907097	3.778392384
3.261168976	0	147.0640918	9.674739244
2.120615976	0	153.482985	4.396398974
152.8079331	1.448225545	0	5.743841338
134.5419623	0	1.862004272	23.59603344
42.0224943	15.00480185	99.81497956	3.157724294
10.1253136	35.692119	21.36236907	92.82019833
>swissregulon__mm__Elk3
2237	294	713	456
269	2237	223	77
120	2237	14	8
1	0	2237	0
2	4	2237	78
2237	7	3	1
2237	43	0	353
498	245	2237	58
151	487	168	2237
778	318	649	492
>swissregulon__mm__Elk4
16	1	2	1
0	20	0	0
0	20	0	0
0	0	20	0
0	0	20	0
20	0	0	0
16	0	0	4
4	1	15	0
1	6	0	13
>flyfactorsurvey__Ets96B_SANGER_5_FBgn0039225
13	1	4	3
0	21	0	0
0	22	0	0
0	0	22	0
0	0	22	0
22	0	0	0
22	0	0	0
4	0	18	0
1	7	0	14
8	5	8	1
6	9	6	0
>hocomoco__ETV4_MOUSE.H11MO.0.B
8	21	14	4
31	11	2	3
2	1	42	2
3	0	44	0
41	0	6	0
39	1	0	7
12	1	34	0
2	12	8	25
>elemento__ACTTCCG
100	0	0	0
0	100	0	0
0	0	0	100
0	0	0	100
0	100	0	0
0	100	0	0
0	0	100	0
>kznf__ZNF200_Schmitges2016_RCADE
8.086045957	32.71508364	43.69437815	15.50449225
23.5163047	30.63800613	38.35310767	7.492581499
31.8249	22.9228	28.8576	16.3947
40.43029596	25.29669747	27.37389726	6.89910931
6.602366435	66.24626423	27.07718538	0.07418395994
11.94360382	87.90802813	0.07418402374	0.07418402374
0.07418403561	0.07418403561	99.77744789	0.07418403561
0.07418403561	0.07418403561	99.77744789	0.07418403561
99.77744789	0.07418403561	0.07418403561	0.07418403561
99.77744789	0.07418403561	0.07418403561	0.07418403561
18.17510291	9.273001484	72.4777116	0.07418401187
8.382788323	35.08899298	9.569728086	46.95849061
>cisbp__M00157
31.01733852	23.91596806	23.20914438	21.85754903
51.54680749	9.9990519	27.18024108	11.27389954
10.08679101	70.89690269	15.97822323	3.03808307
12.55415506	84.77932386	2.159877898	0.5066431809
0.8511268547	0.618044946	98.37688847	0.1539397332
0.1765409455	0.5250811568	99.06711554	0.2312623627
98.02391087	0.8915546327	0.4748346876	0.6096998075
78.4085722	2.099991425	0.5389854308	18.95245095
33.04366097	6.943665097	57.2730251	2.739648828
8.583804051	23.56770111	9.298723919	58.54977092
>cisbp__M01478
25.95017903	25.18323534	27.83177932	21.03480631
40.99969254	14.06324376	26.14255818	18.79450553
13.53579371	58.28457987	20.60095764	7.578668787
16.39790813	77.25825519	3.55073198	2.793104703
3.987466406	3.792995375	87.63286009	4.586678131
4.751743787	1.282115777	91.69901735	2.267123084
91.07023135	1.684773246	5.267895687	1.977099719
58.0099012	8.420032655	4.181264475	29.38880167
27.90236672	15.31314353	49.83469926	6.949790492
14.75610006	28.26591214	12.20269173	44.77529608
>cisbp__M01479
27.39687966	22.43066792	30.27823464	19.89421778
48.76717354	10.04482336	24.46044721	16.7275559
9.254533029	70.46481367	16.36448583	3.916167468
10.11648682	88.603065	1.214298388	0.06614979099
0.06290774835	0.03853894704	99.87446638	0.02408692932
0.3523187273	0.4523862007	99.16458667	0.03070840027
97.34524801	0.7176767056	1.103253915	0.8338213718
69.25429348	3.413660389	1.854815339	25.47723079
27.34959602	10.16247239	59.66238519	2.825546391
9.799131835	26.90450631	8.022850587	55.27351127
>cisbp__M01481
27.65462236	25.78499898	25.0229371	21.53744155
41.02180567	14.07082875	30.69512266	14.21224293
12.59437318	62.38033872	16.49818115	8.527106944
11.10658681	86.27486792	1.988813717	0.6297315503
0.2233969714	0.009477782073	99.60327542	0.1638498287
0.2037992489	0.1118473993	99.42266994	0.2616834155
96.04479581	0.4746463429	0.856256504	2.624301345
75.7690416	4.382808757	1.533710232	18.31443941
26.21536546	15.43049439	52.26598133	6.088158817
12.82668297	29.71130484	10.39710714	47.06490505
>cisbp__M01482
63.55137244	7.704839162	18.02660269	10.71718571
15.46134399	64.60830564	16.58241793	3.34793244
14.83756961	81.22007545	3.732814295	0.2095406452
0.05629560118	0.03448817116	99.7693598	0.1398564305
0.9222350161	0.4911748083	98.40039414	0.1861960386
97.96510751	0.4125538115	1.469043296	0.1532953802
77.71633271	2.102370333	0.4330359359	19.74826102
37.85333411	5.071918071	55.35234713	1.722400684
13.2095399	22.21881136	5.370598145	59.2010506
>cisbp__M01483
30.98676448	22.27712041	25.11738312	21.618732
45.74286474	12.5916742	27.46838804	14.19707302
10.58110124	67.97020911	14.42653917	7.022150486
8.278243623	90.3445616	1.065698895	0.3114958771
0.03620190401	0.0111240754	99.61935111	0.333322908
0.1272342979	0.2562184119	99.31285036	0.3036969266
97.6431401	0.3872516286	0.6579143034	1.311693966
81.69227031	2.672353079	0.561557777	15.07381884
21.90853485	15.28506611	58.96100422	3.845394815
10.54777378	28.3865324	8.297172729	52.76852109
>cisbp__M01485
45.95220294	12.39882599	25.72856337	15.92040771
11.565928	63.94757033	18.13898581	6.347515867
14.72155367	82.21293547	2.583932998	0.4815778668
0.08214103378	0.1213207293	99.55222829	0.244309947
0.1118763803	0.1199883332	99.44843162	0.3197036633
96.44127545	0.5879780154	0.9791546118	1.991591921
63.54322942	5.764511721	3.25997802	27.43228084
27.910227	12.29254745	54.54320722	5.254018335
12.50962784	28.12049232	10.14010725	49.2297726
>cisbp__M01487
26.16031691	24.14901617	28.05715391	21.63351302
44.6051752	12.03537089	26.7852105	16.57424341
10.30395368	65.53128577	18.03884836	6.12591219
13.30985381	83.80600373	2.336150873	0.5479915836
0.0936710798	0.004617204777	99.68689407	0.2148176427
0.1109554983	0.1655261527	99.62109351	0.1024248342
96.7825621	0.6719756564	0.9253963333	1.620065912
66.67475753	4.710652502	2.828726001	25.78586397
28.738019	11.00358303	55.60209886	4.65629911
10.98089983	28.11089952	9.172018524	51.73618212
>cisbp__M01489
29.26624225	23.72275491	24.44522035	22.5657825
39.64235654	15.64103886	29.07556574	15.64103886
14.37614622	54.90312785	18.83224049	11.88848543
12.08281126	83.24465192	3.292950219	1.379586596
0.02578743064	0.009873823742	99.69663333	0.2677054177
0.6485574787	0.6107884314	98.19893335	0.5417207423
92.92498016	1.022031694	2.920610014	3.132378134
63.84260269	7.073962019	2.067666593	27.0157687
35.33496648	14.08165696	43.15822552	7.425151035
13.65404845	29.48955307	11.06775657	45.78864191
>cisbp__M01971
0.1420454545	99.57386364	0.1420454545	0.1420454545
0.110619469	99.66814159	0.110619469	0.110619469
0.110619469	0.110619469	99.66814159	0.110619469
0.110619469	0.110619469	99.66814159	0.110619469
99.66814159	0.110619469	0.110619469	0.110619469
88.60619469	0.110619469	0.110619469	11.17256637
22.23451327	0.110619469	77.54424779	0.110619469
0.1655629139	16.7218543	0.1655629139	82.94701987
>cisbp__M02733
80.28342575	3.019100431	2.895871842	13.80160197
15.68836713	69.53041622	8.537886873	6.243329776
12.27106227	79.54822955	7.57020757	0.6105006105
16.12698413	82.73015873	0	1.142857143
0	0.4583651642	99.54163484	0
0.2283105023	0.1522070015	99.16286149	0.4566210046
96.02063375	2.505526898	0.6632277082	0.8106116433
95.80882353	1.25	0.07352941176	2.867647059
25.85391487	4.624277457	68.47083552	1.050972149
6.430288462	10.99759615	4.266826923	78.30528846
>cisbp__M05864
57.7	7.6	19.3	15.4
12	70.5	13.2	4.3
19.2	79.6	1.1	0.1
0.1	0.1	99.7	0.1
0.1	0.1	99.7	0.1
99.6	0.1	0.1	0.2
74.2	0.9	0.1	24.8
43.2	3.6	51.1	2.1
6.5	21.3	6.4	65.8
31.8	15.2	35.4	17.6
>cisbp__M05865
48.85114885	11.88811189	26.67332667	12.58741259
14.71471471	62.56256256	17.91791792	4.804804805
17.31731732	81.78178178	0.8008008008	0.1001001001
0.0999000999	0.0999000999	99.7002997	0.0999000999
0.0999000999	0.0999000999	99.7002997	0.0999000999
99.6	0.1	0.1	0.2
68.5	1.6	0.1	29.8
35.5	7.3	56.2	1
8.508508509	20.72072072	7.807807808	62.96296296
32.7	17.1	30.2	20
29.2	22.1	31	17.7
>cisbp__M07947
19.9105	40.2685	28.6353	11.1857
21.7002	24.3848	43.1767	10.7383
40.04474004	20.13422013	30.87253087	8.948508949
58.38924161	10.73828926	16.77848322	14.09398591
13.6465	48.9933	29.0828	8.2774
4.9217	66.8904	27.7405	0.4474
10.2908	89.7092	0	0
0	0	100	0
0.2237	0	99.7763	0
99.3289	0	0.6711	0
100	0	0	0
7.382592617	2.460897539	89.70911029	0.4473995526
9.1723	29.9776	7.1588	53.6913
14.5414	18.7919	60.8501	5.8166
13.6465	30.8725	49.217	6.264
>cisbp__M07948
19.8	22.6	43.6	14
45	18.2	24.4	12.4
56.2	10.8	16.4	16.6
13.2	46.6	29.2	11
4.6	65.8	27.8	1.8
11.8	87.4	0.4	0.4
1	0.6	98.4	0
0	0.6	99.4	0
99.2	0	0.4	0.4
99.4	0	0.6	0
6.8	2.4	90.2	0.6
5.6	25.4	5.6	63.4
16.2	19.4	58.6	5.8
20	26	44.8	9.2
>cisbp__M07949
54.2857	10.989	19.1209	15.6044
14.94508505	49.89005011	28.13187187	7.032992967
3.5165	69.4505	25.9341	1.0989
8.1319	91.8681	0	0
0	0	100	0
0	0	100	0
100	0	0	0
100	0	0	0
5.4945	2.4176	92.0879	0
7.2527	28.1319	4.1758	60.4396
12.967	13.6264	69.2308	4.1758
>cisbp__M07952
28.7169	35.4379	24.6436	11.2016
37.4745	19.7556	37.8819	4.888
5.499	82.4847	12.0163	0
7.943	91.446	0.4073	0.2037
0.611	0	99.389	0
0	0	100	0
100	0	0	0
99.1853	0.2037	0	0.611
10.997989	6.10999389	82.89201711	0
4.4807	27.4949	5.7026	62.3218
14.8676	18.9409	54.1752	12.0163
>cisbp__M07953
32.4	32	21	14.6
40	18.6	38	3.4
5.6	82	12.4	0
7.6	92	0.4	0
0	0	100	0
0	0	100	0
99.6	0.2	0.2	0
98.6	0	0.8	0.6
11.4	5	83.6	0
3.4	24.2	4.6	67.8
16.4	17.2	54	12.4
>cisbp__M07954
17.2	28.4	47.2	7.2
34.4	32	21.6	12
39.4	21	35.2	4.4
4.4	75.8	18.8	1
7.4	91.4	1	0.2
0.2	0	99.8	0
0	0.2	99.8	0
100	0	0	0
98.2	0.2	0.4	1.2
10.6	5.4	84	0
3.4	26.6	6	64
20.8	13	53.4	12.8
20.4	26.2	43.8	9.6
23.8	33.4	21.2	21.6
>cisbp__M07955
14.0969	46.2555	25.7709	13.8767
11.8943	22.2467	52.2026	13.6564
17.1806	25.5507	49.7797	7.489
35.022	30.837	23.1278	11.0132
41.18944119	17.62111762	36.34363634	4.845804846
6.1674	71.1454	22.6872	0
5.9471	94.0529	0	0
0	0	100	0
0	0	100	0
100	0	0	0
100	0	0	0
9.9119	1.1013	88.9868	0
2.8634	23.1278	5.7269	68.2819
14.53741454	17.62111762	57.26875727	10.57271057
24.8899	29.7357	37.4449	7.9295
>cisbp__M07956
12.86921287	29.95782996	45.35864536	11.81431181
16.0338	27.6371	49.3671	6.962
31.4346	31.0127	25.5274	12.0253
41.9831	15.6118	39.2405	3.1646
5.4852	78.903	15.6118	0
8.2278	91.7722	0	0
0.8439	0	99.1561	0
0.4219	0	99.5781	0
100	0	0	0
100	0	0	0
8.8608	1.4768	89.6624	0
3.3755	18.1435	5.6962	72.7848
13.29111329	17.08861709	54.85235485	14.76791477
>cisbp__M07958
17.8971	24.3848	44.7427	12.9754
30.4251	23.0425	38.4787	8.0537
2.9083	82.5503	12.3043	2.2371
9.8434	89.9329	0	0.2237
0	0	100	0
0	0	100	0
100	0	0	0
97.0917	0	0	2.9083
22.5950774	3.131996868	73.37802662	0.8948991051
4.026804027	29.97762998	4.698004698	61.2975613
17.44968255	15.65998434	53.46754653	13.42278658
