>jaspar__MA1433.1
238	442	231	88
5	971	5	17
0	933	0	65
0	988	0	11
5	884	0	109
22	16	11	950
246	0	447	305
547	42	147	263
>swissregulon__sacCer__REI1
0	121.6	0	6.4
6.4	121.6	0	0
0	128	0	0
0	128	0	0
0	0	0	128
0	0	121.6	6.4
71.68	10.24	29.44	16.64
>yetfasco__YBR267W_489
13.0952381	22.6190476	8.3333333	55.952381
4.7619048	95.2380952	0	0
100	0	0	0
0	0	100	0
0	0	100	0
0	0	95.2380952	4.7619048
4.7619048	0	95.2380952	0
>scertf__badis.REI1
1	93	1	5
5	93	1	1
1	97	1	1
1	97	1	1
1	1	1	97
1	1	93	5
56	8	23	13
>c2h2_zfs__M0442
15.03390601	31.19651248	7.692963077	46.07661843
20.44810204	68.57240686	4.942590494	6.036900604
85.73985713	4.487597756	4.812987594	4.95955752
3.825220765	4.227520846	85.76541715	6.181841236
3.487951046	5.049621515	81.39492442	10.06750302
11.43291143	12.01911202	55.50645551	21.04152104
26.43069471	12.61039748	51.13788977	9.821018036
17.032	34.6429	17.9053	30.4198
35.73766426	21.03537896	23.01637698	20.21057979
>cisbp__M00016
25	20.19415609	38.45636294	16.34948097
0.7766840972	81.52107044	3.85266072	13.84958474
7.047310617	89.41847367	2.119121374	1.41509434
0.007040270346	99.97887919	0.007040270346	0.007040270346
0.007040270346	94.34666291	0.007040270346	5.639256547
0.007040270346	1.41509434	1.41509434	97.16277105
2.71073487	0.9095821326	71.1545389	25.22514409
56.39415684	5.138390569	17.95233214	20.51512045
>cisbp__M00037
23.45755183	23.45755183	37.03109576	16.05380059
0.9178480553	71.80116321	10.00545256	17.27553617
2.863467581	93.55184233	2.863467581	0.7212225079
0.007140816909	99.97857755	0.007140816909	0.007140816909
0.007140816909	93.55184233	0.007140816909	6.433876035
0.007140816909	0.007140816909	3.577549272	96.40816909
0.7950251889	0.007871536524	85.02046599	14.17663728
51.05274351	3.200765632	30.84857507	14.89791578
>cisbp__M00041
20.2728255	24.32468936	37.83090222	17.57158293
2.009196321	71.98120752	7.007197121	19.00239904
7.03686348	89.82349266	2.350827866	0.788815995
0.007810059356	99.97656982	0.007810059356	0.007810059356
0.007810059356	96.07154014	0.007810059356	3.912839738
0.007810059356	0.007810059356	1.569821931	98.41455795
0.008544087491	0.008544087491	83.7406015	16.24231032
51.12448887	2.283053158	29.54338937	17.04906861
>cisbp__M01037
19.30224404	54.36535764	22.8085554	3.523842917
0.01427755568	89.96287836	0.01427755568	10.00856653
7.153055397	91.39063392	1.442033124	0.01427755568
0.01427755568	99.95716733	0.01427755568	0.01427755568
0.01427755568	85.67961165	0.01427755568	14.29183324
0.01427755568	1.442033124	1.442033124	97.1016562
4.851708575	3.239845261	61.26692456	30.6415216
52.2479564	4.564032698	20.45867393	22.72933697
>cisbp__M01192
23.80984766	44.21245919	23.12976061	8.847932535
0.5803263618	97.1098598	0.5803263618	1.729487474
0.005493298176	93.39156229	0.005493298176	6.59745111
0.005493298176	98.88486047	0.005493298176	1.104152933
0.5548231158	88.44759394	0.005493298176	10.99208965
2.214980115	1.662615996	1.110251878	95.01215201
24.62697702	0.007460459564	44.77021785	30.59534467
54.7243266	4.219276094	14.74116162	26.31523569
>cisbp__M01447
20.64395737	21.9205084	19.44174689	37.99378734
32.97464763	17.56202697	31.36645509	18.09687032
2.759054233	80.22923313	6.786178375	10.22553427
2.89266551	90.2134382	1.408011463	5.485884829
0.3856834418	99.21226583	0.3895596248	0.01249110679
0.307311357	99.49487604	0.1920702952	0.005742309184
0.04834384701	1.323902315	0.07581824435	98.55193559
8.207760773	7.885929869	53.78960011	30.11670924
40.81193978	10.47482418	34.43159769	14.28163835
>cisbp__M01464
27.66715858	24.29440554	21.98248718	26.0559487
32.57328944	24.61836257	28.31785743	14.49049055
11.98845455	70.38245867	4.112142022	13.51694476
2.249727551	79.10761335	0.08636343671	18.55629566
0.6170024478	99.19798597	0.01685880364	0.1681527834
1.85296456	96.23439411	0.7999443004	1.112697026
0.2080152899	19.29519896	0.6702237328	79.82656201
25.29902066	4.715079071	40.88509968	29.1008006
45.94618585	12.27384823	22.14188002	19.6380859
>cisbp__M01538
15.45801527	23.63685932	48.17339149	12.73173391
0.7264096663	69.77128884	5.041714614	24.46058688
12.3409504	80.50506362	2.603219943	4.550766035
0.006491820306	99.98052454	0.006491820306	0.006491820306
0.006491820306	95.43625032	0.006491820306	4.550766035
0.006491820306	2.603219943	1.304855882	96.08543236
3.156486146	0.7950251889	70.85170025	25.19678841
61.15945437	2.363593603	18.82643462	17.6505174
