>jaspar__MA0394.1
4	82	33	87
49	0	192	0
0	279	0	0
0	0	266	4
12	0	255	0
0	279	0	0
4	0	119	87
4	94	70	57
>jaspar__MA1266.1
106	270	110	102
106	236	75	171
131	82	212	163
69	248	39	232
86	342	41	119
163	42	220	163
15	323	42	208
61	373	71	83
25	0	539	24
0	588	0	0
0	588	0	0
0	0	588	0
0	112	329	147
0	560	0	28
102	132	193	161
>stark__VSGYYGCMGYCGYYGMMKKYG
33.33333333	33.33333333	33.33333333	0
0	50	50	0
0	0	100	0
0	50	0	50
0	50	0	50
0	0	100	0
0	100	0	0
50	50	0	0
0	0	100	0
0	50	0	50
0	100	0	0
0	0	100	0
0	50	0	50
0	50	0	50
0	0	100	0
50	50	0	0
50	50	0	0
0	0	50	50
0	0	50	50
0	50	0	50
0	0	100	0
>cisbp__M06604
26.8333	35.5	13.1667	24.5
26.000026	16.33331633	37.33333733	20.33332033
17.5	43.6667	17	21.8333
21.1667	39.6667	12.3333	26.8333
28.66667133	15.999984	34.16666583	21.16667883
18.66668133	38.16666183	13.66668633	29.4999705
27.16667283	35.4999645	4.666695333	32.66666733
27.83332783	8.333308333	23.33332333	40.5000405
7.999992	40.66665933	14.16668583	37.16666283
51	46.3333	2.6667	0
0	0	99.8333	0.1667
0	100	0	0
10	89.8333	0	0.1667
1	0	99	0
0.5	96.1667	0	3.3333
0.1667	99.8333	0	0
42.1667	1.3333	39.1667	17.3333
6	40.1667	7.8333	46
