>kznf__ZFP69_Imbeault2017_OM_RCADE
11.2205	1.77165	86.811	0.19685
28.54329429	6.496058701	5.708658858	59.25198815
9.645667878	0.9842517835	71.06298437	18.30709597
49.01574804	0.9842529646	49.80314881	0.1968501929
8.858268228	76.57478469	0.1968499606	14.37009713
12.0078952	8.070866772	8.858266457	71.06297157
34.84249582	0.9842518819	61.61419261	2.559059693
11.2205	0.19685	88.3858	0.19685
99.4094497	0.1968500984	0.1968500984	0.1968500984
75.78739242	0.1968499803	7.283459272	16.73229833
77.3622	1.77165	20.6693	0.19685
6.496058701	80.5117839	2.559059488	10.43309791
83.66141673	8.858271772	1.771650354	5.708661142
82.08659179	4.133859587	12.0078988	1.771649823
18.30708902	12.79529232	64.76376114	4.13385752
39.56691583	42.71651709	13.58270543	4.133861654
20.66930827	23.81890953	5.708662283	49.80311992
72.63775642	12.79529232	2.559058465	12.0078928
