>cisbp__M01452
20.48008824	6.107106596	67.99628752	5.416517649
13.98634639	24.98015216	8.150518918	52.88298253
10.0003155	75.38562769	5.655432814	8.958623993
17.0587109	56.07336801	3.375896696	23.4920244
17.02147144	2.84190776	72.56448193	7.572138869
27.50744945	4.732515397	3.402317638	64.35771751
4.402743818	5.653234965	84.11861962	5.825401601
3.025946025	87.99005333	3.245351868	5.738648779
27.0336797	9.18051667	51.26885664	12.51694699
15.51187151	39.71010282	18.94624264	25.83178304
>cisbp__M05852
31.25	7.8125	60.9375	0
3.125	96.875	0	0
100	0	0	0
4.6875	95.3125	0	0
95.3125	4.6875	0	0
1.5625	73.4375	0	25
43.75	23.4375	25	7.8125
0	96.875	0	3.125
9.375	0	12.5	78.125
0	17.1875	57.8125	25
31.25	25	26.5625	17.1875
43.75	43.75	4.6875	7.8125
84.375	0	14.0625	1.5625
