>taipale__ZNF75A_DBD_GCTTTTCCCACA_repr
13	15	145	52
17	109	42	7
2	12	3	127
0	3	2	125
2	1	3	123
0	1	5	125
0	126	0	0
5	125	0	4
0	121	0	3
113	0	7	2
3	120	0	0
101	9	10	6
>taipale_cyt_meth__ZNF75A_NGCTTTTCCCACAN_FL
129	125	45	56
0	2	355	12
49	355	59	3
0	7	0	355
0	1	1	355
0	2	0	355
0	3	2	355
0	355	1	0
3	355	0	1
0	355	2	0
355	0	0	0
0	355	0	0
355	42	67	31
71	191	23	70
>taipale_cyt_meth__ZNF75A_NGCTTTTCCCACAN_FL_meth_repr
1636	589	524	670
0	7	3419	59
223	3419	335	0
1	8	0	3419
0	2	0	3419
8	37	24	3419
0	0	0	3419
2	3419	0	0
37	3419	1	0
2	3419	0	0
3419	3	6	3
0	3419	0	1
3419	164	1045	41
716	1364	472	867
>taipale_cyt_meth__ZNF75A_NGCTTTTCCCACMN_eDBD
437	506	186	202
133	147	1331	259
498	1331	426	61
57	122	27	1331
0	1	0	1331
109	174	149	1331
2	1	0	1331
0	1331	0	19
165	1331	7	44
1	1331	0	0
1331	9	7	7
4	1331	0	0
998	333	253	174
349	537	191	254
>taipale_cyt_meth__ZNF75A_NGCTTTTCCCACMN_eDBD_meth
1740	2271	636	907
203	184	5554	793
972	5554	1233	75
82	262	0	5554
7	7	0	5554
232	778	377	5554
3	7	1	5554
0	5554	1	21
266	5554	6	71
1	5554	2	6
5554	13	5	22
2	5554	5	0
3925	1630	1886	592
1056	2588	823	1088
>transfac_public__M00088
3	0	7	15
8	8	5	4
0	13	3	9
6	5	0	14
5	0	20	0
0	0	25	0
0	0	25	0
25	0	0	0
25	0	0	0
0	7	0	18
16	0	5	4
1	18	0	6
1	17	0	7
>cisbp__M00735
27.85055086	23.2627355	22.1281985	26.75851514
25.57789956	21.57917394	28.26795073	24.57497577
22.10912538	15.27153192	37.93941087	24.67993182
12.43094344	20.49516086	15.64558553	51.42831017
8.202876626	5.897242689	1.591194355	84.30868633
3.097180203	89.165312	1.310609224	6.426898577
17.51089117	53.66832839	8.271559297	20.54922115
0.2955427172	93.78998735	2.721159582	3.193310351
73.10763919	4.768028299	12.32873683	9.795595686
14.79089744	39.80577305	19.7669619	25.63636761
>cisbp__M00736
29.41538867	22.01046367	21.14742105	27.42672661
26.40364077	21.83473191	25.88081366	25.88081366
22.1158315	14.10167676	35.38520198	28.39728976
11.8796899	18.08043133	12.36450925	57.67536952
7.131258717	5.666024679	1.190636166	86.01208044
1.690330092	91.37060608	0.7984553989	6.140608433
15.63519342	56.23415777	7.025345265	21.10530355
0.1486557154	94.0548119	2.39618459	3.400347792
77.12598744	4.506137182	10.86384481	7.504030571
14.8805988	42.52355979	17.81531126	24.78053015
>cisbp__M00737
28.21413112	23.56642326	21.11160641	27.10783921
25.49602591	21.08417151	28.17746636	25.24233622
22.47113543	14.76458807	38.17693799	24.58733851
12.37705777	19.80322056	14.52461184	53.29510983
7.585082655	4.740693865	1.516164075	86.15805941
2.779540598	90.22311527	1.286963621	5.710380515
16.90271701	55.00776619	7.44449162	20.64502518
0.1900654722	94.59582322	2.38598807	2.828123235
75.46572694	4.278825713	11.28730458	8.968142771
14.0786023	39.83142117	20.1792748	25.91070173
>cisbp__M00738
21.91735527	14.11557505	37.98832216	25.97874753
11.98885633	18.99123541	13.65324987	55.36665839
6.11804725	4.225945272	1.311593708	88.34441377
2.538964727	91.99704062	1.107113757	4.356880893
16.42634913	55.63912826	6.416589203	21.51793341
0.893902004	96.33588376	1.091814373	1.678399859
79.93844217	3.710834805	9.788976111	6.561746918
12.67154119	40.82761243	19.67519347	26.82565291
>cisbp__M00739
25.40471335	20.7996201	28.64373432	25.15193223
22.67375945	14.60272689	36.64248225	26.08103142
11.68578038	19.26659467	13.99041917	55.05720579
6.366901944	4.577316916	1.601775979	87.45400516
2.373260363	91.31039985	1.342139108	4.974200679
17.65119128	54.09832778	6.691267218	21.55921372
0.6420737675	96.24989862	1.254764519	1.853263095
77.54877974	3.938922288	10.81470903	7.697588937
13.82078976	39.4949953	20.20992788	26.47428707
>cisbp__M00740
25.23864914	25.23864914	14.41654515	35.10615656
28.26236588	14.90253141	32.50945896	24.32564374
16.95103385	13.07012153	43.39433167	26.58451294
10.93111971	20.11797594	8.51316459	60.43773976
6.778779501	5.226788684	0.3053786099	87.68905321
4.756371424	88.18924979	0.09921015235	6.955168634
14.4816608	58.14169661	3.500420404	23.87622219
3.900534868	87.45406541	0.2211561402	8.424243578
80.27858796	2.107501105	5.84451103	11.76939991
16.01129966	43.52322491	15.85198457	24.61349086
>cisbp__M00741
28.31620352	23.18334664	21.83325363	26.66719621
25.30653629	21.13779592	28.2491315	25.30653629
21.15272472	15.82781326	38.93013873	24.08932329
11.98406101	19.75837629	15.0831393	53.17442339
7.617527353	5.209332991	1.507498754	85.6656409
2.545586473	90.41055902	1.264100832	5.779753672
17.0959216	55.08293352	7.758895038	20.06224984
0.06676036393	94.95036391	2.255460738	2.72741499
75.72899256	4.468983959	11.32668086	8.475342626
14.23655028	40.27829026	19.80258769	25.68257177
>cisbp__M00742
24.68178989	22.33300703	27.55174079	25.43346229
23.25793659	12.14170758	36.47570537	28.12465047
10.41104052	14.92245061	10.41104052	64.25546836
3.852025729	3.249818581	0.26944235	92.62871334
1.366345511	94.8351067	0.601781814	3.196765972
15.42824596	56.04752448	5.507991197	23.01623836
0.2161065847	98.29925551	0.5815934903	0.9030444105
86.49868288	1.993973113	7.243678717	4.263665292
10.82032316	45.66929268	18.94284219	24.56754197
