>jaspar__MA0138.2
211	174	366	840
58	269	146	1124
76	1366	50	105
1452	30	94	26
34	44	1516	10
122	978	323	182
1575	7	12	12
3	1586	12	5
35	1481	20	70
913	201	162	329
219	375	124	886
39	7	1551	7
20	5	1577	2
1406	112	34	51
13	1280	233	74
1574	9	7	10
42	13	1530	9
205	1007	183	198
366	31	688	507
213	933	319	125
179	1114	37	260
>swissregulon__hs__REST
54	7	308	38
21	89	263	33
108	226	7	67
32	43	292	37
2	397	2	6
5	0	0	402
9	36	362	0
16	5	25	361
0	401	0	6
1	399	0	7
188	40	141	35
76	65	39	227
9	4	391	3
0	0	408	0
4	0	0	403
19	55	312	22
0	395	6	6
3	11	0	393
16	6	382	4
319	25	59	4
226	104	36	40
>hocomoco__REST_HUMAN.H11MO.0.A
71	42	96	291
14	71	19	396
6	462	8	24
458	14	12	16
10	20	469	1
37	338	87	38
474	7	13	6
7	472	15	6
15	452	11	22
276	55	79	90
63	150	43	244
15	4	479	2
12	3	482	3
432	33	14	21
7	398	73	22
474	5	9	12
13	9	471	7
68	321	55	56
101	15	234	150
69	303	90	38
67	353	13	67
136	215	62	87
>hocomoco__REST_MOUSE.H11MO.0.A
55	39	104	180
11	74	33	260
20	315	10	33
331	7	36	4
7	26	337	8
21	233	74	50
372	1	4	1
0	375	1	2
1	356	5	16
219	36	57	66
58	109	16	195
2	0	376	0
1	0	377	0
357	15	2	4
1	334	37	6
374	1	2	1
5	0	373	0
46	277	26	29
79	7	178	114
61	232	64	21
40	294	12	32
111	166	36	65
>dbtfbs__HBP1_HepG2_ENCSR616WEG_merged_N1
2	113	0	3
112	3	3	0
2	1	115	0
4	92	17	5
116	0	0	2
0	118	0	0
1	113	2	2
64	10	26	18
9	45	13	51
3	0	115	0
0	1	117	0
106	11	0	1
0	105	11	2
116	1	1	0
4	0	114	0
7	91	11	9
17	4	69	28
>dbtfbs__KLF11_HepG2_ENCSR616OSG_merged_N1
0	190	0	2
2	1	0	189
3	20	169	0
2	0	12	178
0	189	1	2
0	191	0	1
96	15	64	17
34	29	20	109
2	1	188	1
0	0	192	0
2	1	0	189
6	28	146	12
0	189	1	2
0	4	0	188
8	0	184	0
>dbtfbs__KLF6_HepG2_ENCSR757EKM_merged_N1
152	0	2	0
1	1	152	0
9	118	21	6
153	0	0	1
0	154	0	0
0	150	1	3
86	12	31	25
11	60	10	73
1	0	153	0
1	1	152	0
145	8	0	1
0	132	20	2
152	1	1	0
2	0	152	0
11	122	11	10
>dbtfbs__MYRF_HepG2_ENCSR792MZV_merged_N1
2	175	1	6
179	1	4	0
2	1	181	0
10	143	21	10
181	0	1	2
0	184	0	0
0	177	3	4
105	19	31	29
15	64	12	93
1	0	183	0
2	0	182	0
167	13	0	4
0	162	19	3
182	0	0	2
3	0	181	0
>dbtfbs__REST_representative_N1
421	0	8	0
2	2	425	0
27	284	76	42
429	0	0	0
0	429	0	0
5	409	0	15
256	53	56	64
43	124	28	234
5	0	424	0
0	0	429	0
399	21	1	8
2	357	52	18
425	2	0	2
2	0	424	3
>dbtfbs__ZNF511_HepG2_ENCSR372JXR_merged_N1
12	6	17	71
0	10	7	89
0	100	0	6
106	0	0	0
0	0	106	0
5	84	14	3
106	0	0	0
0	106	0	0
0	104	1	1
62	7	19	18
7	48	5	46
0	0	106	0
2	1	102	1
98	5	2	1
1	92	12	1
103	1	1	1
1	0	105	0
8	82	9	7
19	0	68	19
>dbtfbs__ZNF792_HepG2_ENCSR396SOH_merged_N2
0	100	0	1
0	2	0	99
3	11	87	0
1	0	7	93
0	100	1	0
0	101	0	0
52	8	38	3
16	21	9	55
2	1	98	0
0	0	101	0
2	0	0	99
2	11	81	7
0	99	1	1
0	1	1	99
1	0	100	0
>dbtfbs__ZSCAN9_HepG2_ENCSR712FAM_merged_N1
13	10	33	127
3	20	9	151
1	173	1	8
179	1	3	0
4	1	178	0
9	142	25	7
181	0	1	1
2	180	1	0
0	178	1	4
110	14	26	33
15	71	12	85
0	0	182	1
2	1	179	1
170	8	3	2
1	159	22	1
180	1	1	1
3	1	179	0
19	141	10	13
29	1	106	47
20	121	31	11
23	127	6	27
>dbtfbs__mm_REST_myocyte_ENCSR000AIS_merged_N1
23	416	17	44
396	42	46	16
27	47	407	19
43	324	95	38
427	21	36	16
12	446	26	16
15	406	42	37
273	69	104	54
67	164	27	242
10	0	489	1
3	1	496	0
452	30	3	15
2	456	33	9
495	1	2	2
8	0	491	1
46	390	17	47
>transfac_public__M00256
2	2	3	21
0	4	3	21
0	27	0	1
28	0	0	0
0	0	28	0
0	27	0	1
28	0	0	0
0	28	0	0
0	28	0	0
17	0	7	4
4	20	2	2
1	0	27	0
0	0	28	0
23	1	0	4
0	26	2	0
28	0	0	0
0	0	28	0
10	17	0	1
7	4	16	1
2	16	8	2
4	22	0	2
>homer__GGAGCTGTCCATGGTGCTGA_REST-NRSF
11.2	1.9	77.1	9.8
6.193806194	12.98701299	71.52847153	9.290709291
44.75524476	30.26973027	3.696303696	21.27872128
10.8	6.6	71.7	10.9
0.6	96.6	0.7	2.1
0.2	0.2	0.1	99.5
4.8	12.1	82.2	0.9
3.8	1.4	6.5	88.3
0.1	98.5	0.1	1.3
0.1	98	0.1	1.8
57.84215784	7.992007992	21.17882118	12.98701299
16.5	8.6	12.5	62.4
4.104104104	0.8008008008	93.19319319	1.901901902
0.1	0.2	99.6	0.1
0.2	0.3	0.1	99.4
6.6	15.9	70.1	7.4
1	95.3	1.4	2.3
1.2	2	1	95.8
4	1.3	91.4	3.3
76.1	7.5	13.5	2.9
>cisbp__M07847
8.78049122	6.341493659	75.60972439	9.268290732
0	98.2927	0.2439	1.4634
0	0	0	100
3.658503659	11.46341146	84.87808488	0
1.463401463	0.2439002439	4.39020439	93.9024939
0	99.2683	0	0.7317
0	99.2683	0	0.7317
51.4634	7.0732	30.2439	11.2195
17.3171	13.9024	9.0244	59.7561
3.658503659	0.7317007317	94.39029439	1.21950122
0	0	100	0
0.7317	0	0	99.2683
7.8049	14.3902	72.6829	5.122
0.2439	98.2927	0	1.4634
0	1.4634	0	98.5366
>cisbp__M07848
32.04816795	43.37345663	0.9638990361	23.61447639
9.87950988	6.747006747	73.01207301	10.36141036
0	97.59030241	0.240999759	2.168697831
0	0	0	100
2.8916	13.253	83.3735	0.4819
2.40960241	0.241000241	4.337304337	93.01209301
0	99.759	0	0.241
0	98.0723	0	1.9277
52.5301	7.7108	27.4699	12.2892
19.2771	9.8795	11.3253	59.5181
3.8554	0.241	94.2169	1.6867
0	0	100	0
0.4819	0.241	0	99.2771
5.783105783	20.00002	67.71086771	6.506006506
0	99.03619904	0.4819004819	0.4819004819
0.240999759	0.9638990361	0	98.7951012
>cisbp__M07849
1.658798341	1.658798341	1.658798341	95.02360498
2.36969763	10.9004891	86.01891398	0.7108992891
3.3175	1.6588	6.872	88.1517
0	98.8152	0	1.1848
0.237	97.8673	0	1.8957
42.4171	10.6635	37.9147	9.0047
16.1137	18.0095	10.9005	54.9763
1.8957	0.9479	96.6825	0.4739
0	0	100	0
0.9478990521	0.236999763	0	98.81510118
4.9763	13.7441	75.5924	5.6872
0	99.2891	0	0.7109
0.4739	2.1327	0	97.3934
3.080596919	1.658798341	95.02360498	0.236999763
80.0948	7.346	11.8483	0.7109
>cisbp__M07850
3.406803407	7.815607816	3.807603808	84.96998497
3.4068	17.6353	77.1543	1.8036
4.80960481	7.414807415	8.817608818	78.95797896
1.6032	91.5832	2.6052	4.2084
0.2004	89.5792	5.01	5.2104
38.8778	14.4289	36.6733	10.02
16.2325	19.0381	10.02	54.7094
5.8116	0.4008	91.984	1.8036
0	0.6012	99.3988	0
1.4028	0	0.4008	98.1964
4.80960481	11.62321162	78.75757876	4.80960481
0.2004	98.5972	0.6012	0.6012
0	1.2024	0	98.7976
2.2044	0.8016	96.5932	0.4008
84.56918457	6.012006012	7.414807415	2.004002004
>cisbp__M07851
4.829	86.1167	6.0362	3.0181
3.4205	7.8471	5.835	82.8974
4.829	14.8893	77.666	2.6157
5.835005835	6.841006841	9.255509256	78.06847807
1.6097	89.5372	3.8229	5.0302
1.006	88.9336	5.0302	5.0302
41.04625895	15.29178471	33.8027662	9.859190141
16.7002	18.1087	11.4688	53.7223
6.438606439	0.8048008048	92.15299215	0.6036006036
0.2012	0.4024	99.3964	0
2.0121	0.2012	0.2012	97.5855
3.6217	12.8773	79.6781	3.8229
0.4024004024	97.78679779	0.8048008048	1.006001006
0.4024	2.0121	0.8048	96.7807
3.2193	1.8109	94.5674	0.4024
82.49491751	5.231394769	10.86518913	1.408498592
>cisbp__M07853
0.2551	98.7245	0.2551	0.7653
1.7857	0	0	98.2143
2.0408	8.4184	89.2857	0.2551
3.061203061	0.7653007653	5.867305867	90.30619031
0	98.4694	0	1.5306
0	98.2143	0	1.7857
43.3673	7.1429	38.2653	11.2245
14.2857	18.3673	9.4388	57.9082
2.551	0.2551	96.6837	0.5102
0	0	100	0
0.2551	0	0	99.7449
5.3571	12.7551	74.7449	7.1429
0	98.2143	1.0204	0.7653
0	2.551	0	97.449
4.0816	0.7653	94.3878	0.7653
