>bergman__vnd
25.74257426	22.77227723	25.74257426	25.74257426
28	16	16	40
17	16	40	27
17	2	10	71
7.766990291	35.9223301	18.44660194	37.86407767
86.13861386	1.485148515	10.89108911	1.485148515
100	0	0	0
0	2.5	96	1.5
2.5	4	2.5	91
18	2	70	10
0	26.26262626	59.5959596	14.14141414
11	33	23	33
19.8019802	19.8019802	25.74257426	34.65346535
15.84158416	19.8019802	37.62376238	26.73267327
