>jaspar__MA0388.1
95	0	119	0
160	0	0	0
143	0	22	2
134	0	0	23
1	36	0	135
0	138	67	46
108	37	18	16
157	0	6	0
>yetfasco__YKL020C_670
59.66627222	0.03212318924	40.24559398	0.05601060179
98.8519787	0.0938248015	0.9938590335	0.06033746685
88.34286569	0.03342234871	8.385849453	3.237862512
83.48446389	0.05744603149	0.1395980836	16.318492
2.886517712	12.87272232	0.2400231197	84.00073684
0.422487286	46.33065057	22.97344066	30.27342148
67.83807958	13.12220835	6.96410825	12.07560381
96.63898383	0.02930820828	3.268091968	0.06361599591
>scertf__macisaac.SPT23
59	0	40	0
98	0	1	0
88	0	8	3
83	0	0	16
2	12	0	84
0	46	23	30
67	13	7	12
96	0	3	0
