>kznf__ZNF667_Imbeault2017_OM_RCADE
5.952027857	8.597366905	84.78926948	0.6613357619
19.1787931	0.6613357619	10.71959614	69.440275
0.6613356561	0.6613356561	95.89375014	2.783578553
3.306678016	19.17878849	74.20785548	3.306678016
0.6613359471	98.01599216	0.6613359471	0.6613359471
3.306679471	66.79498931	0.6613358942	29.23699532
0.6613362249	5.952032024	10.71960364	82.66702811
11.24269888	3.306679669	5.952029405	79.49859205
90.07995856	0.6613356958	3.306678479	5.952027262
69.44024445	13.36498931	3.306677355	13.88808889
48.27751352	0.6613361852	50.39981411	0.6613361852
90.07995856	0.6613356958	5.952027262	3.306678479
3.306681587	0.6613363174	95.37064578	0.6613363174
0.6613359471	98.01599216	0.6613359471	0.6613359471
0.6613361852	11.24270315	0.6613361852	87.43462448
