>dbtfbs__CDC5L_K562_ENCSR121PFY_merged_N1
35	357	8	100
351	36	51	62
45	328	37	90
338	42	80	40
55	376	44	25
394	39	4	63
54	326	38	82
241	158	39	62
144	283	20	53
217	183	31	69
160	204	65	71
222	183	39	56
207	219	32	42
221	180	51	48
136	292	24	48
262	150	24	64
55	365	8	72
348	26	33	93
22	355	29	94
330	101	19	50
33	384	19	64
360	26	22	92
27	363	58	52
356	78	24	42
77	331	54	38
>kznf__ZNF382_Imbeault2017_RP_RCADE
7.773631555	2.05224041	87.37561748	2.79851056
74.19152968	1.803480721	14.2413057	9.763683905
7.773628601	0.8084578545	85.88308454	5.534829004
39.11690391	26.67910267	30.16170302	4.042290404
27.42540274	65.73380657	2.549750255	4.291040429
89.11690891	2.79851028	6.032340603	2.052240205
14.73881474	29.41542942	23.69402369	32.15173215
9.266166294	47.82338087	1.305969478	41.60448336
96.33085009	0.8084584204	1.803480938	1.05721055
10.26120308	45.83331375	38.61941159	5.286071586
13.24629603	20.21139394	1.554729534	64.9875805
96.82836214	2.052239198	1.057209587	0.06218907568
1.305969478	88.86816445	6.281087488	3.544778582
73.19649927	14.98759985	11.25619989	0.5597009944
12.9975039	1.803480541	81.15672435	4.042291213
52.05221562	9.26617278	24.68910741	13.9925042
11.7537	58.0224	11.0075	19.2164
29.6641822	54.78856713	7.276115634	8.271135037
20.95770419	58.27111165	7.524881505	13.24630265
37.8731	24.6891	10.2612	27.1766
57.2761	13.9925	17.2264	11.505
12.002488	55.28604471	18.96768103	13.74378626
48.3209	14.2413	22.699	14.7388
12.5	14.2413	58.0224	15.2363
