>hocomoco__PO3F1_MOUSE.H11MO.0.C
55	230	112	103
78	52	63	307
67	291	54	88
436	24	22	18
4	3	13	480
20	19	380	81
241	201	36	22
423	27	27	23
141	44	26	289
469	11	6	14
134	10	20	336
43	13	167	277
55	234	72	139
318	117	30	35
229	20	69	182
133	54	189	124
>hocomoco__PO3F2_MOUSE.H11MO.0.A
76	224	37	160
193	49	41	214
46	375	13	63
469	17	5	6
14	6	5	472
83	11	394	9
210	264	4	19
477	12	1	7
27	13	10	447
440	10	1	46
87	18	14	378
68	7	214	208
30	310	47	110
403	64	12	18
137	30	32	298
242	48	92	115
>kznf__ZNF248_Imbeault2017_OM_RCADE
25.41210762	7.829672349	56.18131685	10.57690317
21.56591725	22.66481813	7.280225824	48.48903879
50.13738997	8.379118324	25.96149481	15.5219969
14.4230899	7.829664519	30.90657837	46.84066721
67.17028657	19.91759602	2.884619423	10.02749799
3.43407024	94.09340659	0.1373630096	2.335160163
39.14839609	32.55489674	1.785709821	26.51099735
91.89560643	0.1373630096	6.730770471	1.236260087
0.686812636	5.631867015	3.43406818	90.24725217
21.0164958	12.77469745	63.32418734	2.884619423
5.631872816	6.181323091	2.335161168	85.85164293
2.884618846	26.5109894	5.082417967	65.52197379
6.181320433	91.89560643	0.1373630096	1.785710125
94.6428593	3.434068523	0.1373629409	1.785709232
1.236259753	1.236259753	28.70879426	68.81868624
8.379118324	20.46699591	56.73078865	14.42309712
38.59890656	0.1373630234	58.37910992	2.88462049
88.5989	2.33516	4.53297	4.53297
23.7637	40.7967	14.4231	21.0165
64.97255198	5.082424066	16.07141286	13.8736111
15.522	23.2143	28.1593	33.1044
