>cisbp__M08502
1.130113011	3.080308031	68.14681468	27.64276428
37.28372837	60.91609161	0.6700670067	1.130113011
1.130113011	0.6700670067	0.6700670067	97.52975298
1.130113011	0.6700670067	35.61356136	62.58625863
97.52975298	0.6700670067	0.6700670067	1.130113011
11.98	68.14	15.13	4.75
11.98	9.11	0.67	78.24
97.52975298	0.6700670067	0.6700670067	1.130113011
92.70927093	0.6700670067	0.6700670067	5.95059506
8.360836084	0.6700670067	15.13151315	75.83758376
43.3	17.54	24.77	14.39
17.99820018	18.74812519	36.81631837	26.43735626
