>cisbp__M01488
32.23395884	19.55088432	26.3909334	21.82422343
43.38595568	12.43028442	15.96080113	28.22295876
31.15845817	29.34393083	24.02477858	15.47283242
20.02529529	54.43439629	18.67146157	6.86884685
28.43059361	64.55165817	5.405764075	1.611984141
1.153713835	0.04341224049	98.78898986	0.01388406029
0.6864585884	1.453232843	94.99180462	2.868503948
87.40973436	0.8963777618	5.993087094	5.700800787
30.21902389	16.58455194	5.803560778	47.39286339
29.6924279	24.80120053	29.6924279	15.81394366
>cisbp__M08646
51.47058825	10.29411761	22.05882352	16.17647062
5.882352906	47.05882355	5.882352906	41.17647064
0	100	0	0
0	0	100	0
0	0	100	0
100	0	0	0
100	0	0	0
4.4117647	63.2352941	4.4117647	27.9411765
