>kznf__ZNF440_Imbeault2017_OM_RCADE
56.82517727	8.665636534	23.08279077	11.42639543
30.13801206	5.598162239	51.91722077	12.34660494
2.530669747	8.665639133	6.518399348	82.28529177
4.984656511	5.904905867	44.8619686	44.24846903
2.530670175	0.07668710529	97.00920669	0.3834360265
0.07668716127	11.11960888	0.9969337966	87.80677016
0.0766871329	17.86810767	3.144171349	78.91103385
3.144168742	84.7392661	7.745396902	4.371168252
11.42640295	0.07668711979	0.07668711979	88.42022281
4.677908737	0.6901838137	93.63497472	0.9969327308
1.917179672	90.56748451	0.07668708689	7.438648728
20.32209329	14.49389522	0.996932671	64.18707882
17.8681	21.5491	12.9601	47.6227
16.94789322	38.72698451	9.279136288	35.04598598
29.5245	10.8129	16.3344	43.3282
>kznf__ZNF714_Imbeault2017_OM_RCADE
14.8406	31.1753	42.7291	11.255
85.35857303	2.091629339	12.45019607	0.09960156853
0.4980079442	0.09960158884	99.30278888	0.09960158884
6.075698688	92.52988001	0.09960157849	1.29481972
99.70119521	0.09960159522	0.09960159522	0.09960159522
0.09960159522	0.09960159522	99.70119521	0.09960159522
4.083668367	69.42227223	22.41039104	4.083668367
97.70916756	2.091629306	0.09960156693	0.09960156693
44.32269858	55.47809822	0.09960159681	0.09960159681
2.490039004	38.34658466	17.23109311	41.93228323
7.270922181	3.286850986	61.85261856	27.58960828
18.42629079	62.25096887	10.05979497	9.262945369
>kznf__ZNF714_Imbeault2017_RP_RCADE
14.04108596	12.3972876	38.15066185	35.41096459
5.547952219	9.931513973	65.000026	19.52050781
28.56161714	59.79453588	6.095893658	5.547953329
44.17810884	14.04110281	37.60270752	4.178080836
0.06849320932	0.06849320932	55.95890761	43.90410597
0.342466037	0.0684932074	1.712330185	97.87671057
3.904107658	21.43838714	70.20545788	4.452047329
0.06849321397	99.79452036	0.06849321397	0.06849321397
0.06849321397	0.06849321397	0.06849321397	99.79452036
0.8904106955	0.06849317658	94.31506774	4.726028384
0.06849321397	99.79452036	0.06849321397	0.06849321397
0.3424658425	8.013696314	1.164379464	90.47945838
