>cisbp__M06587
26.3605	35.5442	9.6939	28.4014
31.29246871	19.38778061	23.63947636	25.68027432
19.38778061	34.01356599	16.15648384	30.44216956
21.7687	47.449	6.2925	24.4898
25.6803	10.2041	28.0612	36.0544
10.3741	54.2517	22.9592	12.415
11.5646	87.9252	0	0.5102
0.8503	0	98.9796	0.1701
0	100	0	0
0.5102	99.4898	0	0
0	0	100	0
4.2517	70.4082	0.5102	24.8299
11.9048	84.8639	0	3.2313
61.2245	0	27.2109	11.5646
26.5306	18.7075	5.102	49.6599
33.1633	17.3469	5.7823	43.7075
27.551	11.2245	17.6871	43.5374
19.898	30.6122	15.3061	34.1837
>cisbp__M06671
28.8462	14.6853	27.2727	29.1958
13.4615	44.9301	14.6853	26.9231
17.13288287	55.24474476	5.594394406	22.02797797
20.45452045	9.965009965	32.16783217	37.41263741
5.06990507	65.55946556	24.65032465	4.72030472
5.4196	93.8811	0.6993	0
0.1748	0	99.8252	0
0	100	0	0
0	100	0	0
0	0	100	0
2.0979	73.4266	0	24.4755
7.342692657	91.43350857	0	1.223798776
66.25876626	0.1748001748	18.70631871	14.86011486
23.7762	19.5804	3.4965	53.1469
33.04196696	15.03498497	4.020995979	47.9020521
26.9231	12.2378	16.0839	44.7552
14.5105	35.4895	12.9371	37.0629
