>jaspar__MA1603.1
2593	1113	12329	2260
7473	4222	1246	5354
3915	1228	918	12234
17933	69	82	211
211	17633	139	312
17489	110	104	592
15568	482	456	1789
12433	205	322	5335
727	185	17032	351
547	161	200	17387
10367	1233	2521	4174
5909	1333	4132	6921
2688	11809	1389	2409
>stark__BYRHBACAAWGTDDB
0	33.33333333	33.33333333	33.33333333
0	50	0	50
50	0	50	0
33.33333333	33.33333333	0	33.33333333
0	33.33333333	33.33333333	33.33333333
100	0	0	0
0	100	0	0
100	0	0	0
100	0	0	0
50	0	0	50
0	0	100	0
0	0	0	100
33.33333333	0	33.33333333	33.33333333
33.33333333	0	33.33333333	33.33333333
0	33.33333333	33.33333333	33.33333333
>kznf__ZNF248_Imbeault2017_RP_RCADE
33.5985	10.5434	45.0591	10.799
21.78960436	20.81870416	9.776581955	47.61510952
53.79071614	9.019972706	22.81200684	14.37730431
18.72249626	6.965018607	26.65619467	47.65629047
71.68202832	18.98868101	2.108677891	7.220612779
3.131058654	95.20755906	0.5750927527	1.086289533
39.68180397	34.63070346	1.086290109	24.60120246
91.62920367	0.3194960128	6.709420268	1.341880054
1.59789016	4.20444042	3.131060313	91.06660911
20.51168564	14.64308975	62.48095626	2.364268345
3.131468434	7.22061639	1.352059324	88.29585585
3.39684	24.141	3.13106	69.3311
7.220621502	89.53341862	0.06389921329	3.182060662
96.69014448	1.597480735	0.8816844056	0.8306903821
1.086290185	0.5750930978	26.90200457	71.43661214
7.731809227	18.46729815	58.65679413	15.14409849
35.08107923	0.06389916217	61.21276376	3.642257844
91.3736	1.59748	2.10868	4.92024
