>jaspar__MA0121.1
14	1	0	0
0	0	15	0
14	0	1	0
0	0	0	15
4	6	0	5
1	8	0	6
0	0	9	6
3	6	4	2
>jaspar__MA0293.1
31	25	23	21
33	25	22	20
72	11	10	7
10	2	86	2
100	0	0	0
3	0	0	97
1	90	3	7
14	19	14	53
30	23	21	26
32	25	25	19
30	26	22	21
>jaspar__MA0301.1
65	9	20	6
8	2	88	1
92	0	0	8
12	0	1	87
3	94	1	2
6	27	4	63
51	19	18	12
28	33	21	17
32	25	21	21
>jaspar__MA0302.1
36	21	24	20
31	26	18	26
80	4	12	4
3	0	96	0
98	0	0	2
0	0	0	99
0	99	0	0
5	28	3	64
40	20	23	17
28	26	23	22
33	24	21	21
>jaspar__MA0389.1
66	9	19	6
6	2	90	2
97	0	0	3
13	0	2	85
0	99	0	0
4	19	3	74
46	30	13	11
24	42	18	16
>jaspar__MA1013.1
100	67	133	699
841	27	132	0
0	0	999	0
999	0	0	0
0	0	0	999
0	999	0	0
0	111	84	805
111	111	740	37
>jaspar__MA1015.1
190	282	146	382
599	112	230	59
189	67	738	6
968	2	22	7
7	22	2	968
6	738	67	189
59	230	112	599
382	146	282	190
>jaspar__MA1323.1
22	101	27	52
56	54	51	41
10	2	190	0
202	0	0	0
0	0	0	202
2	197	3	0
1	55	89	57
21	1	180	0
159	7	27	9
33	1	6	162
6	81	13	102
>jaspar__MA1325.1
81	101	89	280
100	119	133	199
81	87	42	341
497	4	26	24
0	1	550	0
551	0	0	0
0	2	0	549
4	547	0	0
2	97	31	421
202	46	296	7
189	70	127	165
106	55	70	320
71	112	83	285
86	124	97	244
99	125	119	208
>jaspar__MA1396.1
45	159	37	176
391	0	22	4
0	0	417	0
417	0	0	0
0	0	0	417
0	417	0	0
0	69	6	342
345	0	72	0
93	57	244	23
298	50	30	39
94	47	40	236
91	162	53	111
99	117	44	157
>jaspar__MA1755.1
287	250	177	286
181	300	160	359
438	167	256	140
164	62	739	34
939	3	16	42
42	16	3	939
34	739	62	164
140	256	167	438
359	160	300	181
286	177	250	287
>swissregulon__sacCer__ECM23
92.16	14.08	12.8	8.96
12.8	2.56	110.08	2.56
128	0	0	0
3.84	0	0	124.16
1.28	115.2	3.84	8.96
17.92	24.32	17.92	67.84
>swissregulon__sacCer__GAT3
174.38	12.9	59.79	8.92
13.15	2.9	237.25	1.4
241.6	0.04	0.23	14.12
36.12	0.17	1.33	218.36
3.89	246.07	1.57	4.45
7.77	43.56	5.24	199.41
189.74	25.48	25.13	15.63
45.53	155.2	29.4	24.56
>swissregulon__sacCer__SRD1
178.17	12.19	57.63	7.98
10.29	2.76	240.27	2.66
250.91	0.12	0.29	4.66
23.61	0.06	2.77	229.54
0.27	253.53	0.15	0.75
5.25	27.05	4.02	219.66
179.03	43.09	19.36	14.49
32.51	177.12	23.93	22.41
83.72	9.8	23.86	10.6
>yetfasco__YCR018C_2232
25.04305886	19.50355385	29.38830181	26.06508548
19.28589021	26.29486707	17.10505017	37.31419255
14.25741947	13.2935298	55.54966225	16.89938847
11.0992388	14.68573375	23.9717614	50.24326606
93.16073793	0.25015523	0.5736856769	6.015421165
7.395459131	0.1354525589	84.84840392	7.620684392
64.67793391	6.046140236	0.2142568159	29.06166904
1.787510129	0.149691864	0.4680517849	97.59474622
10.49650128	64.78292014	8.09334396	16.62723462
10.82334726	37.77719389	13.62226497	37.77719389
>yetfasco__YIR013C_565
35.5263158	21.0526316	23.6842105	19.7368421
30.92105263	25.65789473	17.76315792	25.65789473
80.2631579	3.9473684	11.8421053	3.9473684
2.9605263	0.3289474	96.3815789	0.3289474
97.6973684	0.3289474	0.3289474	1.6447368
0.3289473997	0.3289473997	0.3289473997	99.0131578
0.3289473997	99.0131578	0.3289473997	0.3289473997
4.605263195	28.28947367	3.289473697	63.81578944
39.8026316	20.0657895	22.6973684	17.4342105
28.61842107	25.98684207	23.35526318	22.03947368
33.22368423	24.01315792	21.38157892	21.38157892
>yetfasco__YLR013W_2128
24.35673306	26.91835304	20.14202288	28.58289103
13.49239683	30.6344848	25.845237	30.02788136
33.38107437	16.24831326	36.52471314	13.84589922
20.17236705	12.4823257	59.9981483	7.347158943
96.33229772	0.6298986466	2.049925906	0.9878777232
33.78144549	0.5542783407	0.304194403	65.36008177
0.5290174543	95.89617994	0.07304103645	3.501761569
0.06156592155	4.817972598	0.2651003665	94.85536111
53.18976759	17.70533558	11.75015039	17.35474645
19.14233323	44.78629968	17.4947753	18.57659179
>yetfasco__YPL021W_578
30.76241133	25.44326243	22.96099292	20.83333332
33.4219858	24.9113475	21.7198582	19.9468085
72.16312067	10.81560281	9.75177301	7.269503507
9.8404255	2.0390071	86.4361702	1.6843972
99.7340425	0.08865249991	0.08865249991	0.08865249991
2.570922	0.0886525	0.0886525	97.251773
0.8865248	89.5390071	3.0141844	6.5602837
14.09574469	18.70567378	14.09574469	53.10283685
30.141844	23.0496454	21.2765957	25.5319149
31.73758867	24.99999997	24.64539008	18.61702128
30.2304965	25.9751773	22.429078	21.3652482
>scertf__badis.ECM23
72	11	10	7
10	2	86	2
97	1	1	1
3	1	1	95
1	89	3	7
>scertf__zhu.GAT4
2	13	3	82
84	1	14	1
2	1	96	1
91	1	1	7
7	1	1	91
1	96	1	2
1	14	1	84
82	3	13	2
12	30	9	48
37	10	11	42
19	56	10	15
>scertf__zhu.SRD1
72	1	26	1
2	1	96	1
97	1	1	1
5	1	1	93
1	97	1	1
1	2	1	96
93	4	2	1
1	96	1	2
65	8	19	8
>cisbp__M00047
69.30970149	2.678571429	26.66577825	1.345948827
2.949823599	0.009800078401	97.03057624	0.009800078401
99.06397674	0.009087604507	0.009087604507	0.9178480553
10.91421301	0.009087604507	1.826608506	87.25009088
0.009087604507	99.97273719	0.009087604507	0.009087604507
0.009800078401	11.76989416	0.009800078401	88.21050568
64.34972426	22.98943015	8.053768382	4.607077206
9.384759525	70.28419738	9.384759525	10.94628357
>cisbp__M00053
18.85873293	20.4294215	38.35849793	22.35334764
17.93561998	11.09826377	20.22235506	50.7437612
92.93592864	0.04558896067	4.627007435	2.391474968
7.259715524	4.866332844	83.29101195	4.582939682
67.35797769	0.02901394647	0.1525933633	32.460415
1.791915818	0.9543596728	0.3919132899	96.86181122
8.874531973	61.1411789	10.62474377	19.35954537
13.19778928	32.13832801	15.80062249	38.86326022
29.96143289	24.28626549	30.87389437	14.87840726
29.82597697	19.99295026	23.46194447	26.71912829
>cisbp__M01456
27.76582624	20.7761562	33.5758142	17.88220336
20.37803938	22.07526653	25.90556525	31.64112884
0.7329678438	0.3788354083	98.43009018	0.458106565
99.59644657	0.2167797296	0.009289472479	0.1774842313
0.06462054798	0.4028371718	0.9615364174	98.57100586
2.200900152	83.8363292	5.805852361	8.156918286
17.06420236	7.667440373	46.85149132	28.41686594
26.48678769	14.82990916	36.11275153	22.57055162
5.978469122	85.4699229	0.06775646064	8.483851521
32.11677294	15.32335929	37.68938218	14.87048558
>cisbp__M01461
22.28001285	15.38956976	30.07487157	32.25554581
0.04033722641	0.4914080169	99.43652437	0.03173038613
99.35090464	0.1554638696	0.4717330976	0.02189839519
0.1735250069	0.1898666001	0.2948072405	99.34180115
0.1542888212	83.18533152	0.198110768	16.46226889
9.100969062	15.61732536	47.3885623	27.89314328
22.25703955	11.6191935	46.18515116	19.93861578
2.457054261	95.48442804	0.006213463424	2.052304232
31.13023175	11.56726851	49.31259027	7.989909471
>cisbp__M01544
16.56138705	13.15857852	50.25318381	20.02685063
10.88260509	14.54381258	26.76688933	47.80669301
93.47943937	0.07560306256	0.03571235804	6.409245214
9.881693771	0.02474044148	77.53147098	12.56209481
64.16258118	4.269173264	0.02308482496	31.54516073
4.819779536	0.03448358685	0.2548011576	94.89093572
13.56906034	59.01503406	8.915507947	18.50039765
13.19790467	37.33973643	14.29711944	35.16523946
26.37861347	27.18196185	24.84244261	21.59698207
>cisbp__M01549
18.70649803	17.6171164	44.20646087	19.4699247
17.68457837	11.85432739	17.86231133	52.59878291
95.23195866	0.09989012839	4.601192855	0.06695835546
3.071110049	0.01007235312	96.74117132	0.1776462752
65.46210385	0.2756761171	0.428044297	33.83417574
0.8644161102	1.866936744	0.3086025682	96.96004458
7.376240206	59.63627628	12.5317328	20.45575071
13.75029109	36.63704892	16.46208724	33.15057275
30.11503975	25.66234407	30.41770093	13.80491525
28.71001034	20.03029454	27.0380695	24.22162561
>cisbp__M02012
48.11390533	25.92455621	14.82988166	11.1316568
31.57202944	68.37539432	0.02628811777	0.02628811777
0.02436647173	0.02436647173	99.92690058	0.02436647173
99.92690058	0.02436647173	0.02436647173	0.02436647173
0.02436647173	0.02436647173	0.02436647173	99.92690058
0.02436647173	99.92690058	0.02436647173	0.02436647173
0.02436647173	0.02436647173	70.6871345	29.26413255
51.57860825	22.58376289	16.14046392	9.697164948
>cisbp__M06882
29.62332962	31.33563134	7.534207534	31.50683151
8.9041	22.774	7.8767	60.4452
6.3356	61.8151	10.1027	21.7466
91.2671	1.8836	6.6781	0.1712
0	0	100	0
100	0	0	0
0	0	0	100
0	95.8904	0	4.1096
0	27.3973	0.6849	71.9178
53.08214692	3.424696575	43.49315651	0
35.1027	5.9932	45.5479	13.3562
62.1575	7.363	4.9658	25.5137
18.6644	13.5274	7.5342	60.274
15.92468408	37.32876267	11.81508818	34.93146507
18.1507	28.7671	6.8493	46.2329
>cisbp__M06885
13	23.6667	12.5	50.8333
24.5	26	24.1667	25.3333
4	0	96	0
99.8333	0	0.1667	0
0	0	0	100
0	93.3333	2.1667	4.5
18.6667	21	32.5	27.8333
10.3333	7	78.1667	4.5
74.1667	4.8333	14	7
12.3333	2.5	3.1667	82
7.1667	36.3333	15.6667	40.8333
32.3333	20.5	23.6667	23.5
27.6667	11.5	31.8333	29
>cisbp__M06888
19.2893	25.0423	10.6599	45.0085
13.70558629	27.24197276	13.53638646	45.51605448
13.3672	43.1472	7.7834	35.7022
80.54141946	5.583794416	11.67508832	2.1996978
0.1692	0	99.8308	0
100	0	0	0
0	0	0	100
0	98.8156	0	1.1844
0	29.78	9.6447	60.5753
47.0389	2.8765	50.0846	0
53.1303	3.2149	36.0406	7.6142
48.39255161	6.091393909	2.538097462	42.97795702
4.568504569	29.27242927	7.275807276	58.88325888
12.0135	41.286	15.2284	31.4721
>cisbp__M06891
26.76767323	17.003383	6.565693434	49.66325034
16.83501684	25.92592593	13.46801347	43.77104377
17.0034	30.6397	13.468	38.8889
5.8923	46.1279	10.6061	37.3737
57.23904276	10.43768956	27.44107256	4.882195118
4.8822	0	95.1178	0
100	0	0	0
0	0	0	100
0	94.4444	0	5.5556
0	31.9865	7.2391	60.7744
41.0774	1.5152	57.4074	0
53.53534646	1.515198485	36.36356364	8.585891414
51.3468	4.0404	3.8721	40.7407
5.3872	28.1145	3.0303	63.468
11.95288805	50.50504949	5.387194613	32.15486785
>cisbp__M06894
14.2405	41.4557	11.3924	32.9114
27.84812785	21.83542184	30.37973038	19.93671994
5.3797	0.9494	93.6709	0
100	0	0	0
0	0	0	100
0	93.6709	4.4304	1.8987
1.898701899	26.26582627	50.63295063	21.2025212
7.9114	0	92.0886	0
77.53167753	1.265801266	17.72151772	3.481003481
13.2911	3.1646	0	83.5443
0	41.1392	12.3418	46.519
>cisbp__M06895
30.7953	7.7834	42.8088	18.6125
64.8054	10.3215	5.753	19.1201
22.8426	6.599	6.9374	63.621
11.67511168	46.02374602	4.906904907	37.39423739
0	60.0677	2.5381	37.3942
84.7716	3.3841	11.8443	0
0.1692	0	99.8308	0
100	0	0	0
0.1692	0	0	99.8308
0	98.4772	0	1.5228
1.8613	29.9492	0.1692	68.0203
45.85445415	9.644690355	38.74786125	5.752994247
53.8071	7.9526	24.3655	13.8748
>cisbp__M06896
4.1958	37.7622	8.2168	49.8252
63.63633636	2.797197203	30.41956958	3.146896853
2.972	0	97.028	0
100	0	0	0
0	0	0	100
0	100	0	0
0	13.6364	3.4965	82.8671
36.18883619	1.573401573	58.56645857	3.671303671
45.979	2.972	47.028	4.021
63.986	2.7972	4.5455	28.6713
9.7902	16.0839	8.7413	65.3846
9.965	45.1049	10.4895	34.4406
19.58041958	19.58041958	18.18181818	42.65734266
27.6224	11.014	38.986	22.3776
34.2657	13.6364	31.993	20.1049
>cisbp__M08558
66.06453394	8.592991407	19.38418062	5.958294042
6.190893809	1.716198284	90.39050961	1.702398298
97.4138	0	0	2.5862
12.93101293	0	1.724101724	85.34488534
0.2350997649	99.35240065	0.1996998003	0.2127997872
4.388	18.7352	2.9952	73.8816
46.39385361	29.5010705	12.75068725	11.35438865
24.4492	41.5463	17.543	16.4615
>cisbp__M08565
64.7660819	8.625731	20.3216374	6.2865497
8.4795322	2.0467836	88.0116959	1.4619883
91.95906439	0.1461988001	0.1461988001	7.748538008
11.98830409	0.2923976997	0.8771929991	86.84210521
2.9239766	94.1520468	1.1695906	1.754386
5.994152006	27.04678363	4.239766104	62.71929826
51.4619883	18.7134503	18.128655	11.6959064
28.3625731	33.0409357	21.3450292	17.251462
32.3099415	25.2923977	21.1988304	21.1988304
