>kznf__ZNF224_Imbeault2017_OM_RCADE
46.73295794	5.25567527	40.48296357	7.528403224
10.36930311	69.46022084	11.50570345	8.664772599
1.846590369	13.21020264	1.846590369	83.09661662
21.73298696	5.823856506	4.687497188	67.75565935
22.86929085	3.55113858	27.41478903	46.16478153
78.55116284	1.278411023	12.64201011	7.528416023
8.664772599	1.846590554	81.96022459	7.528412259
3.551141776	82.52844126	1.278410639	12.64200632
4.119318064	64.91476949	0.7102266662	30.25568578
20.02841062	75.14203983	0.7102273764	4.119322183
93.89204695	2.414771207	1.278410639	2.414771207
0.7102269148	0.142044983	95.59658853	3.551139574
7.528409247	33.66479663	34.80109652	24.0056976
47.30111324	0.7102271989	51.84661452	0.1420450398
74.57385526	1.278409233	14.91479105	9.23294446
11.5057069	3.551142131	59.80113588	25.14201509
9.80114098	6.960230696	4.119320412	79.11930791
4.687501406	81.96022459	5.255681577	8.096592429
57.52842876	31.3920157	6.392053196	4.687502344
26.84659463	21.16479577	4.119319176	47.86929043
32.52839024	5.255678423	55.82388325	6.392048082
22.30109108	9.80113608	15.48299381	52.41477903
11.5057	16.6193	39.3466	32.5284
17.1875	29.6875	32.5284	20.5966
17.18749828	62.07389379	1.278409872	19.46019805
9.232945384	49.57387521	14.91479254	26.27838686
10.93749672	67.75567967	6.960227912	14.3465957
