>jaspar__MA0486.2
64	18	25	1455
11	4	17	1455
9	1455	9	5
4	361	238	1455
1455	424	384	3
0	0	1455	0
1455	8	2	7
1455	4	4	27
70	713	159	515
490	190	592	183
25	5	0	1455
6	2	4	1455
3	1455	3	4
>jaspar__MA0770.1
173	37	91	3187
23	2	47	3187
16	3187	2	0
1	710	293	3187
3187	565	792	0
2	0	3187	1
3187	49	4	28
3187	1	23	108
170	1406	630	981
999	468	1209	511
142	68	88	3187
45	89	43	3187
89	3187	117	364
>jaspar__MA0771.1
1918	1026	1116	10067
728	91	985	10067
94	10067	111	70
62	4329	3252	10067
10067	4012	4790	33
3	12	10067	8
10067	832	49	837
10067	414	369	1654
1356	3686	2184	2841
2602	2220	3325	1920
1317	284	384	10067
320	80	136	10067
98	10067	100	213
>jaspar__MA1760.1
3	0	997	0
983	0	0	17
951	3	0	46
80	234	574	111
297	323	197	183
117	34	0	849
6	0	0	994
0	1000	0	0
0	51	17	931
917	6	77	0
0	0	997	3
1000	0	0	0
834	31	54	80
>jaspar__MA1887.1
199	216	223	363
366	263	227	145
106	92	700	102
687	96	87	130
636	96	97	171
224	291	197	288
262	185	288	264
30	14	17	939
17	6	19	958
4	987	5	4
10	133	140	717
695	159	128	18
12	19	952	17
760	81	58	101
723	80	77	120
262	275	197	267
277	205	264	254
179	108	105	608
140	96	107	657
121	641	107	130
>cisbp__M06944
61.6071	7.1429	27.2321	4.0179
0	0	100	0
100	0	0	0
96.875	0	0	3.125
6.25	18.75	63.8393	11.1607
16.0714	43.3036	20.9821	19.6429
7.5893	1.7857	0	90.625
0.4464	0	0	99.5536
0	100	0	0
0	4.0179	2.2321	93.75
89.7321	0.8929	9.375	0
0	0	100	0
100	0	0	0
90.62490938	0.8928991071	2.678597321	5.803594196
20.5357	15.625	49.5536	14.2857
34.8214	39.2857	15.1786	10.7143
34.8214	10.2679	11.1607	43.75
>cisbp__M06950
0	0	100	0
99.4828	0	0	0.5172
93.96540603	0.6896993103	0.6896993103	4.655195345
7.069	24.1379	57.2414	11.5517
31.8966	26.3793	18.6207	23.1034
8.6207	3.4483	0.3448	87.5862
0.5172005172	0	0.3448003448	99.13799914
0	99.8276	0.1724	0
0.1724	13.7931	3.7931	82.2414
78.6207	2.931	18.4483	0
0	0.1724	99.8276	0
98.6207	0	0	1.3793
77.7586	2.7586	8.6207	10.8621
23.7931	20.1724	38.4483	17.5862
32.069	32.7586	15	20.1724
34.1379	11.3793	12.5862	41.8966
