>jaspar__MA0146.2
50	178	179	70
59	170	173	75
91	151	199	37
72	49	297	61
10	297	144	30
6	361	2	112
30	124	183	144
191	153	122	15
8	2	470	1
0	3	477	1
0	481	0	0
0	480	0	1
0	1	0	480
84	122	218	56
>jaspar__MA0381.1
0	0	100	0
0	0	100	0
0	100	0	0
0	84	16	0
49	15	37	0
21	18	28	32
>swissregulon__hs__ZNF711
301	113	67	32
1	1	510	1
2	18	492	1
1	502	9	1
1	510	1	1
22	89	1	401
241	109	129	34
48	88	328	49
>homer__AGGCCTAG_ZNF711
58.74125874	21.97802198	12.98701299	6.293706294
0.1	0.1	99.6	0.2
0.4	3.6	95.9	0.1
0.1	98.1	1.7	0.1
0.1	99.7	0.1	0.1
4.2	17.4	0.1	78.3
47	21.3	25.1	6.6
9.4	17.1	64	9.5
>cisbp__M00986
12.39233779	49.25832365	18.12112458	20.22821398
2.922695229	8.868504802	0.632867762	87.57593221
16.47763144	41.7627081	10.19608467	31.56357578
14.21857664	58.82396404	5.956894712	21.00056461
12.8157658	7.543423439	79.0970924	0.5437183617
11.14884179	1.956849178	77.58201359	9.312295438
37.99884207	59.00107638	1.817670412	1.182411135
0.1010283023	99.25034723	0.6361285706	0.01249590135
57.37129433	16.43715103	15.1734028	11.01815184
