>swissregulon__hs__USF1
347	577	858	273
471	321	1195	68
76	641	290	1048
2	2047	4	2
2049	2	2	2
2	1944	2	107
129	10	1914	2
2	2	4	2047
2	2	2049	2
919	296	713	127
>homer__GGTCACGTGA_USF1
16.9	28.1	41.7	13.3
22.9	15.6	58.2	3.3
3.7	31.2	14.1	51
0.1	99.6	0.2	0.1
99.7	0.1	0.1	0.1
0.1	94.6	0.1	5.2
6.3	0.5	93.1	0.1
0.1	0.1	0.2	99.6
0.1	0.1	99.7	0.1
44.7	14.4	34.7	6.2
>cisbp__M07796
6.852206852	50.96365096	22.26982227	19.91431991
0	100	0	0
99.7859	0	0	0.2141
0	95.0749	0	4.9251
0	0.6424	99.3576	0
0	0	0	100
0	0	100	0
42.82655717	18.41538158	29.12207088	9.635990364
1.2848	50.7495	11.349	36.6167
2.997897002	66.16693383	6.20989379	24.62527537
