>jaspar__MA0367.1
42	13	23	22
34	10	34	22
37	0	0	63
22	2	0	77
27	15	17	41
30	18	4	48
0	12	0	88
0	100	0	0
0	100	0	0
4	0	89	8
32	13	33	22
>swissregulon__sacCer__RGT1
9.42	2.94	7.09	40.81
4.49	13.04	6.7	36.27
7.8	10.69	4.28	37.49
7.17	7.74	8.13	37.41
10.37	55.74	6.36	17.97
2.59	85.76	1.07	1.51
1.2	0.42	88.92	0.03
0.04	0.43	59.86	0.04
56.1	0.08	4.05	0.14
34.41	1.35	7.13	17.45
31.35	8.99	6.02	13.99
52.28	0.05	0.67	7.65
42.99	0.02	0.13	17.23
>yetfasco__YBR239C_2188
22.77842025	28.1012373	23.94629483	25.17404762
33.73936794	19.6615577	26.54032684	20.05874752
18.84894876	29.56103603	16.55117579	35.03883942
9.077733203	77.15562717	10.97724522	2.789394408
2.430998632	0.1955971939	97.34896818	0.02443599895
6.392713256	0.06621546639	93.23831925	0.3027520237
74.13997525	3.306713725	17.04666978	5.50664125
56.18937328	7.161558691	27.07816413	9.570903892
20.34885506	33.21576618	18.41240548	28.02297328
26.5212963	24.23863976	25.4813814	23.75868254
>yetfasco__YLR228C_849
25.50253029	20.2988225	20.32188281	33.87676439
16.68136876	24.88704731	16.34411995	42.08746398
6.094245586	52.63120556	12.73398249	28.54056637
0.6762760999	78.4300038	20.05403351	0.8396865932
1.351749717	3.117878952	94.48018428	1.050187048
4.189307733	0.9398533072	93.57543857	1.295400389
24.33994841	2.171514625	71.16291333	2.325623641
14.03993915	26.0294855	16.07862825	43.85194709
22.78259337	29.52375509	34.94875163	12.74489991
22.92002269	7.919016292	41.98886478	27.17209624
35.13386814	41.63350084	10.85380748	12.37882354
1.73041022	93.24516981	1.338687817	3.685732149
0.6366360445	4.027611314	95.15435741	0.1813952351
1.955627484	1.584654068	96.30263571	0.1570827424
92.71223985	0.6305647165	5.057577439	1.599617999
40.19549494	27.73545987	29.29846685	2.770578342
33.98572199	29.5917649	13.76431852	22.65819459
34.04061136	16.233367	8.229204969	41.49681667
>scertf__zhu.OAF1
12	3	3	82
85	1	1	12
48	2	5	45
44	20	17	19
1	18	8	72
1	97	1	1
1	95	3	1
1	1	97	1
65	2	26	7
>cisbp__M00074
27.99177255	19.92371299	24.09274191	27.99177255
17.47899742	24.80387801	11.14510081	46.57202376
0.1977914339	94.58111551	3.188204265	2.032888793
0.0006976802486	8.778015365	91.12665401	0.09463294028
0.09060269997	3.282905108	94.51218174	2.114310457
45.22512392	11.04141024	39.71197468	4.02149117
24.4505191	22.57067386	35.04564823	17.93315881
33.02737925	21.48461058	19.24664754	26.24136262
29.38113456	12.30927184	16.61577901	41.69381459
39.20108064	16.58841091	20.67043284	23.54007561
>cisbp__M00076
25.3963332	25.90937317	22.52452694	26.16976669
32.29648261	14.08285819	37.90027343	15.72038577
3.080764307	92.31232986	0.01094555018	4.59596028
0.002649529179	1.834233487	98.16273624	0.0003807478082
0.1146282276	0.001032201695	99.87693799	0.007401584424
54.55637775	16.4320652	14.86834745	14.14320959
29.90553261	20.046278	15.30291756	34.74527183
23.50324389	39.1397451	21.91427935	15.44273166
25.87892644	34.93289679	20.76832494	18.41985183
>cisbp__M00088
0.4409158488	91.02177452	4.183293098	4.354016528
0.08482203089	11.62083988	87.60166697	0.6926711163
0.01165512938	0.515814071	99.28466153	0.1878692746
53.712122	12.72589268	24.13441214	9.427573174
46.07655815	8.848998784	13.87799262	31.19645045
31.88601771	23.62174291	22.24611969	22.24611969
27.90829738	23.54524859	23.54524859	25.00120545
>cisbp__M00097
16.60012805	27.3689842	10.90706134	45.12382641
3.406941051	94.23718376	2.087182012	0.2686931751
2.983807793e-05	3.422169823	96.57064377	0.00715656474
0.002724443461	0.001064243452	99.93389245	0.06231886395
52.54468073	15.20560134	20.5254149	11.72430303
24.60473026	26.3887745	29.45721028	19.54928497
37.87273546	15.8668412	15.8668412	30.39358214
22.94897031	11.74318496	9.424126678	55.88371805
48.44359417	14.01881162	11.47763219	26.05996202
>cisbp__M00099
24.92102639	23.94385897	24.67305804	26.4620566
28.84313275	22.23954324	24.82551442	24.09180959
18.4141515	30.66492435	19.94781218	30.97311197
2.527854102	94.38392394	2.8217881	0.2664338623
0.5759401207	5.574755271	93.52683668	0.3224679329
0.7831551486	6.723276051	92.34906138	0.1445074153
52.98769007	17.63806982	21.75969976	7.614540355
23.35784717	19.90424439	44.29771054	12.44019789
32.95070697	17.20177741	17.54927637	32.29823925
31.67771755	16.70342048	14.81460499	36.80425698
>cisbp__M00100
20.69689207	33.44771747	17.63672803	28.21866243
18.76432748	10.71835393	11.84561306	58.67170554
2.751876568	93.90494683	3.041293953	0.3018826443
1.302797105	11.18432866	86.01430086	1.498573375
3.191066438	1.935479632	91.86822073	3.005233195
57.14692432	12.00863016	20.81399447	10.03045105
55.28197611	5.116378817	8.024079244	31.57756583
38.04626784	21.73237304	18.70522682	21.51613231
31.38418592	21.89600353	17.74855551	28.97125504
31.7368857	19.24939422	17.59262168	31.42109841
>cisbp__M00103
23.87258192	25.34877994	22.48235098	28.29628716
15.14115756	18.12725673	17.94688751	48.78469819
5.905119174	87.86658907	1.441695183	4.786596573
4.498547001	4.279150275	86.81283292	4.409469802
4.953190769	3.455723938	88.23749343	3.353591861
54.51729679	15.93500121	19.07766013	10.47004187
28.88287556	15.22972147	37.83554022	18.05186274
48.8405735	9.959843832	13.85382533	27.34575733
33.84302188	9.040665872	6.121044979	50.99526727
29.25980673	19.03377039	20.00965266	31.69677023
>cisbp__M00104
31.8674378	18.75733226	30.61789769	18.75733226
2.403021763	96.22863866	0.4389924841	0.929347096
0.08551992037	0.8445038839	98.59238777	0.4775884294
0.5788654206	0.1304604371	98.82145495	0.4692191905
56.16878817	15.46162631	20.45773871	7.911846809
44.1364232	12.02857855	21.91749912	21.91749912
29.13271258	26.09807838	21.15469119	23.61451786
>cisbp__M01351
27.41318752	27.14042175	27.96697064	17.47942009
34.13167827	28.79569609	20.29198407	16.78064157
12.15309836	27.31904685	6.603396554	53.92445824
2.139045524	97.54947763	0.01317228489	0.2983045642
0.005672474491	8.230692548	91.64021099	0.1234239825
2.494819093	2.596634591	93.15047702	1.758069301
50.10723749	13.12036311	26.9549097	9.817489705
45.73959601	10.00379335	17.86715938	26.38945125
27.73585749	16.00219772	9.140600382	47.1213444
27.21971244	12.98690358	11.1779315	48.61545248
>cisbp__M01352
22.4577558	31.23802255	23.84646586	22.4577558
18.14318913	35.10330324	15.30677033	31.44673731
15.79819425	33.44477749	19.88360744	30.87342081
4.382754049	90.71087989	3.088474579	1.817891486
1.837615339	3.663682246	94.48761042	0.01109199858
3.198254653	0.4117270045	94.87926982	1.510748525
65.71510822	11.53434212	13.40099365	9.349556014
19.37401118	25.63433177	33.58006334	21.41159372
31.36307214	21.02329596	16.8715902	30.7420417
30.96198886	21.38650865	13.77369049	33.87781199
>cisbp__M01361
19.68727648	27.93757517	25.53302118	26.84212717
24.71206261	28.14279831	20.64124976	26.50388932
19.75393277	19.36277869	14.20157109	46.68171745
0.1468255737	96.68807048	0.002201734171	3.162902217
0.01564572549	10.51121169	88.45044639	1.022696195
4.220478519	5.6970501	84.77057708	5.311894305
56.09702746	12.3923931	20.84434784	10.66623159
44.84471074	15.85057298	21.61106927	17.69364702
28.55989503	20.53238636	15.67400272	35.23371589
26.62261771	18.20618087	15.05576756	40.11543385
>cisbp__M01372
21.09180195	32.1009117	18.33633172	28.47095463
9.421799497	55.31400323	8.873116609	26.39108067
1.48980662	96.41350892	0.3130621101	1.783622353
0.002578652044	2.508064948	97.46677183	0.02258456704
1.100805269	0.01031704369	98.10535716	0.7835205219
76.94229495	7.79167398	10.94689358	4.319137481
15.05177126	24.32478223	40.50784567	20.11560085
36.42377888	19.79089191	16.53074247	27.25458673
29.86858354	16.3922262	13.4208197	40.31837056
>cisbp__M01403
22.94615152	17.1697692	24.60993523	35.27414405
10.18005528	8.251792435	64.09910756	17.46904472
0.7280735635	93.93911052	0.5613822757	4.771433637
0.002655875564	0.5706490394	99.3867792	0.03991588556
0.05113539904	1.547625341	98.1720663	0.2291729589
53.38153711	17.24401177	21.70331338	7.671137731
47.59848918	5.887320798	12.9721016	33.54208842
38.61242178	19.1743612	22.0557653	20.15745172
>cisbp__M01571
27.37586786	17.10997951	39.23863666	16.27551597
3.264128201	88.49912927	0.0460970056	8.190645526
0.01190848139	3.48858283	96.49542398	0.004084710546
0.101378117	0.3045566945	99.59400565	5.953786751e-05
46.80948426	19.03131609	18.10314785	16.0560518
26.75595652	21.47215807	16.72253352	35.04935189
20.85401467	39.15571856	23.74914381	16.24112296
23.26879738	35.06183772	22.80804432	18.86132058
25.82851582	22.23080959	29.70986501	22.23080959
>cisbp__M01572
33.626818	19.99183427	26.18859219	20.19275554
18.82402455	29.81864758	16.36482077	34.9925071
8.837015229	77.39708942	11.2340481	2.531847253
1.581829923	0.05776237633	98.35489895	0.005508749441
6.461517416	0.1801193099	93.30411238	0.0542508936
73.03715781	4.576654731	16.62600977	5.76017769
56.61260186	6.93257702	27.28212179	9.172699331
19.90362052	33.47844004	18.37335746	28.24458198
26.13148941	24.60970994	25.61405125	23.64474941
>cisbp__M01583
21.84374672	34.60211091	14.06816846	29.4859739
0.04714264968	95.14697719	4.784697598	0.02118255795
0.04118403505	12.55721502	87.3825322	0.01906874644
0.0006205877147	0.0006655854012	99.99862101	9.282044762e-05
47.50564867	17.13029654	26.5983351	8.765719683
27.87772105	16.74044824	44.16037267	11.22145804
28.43068149	23.51101175	22.58913179	25.46917497
26.30936308	18.91442553	17.81293514	36.96327626
34.69099513	16.88592014	16.71790243	31.7051823
29.00436799	21.70291187	21.70291187	27.58980827
>cisbp__M01584
28.2452824	26.6004052	21.5618694	23.592443
24.89412419	19.77921817	23.68002342	31.64663422
7.588615148	87.06449074	3.548940533	1.797953579
1.187013242	6.762822083	91.96796137	0.08220330849
3.44158881	0.05760955894	96.15228411	0.348517522
37.02781238	4.185680589	52.02213578	6.764371255
45.86486278	11.65458083	21.66502713	20.81552926
36.06538422	17.03608122	21.22826439	25.67027017
36.67288619	15.21128652	20.94788499	27.1679423
>cisbp__M01585
15.11678982	38.39637733	11.42342278	35.06341006
3.840900235	84.57738377	7.402459855	4.179256142
0.2813529842	1.272009416	98.18918573	0.2574518665
0.7353960419	7.650823336	90.64425266	0.9695279621
66.38688543	10.11900837	15.5746828	7.919423405
42.4517049	9.174813643	20.59211454	27.78136692
33.94265569	19.86311872	18.07262382	28.12160177
59.38269494	7.426341422	7.621952315	25.56901132
48.53770004	4.664003098	8.278739922	38.51955694
22.05552956	29.50805131	13.37144873	35.0649704
>cisbp__M01597
14.05611132	18.04840419	50.55476835	17.34071614
2.038443153	88.42779607	4.315384187	5.218376592
0.8179138012	1.582493353	97.41709161	0.1825012375
0.01435760876	0.7997346844	99.13918268	0.04672503156
53.99111828	12.04704687	26.28029863	7.681536229
42.18918637	8.433095806	12.33158604	37.04613179
34.22910828	21.39327032	20.96965518	23.40796622
29.04365629	20.88017381	22.17133165	27.90483824
>cisbp__M02572
23.28208191	33.0388469	19.44682948	24.2322417
18.64127581	36.42947688	9.928190655	35.00105666
0.1055650519	99.64083675	0.05138402715	0.2022141669
0.01392624518	1.870152396	98.10319373	0.01272762977
1.038033301	0.01339770127	97.2541704	1.694398593
61.14244747	13.23952067	17.34330142	8.274730448
45.91159147	8.058420931	9.551685423	36.47830217
33.15373116	26.34175346	21.56680364	18.93771174
23.86979484	26.38020308	23.63228641	26.11771567
>cisbp__M02577
20.24511824	24.72744325	16.24708795	38.78035056
21.21162737	36.76511715	13.39055345	28.63270203
0.9978212017	98.27983058	0.01212869466	0.7102195188
0.03809332862	15.83596921	84.12332566	0.002611798764
0.4259672951	0.9385748157	95.25974242	3.375715467
46.44610503	22.60774641	20.05127232	10.89487624
27.94223251	22.20104266	19.88845186	29.96827297
27.61884209	24.49571549	29.91913446	17.96630797
35.2479734	16.48429378	20.5406949	27.72703792
33.70905768	23.51801152	23.51801152	19.25491928
>cisbp__M02590
22.08689692	31.03093261	21.22085731	25.66131316
19.22351769	37.56731571	12.75769233	30.45147428
0.009269579623	98.39428764	0.06074823511	1.535694544
0.02155708551	2.166145405	97.80241561	0.009881897587
0.5502452868	0.03926620225	98.7517253	0.6587632114
50.3500694	17.97532524	21.09423958	10.58036577
40.04441063	12.55336936	12.93567637	34.46654364
29.51347678	27.79474569	22.3058059	20.38597163
22.68772536	27.16213872	24.82432564	25.32581028
>cisbp__M02616
21.85337149	28.62713978	15.24657993	34.2729088
20.47948444	34.44705907	13.59121497	31.48224153
0.05484656543	97.20131955	0.0342792278	2.709554655
0.04591077144	11.80997462	88.14158845	0.002526158481
1.10271872	0.5872989494	94.42243406	3.887548271
49.64964724	22.08704606	17.72526966	10.53803703
31.04182232	23.93484633	16.36811774	28.65521361
29.88013307	24.22036514	27.03666246	18.86283933
33.42844572	18.53029955	21.74550797	26.29574676
31.96958346	22.9836923	25.65619169	19.39053255
