>jaspar__MA1173.1
327	82	86	105
369	53	70	108
198	249	47	106
140	261	44	155
180	120	188	112
160	51	47	342
596	2	1	1
598	0	2	0
0	600	0	0
54	424	49	73
86	4	510	0
367	43	27	163
407	72	2	119
206	112	22	260
139	181	68	212
>jaspar__MA1174.1
236	49	114	201
169	73	78	280
265	106	71	158
270	80	103	147
333	91	45	131
1	3	0	596
600	0	0	0
600	0	0	0
0	600	0	0
26	35	417	122
143	0	457	0
223	41	2	334
237	143	13	207
194	58	25	323
133	135	37	295
>jaspar__MA1175.1
149	163	223	65
30	99	0	471
600	0	0	0
600	0	0	0
0	600	0	0
118	234	114	134
94	0	506	0
268	102	0	230
264	95	1	240
124	59	7	410
113	180	39	268
>jaspar__MA1177.1
284	61	105	149
129	250	41	179
105	218	65	211
183	121	205	90
75	75	0	449
599	0	0	0
599	0	0	0
0	599	0	0
38	354	118	89
76	0	523	0
178	153	4	264
280	219	2	98
266	57	75	201
>jaspar__MA1179.1
48	10	47	39
35	17	11	81
48	8	26	62
95	1	32	16
0	144	0	0
3	89	52	0
0	0	144	0
0	0	0	144
0	0	0	144
97	0	8	39
73	16	19	36
75	13	18	38
44	11	45	44
41	36	20	47
32	35	15	62
19	38	65	22
27	25	29	63
28	23	17	76
60	3	39	42
>jaspar__MA1391.2
192	147	70	213
217	126	75	204
341	75	85	121
20	11	2	589
614	3	3	2
613	0	7	2
0	615	0	7
12	569	6	35
31	1	586	4
148	35	15	424
370	87	16	149
268	51	61	242
199	135	107	181
>jaspar__MA1544.1
6192	2530	3015	3269
9556	505	5450	4724
8031	793	3334	6974
15006	389	0	2100
0	15006	0	0
0	15006	0	0
1	0	15006	4
0	0	4	15006
0	0	0	15006
15006	9	0	0
951	5767	2465	15006
3355	3695	3415	4541
1613	6591	522	8415
2923	3936	4872	3275
>jaspar__MA1545.1
4025	1033	4556	2877
5375	1849	4568	7116
8885	1602	450	3607
3	12491	24	0
0	12491	41	0
0	0	12491	0
0	1402	0	12491
0	0	9	12491
12491	13	151	0
1859	5644	3448	6848
3243	2607	3395	3246
2782	5865	1793	6626
2673	3144	3872	2802
>flyfactorsurvey__ovo_SOLEXA_5_FBgn0003028
112	125	101	68
167	38	163	39
111	110	91	95
229	87	62	29
0	2	3	402
384	1	0	22
405	0	0	2
3	401	0	3
0	0	399	8
0	0	401	6
48	20	156	183
327	22	12	46
71	204	10	120
113	93	24	139
>nitta__ovo_TGTGCA40NCCG_KAC_TAACGGTAA_m1_c2
58	144	33	1998
1998	8	11	71
1998	15	145	0
0	1998	0	0
97	43	1998	331
7	0	1998	15
397	164	866	1998
1998	780	628	749
1998	2723	551	1692
>taipale_cyt_meth__OVOL1_NRWACCGTTATNYN_FL_meth_repr
5438	2348	2657	2591
7811	265	5223	3369
6639	797	4545	6395
13034	519	14	1107
3	13034	0	0
251	13034	0	47
3	0	13034	0
0	1	2	13034
0	0	0	13034
13034	0	0	0
767	4996	2383	13034
3055	2976	3228	3775
1437	5677	496	7357
2481	3517	4332	2704
>taipale_cyt_meth__OVOL2_NWWCCGTTAYNYN_FL_meth
3319	701	2939	2211
3829	1247	3027	5341
6726	1059	390	2445
359	9171	120	11
1149	9171	98	999
5	0	9171	1
0	1173	0	9171
87	5	5	9171
9171	92	386	134
1477	3685	2396	5486
2486	1759	2293	2633
2286	3785	1151	5385
2196	2064	2697	2213
>taipale_cyt_meth__OVOL2_NWWCCGTTAYNYN_eDBD
13554	6427	7941	10940
16353	9508	9812	22509
20295	7083	5170	18567
1452	38862	715	57
11	38862	235	97
0	0	38862	0
0	13524	116	38862
146	0	15	38862
38862	296	1468	341
7243	16306	10925	22556
9975	8834	8746	11306
9200	16702	4869	22160
9918	9368	10109	9467
>taipale_cyt_meth__OVOL2_NWWCCGTTAYNYN_eDBD_meth
12301	4400	6408	8851
13416	6854	8064	18543
18479	4290	4194	13480
1284	31959	421	0
220	31959	226	752
0	0	31959	8
0	8004	21	31959
53	22	0	31959
31959	180	1149	308
5886	11625	9156	20335
8852	6366	7191	9551
9402	12468	3941	19492
9007	6965	7878	8109
>transfac_public__M00461
6	4	4	7
9	4	3	5
5	6	2	8
11	4	0	6
1	5	13	2
4	2	2	13
21	0	0	0
21	0	0	0
0	21	0	0
8	5	3	5
0	0	21	0
5	5	1	10
4	9	5	3
6	6	5	4
5	6	6	4
>cisbp__M07032
34.3003343	26.10922611	14.50511451	25.08532509
20.8191	21.5017	36.8601	20.8191
34.81226519	5.119494881	21.5016785	38.56656143
24.74402474	9.215009215	9.556309556	56.48465648
43.686	16.2116	8.3618	31.7406
39.9317	9.8976	19.9659	30.2048
41.2969	14.6758	8.8737	35.1536
0	2.0478	0	97.9522
100	0	0	0
100	0	0	0
0	100	0	0
3.0717	10.2389	74.744	11.9454
15.1877	0	84.8123	0
25.7679	8.5324	0	65.6997
41.8089	13.8225	4.4369	39.9317
35.4949	7.1672	3.7543	53.5836
18.94198106	26.96247304	9.726990273	44.36855563
>cisbp__M07050
41.66665833	11.4999885	19.16668083	27.66667233
24.5	36.1667	8	31.3333
20.3333	33.6667	0.6667	45.3333
21.83332183	25.33332533	35.83333583	17.000017
10.66668933	21.4999785	0.1666998333	67.66663233
98.5	0	0	1.5
100	0	0	0
0.1667	99.8333	0	0
12.5	49	24.6667	13.8333
10.6667	0.3333	89	0
22.5	17.3333	4.5	55.6667
41.3333	14.1667	0.1667	44.3333
30.33333033	5.5000055	9.833309833	54.33335433
20.1667	29.3333	11.1667	39.3333
>cisbp__M07052
55.3333	10.6667	13.5	20.5
51.83335183	14.33331433	12.33331233	21.5000215
27	41.1667	7	24.8333
22.6667	31.3333	9	37
35	19.3333	41.5	4.1667
9.6667	5.8333	0.3333	84.1667
100	0	0	0
100	0	0	0
0	100	0	0
9.6667	51	11.8333	27.5
20	0	80	0
50.5	8.8333	0.6667	40
50.8333	26	0	23.1667
33.66666633	4.999995	2.166697833	59.16664083
25.3333	21.6667	12.6667	40.3333
>cisbp__M07120
39.83333983	23.33332333	23.000023	13.83331383
5.6667	1.8333	0	92.5
100	0	0	0
100	0	0	0
0	100	0	0
8.666691333	46.999953	13.16668683	31.16666883
20	0	80	0
58.6667	13.8333	0	27.5
51.3333	28.8333	0.1667	19.6667
36.6667	6.5	0.8333	56
26.83332683	28.000028	11.33331133	33.83333383
>cisbp__M07131
30.3183	12.2278	13.2328	44.2211
38.861	17.0854	13.5678	30.4858
38.69346131	15.07538492	22.27807772	23.95307605
52.4288	15.7454	4.0201	27.8057
0	0	0	100
100	0	0	0
100	0	0	0
0	100	0	0
3.852596147	7.202692797	78.72692127	10.21778978
16.7504	0	83.2496	0
31.4908	7.5377	0.335	60.6365
42.04355796	19.76548023	2.01009799	36.18086382
35.1759	7.8727	3.8526	53.0988
20.603	27.6382	8.8777	42.8811
26.8006732	11.89278811	22.44557755	38.86096114
>cisbp__M07155
40.99485901	18.52488148	9.605490395	30.87476913
40.6518	11.6638	14.4082	33.2762
7.375607376	13.20751321	0	79.41687942
100	0	0	0
100	0	0	0
0	100	0	0
0.3430996569	55.4030446	24.35677564	19.8970801
0	0	100	0
27.1012271	7.375607376	0.8576008576	64.66556467
53.5163	20.2401	0.3431	25.9005
56.9468	2.0583	2.4014	38.5935
