>jaspar__MA0423.1
35	28	23	13
0	97	1	2
0	91	0	9
0	100	0	0
0	100	0	0
0	0	0	100
60	0	8	32
21	0	4	75
32	28	5	34
>yetfasco__YER130C_534
33.6788	5.1813	29.0155	32.1244
75.12957513	3.626903627	0	21.24352124
31.6062	8.2902	0	60.1036
100	0	0	0
0	0	100	0
0	0	100	0
8.8083	0	91.1917	0
2.072502073	0.5181005181	97.40939741	0
12.9534	23.3161	29.0155	34.715
>scertf__badis.GIS1
1	95	1	3
1	97	1	1
1	97	1	1
1	85	1	13
1	1	1	97
49	4	15	32
>cisbp__M01033
5.843535223	82.70962333	2.816052158	8.630789291
0.5903879413	83.34799625	0.05464074495	16.00697507
0.4178979799	99.23413478	0.1116353031	0.2363319385
0.4614943611	98.17136316	0.1126707485	1.254471735
0.2235647021	0.8710512946	0.2191378244	98.68624618
41.47132196	3.724758999	26.44328237	28.36063668
31.42984554	4.339494804	9.754785027	54.47587463
30.02953538	23.85947493	13.90406732	32.20692237
22.53853224	24.17276022	16.86476254	36.42394501
>cisbp__M01036
30.46835494	23.25891739	28.69401608	17.5787116
8.580008127	79.79292651	1.953133217	9.673932149
0.1185451961	75.00381729	0.6489101668	24.22872735
0.2982191454	99.49161043	0.1422845041	0.0678859169
0.02596330468	97.41000266	1.160590472	1.403443561
1.551843574	7.686331536	3.453691387	87.3081335
38.23420052	7.269811894	25.8867283	28.60925928
34.85918818	8.176929817	17.66025708	39.30362492
27.33620994	24.24504326	18.50816887	29.91057793
23.72217079	25.18906791	20.01356087	31.07520043
>cisbp__M01038
12.91323206	67.23893885	4.994076586	14.8537525
0.7343452547	73.05583505	0.6448252129	25.56499448
0.21069131	99.74718117	0.03214940928	0.009978113825
0.05576609335	92.1493618	2.673559576	5.121312526
0.06867007254	12.08008464	4.625378471	83.22586682
38.75599442	9.367867092	22.58498802	29.29115047
30.28676064	10.2852484	17.30007219	42.12791876
27.75167774	24.12614959	16.83224341	31.28992927
23.55331383	25.00976942	20.88991539	30.54700135
>cisbp__M01041
3.281286907	89.85845361	1.504161643	5.35609784
0.1341581706	89.23418457	0.1328232745	10.49883398
0.03889727129	99.80006365	0.1304414023	0.03059767732
0.08625290495	99.43741544	0.08977295277	0.3865587013
0.008101870745	0.8997302448	0.1693715785	98.92279631
51.66462544	1.776727733	20.38446967	26.17417716
31.14892146	2.093379239	7.090668478	59.66703083
29.51773915	21.00985072	10.02409214	39.44831798
22.49434449	24.1253685	14.77983751	38.6004495
>cisbp__M01531
10.05976096	39.94023904	10.05976096	39.94023904
21.43366619	39.26533524	14.30099857	25
25.45421512	56.34084302	5.46875	12.73619186
0.01388117712	98.57023876	0.01388117712	1.40199889
0.01332622601	99.96002132	0.01332622601	0.01332622601
0.01332622601	95.96215352	0.01332622601	4.01119403
0.01332622601	79.9706823	0.01332622601	20.00266525
0.01332622601	0.01332622601	1.345948827	98.62739872
69.20356704	0.01537515375	4.627921279	26.15313653
55.29336735	4.272959184	8.524659864	31.90901361
39.97005988	10.02994012	10.02994012	39.97005988
33.22368421	0.3289473684	0.3289473684	66.11842105
