>jaspar__MA0279.2
29	18	15	25
15	17	20	35
12	14	11	50
5	5	68	9
26	58	3	0
1	1	0	85
1	0	18	68
85	0	1	1
6	64	11	6
10	0	3	74
82	3	0	2
85	0	1	1
5	1	14	67
25	31	14	17
29	23	19	16
28	13	23	23
>swissregulon__mm__Pax3
593	52	147	215
3	599	404	1
1	751	1	254
475	6	509	17
18	1	76	912
195	3	794	15
788	15	103	101
88	917	1	1
224	102	25	656
965	2	39	1
1004	1	1	1
92	22	18	875
60	214	196	537
275	200	293	239
324	218	272	193
>swissregulon__sacCer__CAD1
20.56	1	0.98	0
0.97	0	0	20.95
0	0	0	21.54
18.89	0.98	0	1.72
6.02	2.13	14.64	0
0	0	0	21.54
19.47	2.07	0	0
21.54	0	0	0
0	0	14.16	7.98
0	20.88	0	0.97
>taipale_cyt_meth__PAX3_NYRATTMGTCACGSTN_eDBD_repr
153	277	278	217
156	601	209	324
465	142	459	37
925	62	78	111
22	36	14	925
31	102	29	925
480	445	151	59
4	2	925	12
78	46	10	925
29	925	5	230
925	4	24	22
4	925	0	179
108	15	925	5
0	434	491	7
295	409	139	925
211	223	198	293
>scertf__spivak.CAD1
81	11	4	3
2	0	0	96
0	0	0	97
85	2	0	11
15	15	66	2
1	0	0	97
83	14	0	1
98	0	0	0
0	0	60	38
3	90	1	5
>kznf__ZNF337_Imbeault2017_OM_RCADE
26.47640794	2.460630738	61.51571845	9.547242864
18.60238884	2.460628524	74.5078553	4.429127343
4.429130443	4.822830482	4.429130443	86.31890863
24.90158725	0.492125748	74.50786185	0.09842514961
97.3425183	0.0984252185	2.066930389	0.4921260925
0.8858274234	46.16142207	0.09842524705	52.85432526
66.24016026	2.06692876	29.62598222	2.06692876
98.12992061	0.4921261033	0.4921261033	0.885827186
93.40551214	3.248030422	2.46063032	0.8858271152
0.09842524882	12.3031061	0.09842524882	87.5000434
6.0039394	9.940939006	4.822829518	79.23229208
4.42913	85.9252	2.06693	7.57874
>kznf__ZNF337_Imbeault2017_RP_RCADE
87.49996588	0.543477788	10.97829572	0.9782606185
10.10870101	4.456520446	82.28260823	3.152170315
7.5	6.63043	5.76087	80.1087
26.1956869	3.152168424	62.71736864	7.934776033
15.32610337	0.5434781196	79.23911743	4.891301076
3.152170946	3.586961076	4.021741207	89.23912677
23.58698255	0.5434775978	75.76084394	0.1086959196
99.23912977	0.1086960326	0.1086960326	0.543478163
0.5434781413	42.71741111	0.1086960283	56.63041472
66.195653	0.9782603054	30.54347831	2.282608379
98.36956557	0.108695962	0.9782606576	0.5434778098
90.1087	4.45652	2.71739	2.71739
1.847828891	13.15219211	1.847828891	83.15215011
4.021741609	9.67391387	2.282610913	84.02173361
4.021739196	87.93478241	1.84782963	6.195648761
>cisbp__M08492
11.33956958	0.01153390759	77.76371186	10.88518465
30.25051763	58.4697747	2.658512274	8.621195396
2.666451732	1.766204525	0.8917136555	94.67563009
4.407185186	0.01269662376	22.32500699	73.2551112
88.1529641	5.616488333	0.01045015664	6.220097415
5.322200862	73.04705286	7.769135978	13.8616103
11.26799498	0.01434697233	4.726886175	83.99077187
94.00232277	2.982155949	0.009980692981	3.005540584
96.43208452	0.8907994252	0.01339810276	2.66371795
1.781654679	5.97918539	4.859975172	87.37918476
