>yetfasco__YER051W_662
1.217196187	0.0237237671	0.01914985029	98.7399302
0.3870798779	0.01933848278	0.01916500814	99.57441663
15.35035851	84.10476589	0.02248513957	0.5223904565
0.5223904565	0.02248513957	84.10476589	15.35035851
99.57441663	0.01916500814	0.01933848278	0.3870798779
98.7399302	0.01914985029	0.0237237671	1.217196187
>cisbp__M07977
14.2132	5.5838	79.6954	0.5076
16.24368376	5.583794416	17.25888274	60.91363909
1.015201015	80.2030802	0.5076005076	18.27411827
0.5076	59.8985	39.0863	0.5076
10.6599	53.8071	5.5838	29.9492
3.045703046	8.629408629	76.64977665	11.67511168
10.6599	0	87.3096	2.0305
0	0.5076	99.4924	0
5.5838	0	0.5076	93.9086
0	0	0	100
0	98.9848	0	1.0152
29.9492	0	70.0508	0
100	0	0	0
42.63955736	5.583794416	20.3045797	31.47206853
9.1371	27.9188	1.0152	61.9289
0	99.4924	0	0.5076
2.0305	86.802	0.5076	10.6599
7.106592893	77.15732284	12.69038731	3.045696954
