>jaspar__MA0472.2
1157	679	94	142
0	1551	28	73
295	0	3731	222
6	1558	25	29
24	1554	15	13
0	1468	38	277
2147	110	26	2
0	1573	2	23
106	0	4034	171
4	1585	20	115
1731	157	542	430
>jaspar__MA0732.1
337	645	278	470
444	485	191	540
1031	701	10	20
2	1855	0	13
66	32	2158	36
0	1856	2	0
0	1858	0	10
0	1823	7	80
1159	455	11	4
0	1875	7	2
39	28	2152	26
2	1899	1	21
1262	54	168	80
406	600	110	549
396	346	230	683
>jaspar__MA0733.1
1167	1459	1004	1953
1143	1664	527	2131
2745	1924	151	158
101	4466	150	319
556	475	7053	707
11	4447	63	88
120	4448	107	76
0	4403	110	131
4500	1055	348	363
44	4402	114	245
233	1793	6862	253
10	4354	183	219
4608	839	829	483
1721	1399	409	1778
1483	819	655	2762
1191	1118	935	2422
>swissregulon__hs__EGR1
3	4	1	7
2	1	12	0
0	13	0	2
0	0	15	0
0	0	3	12
3	0	12	0
1	0	14	0
0	0	15	0
2	10	0	3
0	0	15	0
1	0	7	7
>taipale__EGR1_DBD_NMCGCCCMCGCANN_repr
478	462	295	681
850	654	60	90
5	1504	12	30
275	14	2233	92
0	1521	12	19
4	1525	0	7
0	1487	15	100
1039	547	0	6
5	1530	0	2
52	31	2542	103
16	1501	19	64
1340	136	280	212
521	464	234	648
515	367	269	775
>taipale__EGR1_full_NACGCCCACGCANN
461	391	193	648
1166	394	3	18
11	1616	3	6
39	0	2087	0
0	1630	0	0
0	1645	0	13
0	1642	0	34
1221	307	7	0
0	1650	0	1
0	0	2156	2
0	1654	0	13
1308	20	160	30
482	458	104	596
510	211	181	778
>taipale__EGR2_full_NNMCGCCCACGCANN
1299	1559	1000	1369
1369	1485	702	1647
2531	2137	121	400
51	5528	26	76
584	49	4907	417
9	5582	22	14
16	5580	17	11
21	5040	0	874
4353	560	29	18
0	5590	14	4
206	102	5297	236
20	5371	18	477
3308	630	1196	808
1426	1586	682	1493
1398	1207	839	1715
>taipale__Egr3_DBD_NACGCCCACGCANNN
560	431	167	630
1179	580	13	21
0	1833	5	11
39	14	2099	20
1	1818	2	4
8	1819	4	4
4	1775	5	82
1370	350	0	3
0	1828	3	2
9	15	2083	19
3	1832	0	16
1477	51	103	35
558	474	138	594
532	208	155	889
424	389	254	753
>nitta__klu_TCTGCT40NTGT_KK_NACGCCCACGCAN_m1_c3
1741	4017	492	5837
12087	12402	173	44
31	12087	54	23
2757	38	12087	768
40	12087	60	14
60	12087	66	15
41	12087	26	39
12087	7821	60	41
31	12087	39	12
0	388	12087	7
32	12087	38	0
12087	210	256	0
2457	6140	499	2991
>taipale_cyt_meth__EGR2_NMCGCCCACGCAN_FL
513	798	244	418
953	1020	133	249
11	1973	32	68
774	31	1973	300
0	1973	5	0
4	1973	0	0
30	1973	5	530
1973	317	4	0
0	1973	0	3
432	79	1973	286
18	1973	35	250
1973	889	1104	750
472	784	295	422
>taipale_cyt_meth__EGR2_NMCGCCCACGCAN_FL_meth_repr
897	1056	502	983
1547	1891	66	148
24	3438	15	32
500	14	3438	139
12	3438	1	9
11	3438	0	10
4	3438	12	154
3438	42	0	0
1	3438	0	0
1592	8	3438	753
43	3438	270	620
3438	475	1801	330
943	1233	446	816
>taipale_cyt_meth__EGR3_NMCGCCCACGCAN_FL
9025	12693	4053	8088
18182	15678	58	495
27	33860	0	0
2011	117	33860	637
32	33860	21	9
58	33860	18	5
31	33860	7	6977
33860	2591	0	6
71	33860	23	19
1469	120	33860	758
42	33860	0	1037
33860	5314	9236	5443
8931	13087	3963	7879
>taipale_cyt_meth__EGR3_NMCGCCCACGCAN_FL_meth
1423	1469	651	1258
1987	2815	2	38
0	4802	6	11
85	27	4802	62
13	4802	4	2
2	4802	0	0
5	4802	6	147
4802	135	1	0
10	4802	2	0
1301	58	4802	802
20	4802	163	266
4802	175	1776	159
1446	1710	371	1274
>taipale_cyt_meth__EGR4_NMCGCCCACGCAN_eDBD
2178	4683	923	2571
4798	5558	180	353
76	10356	16	104
622	39	10356	326
0	10356	0	4
0	10356	12	7
13	10356	7	446
10356	2016	26	18
16	10356	2	4
344	65	10356	122
14	10356	28	179
10356	1166	1991	719
3082	4044	1007	2223
>taipale_cyt_meth__EGR4_NMCGCCCACGCAN_eDBD_meth
1299	2952	710	2021
2835	4146	80	216
45	6981	0	76
821	27	6981	543
0	6981	3	11
4	6981	0	1
0	6981	15	298
6981	2470	110	24
0	6981	1	0
1499	170	6981	683
86	6981	211	519
6981	1819	2767	626
1686	3158	610	1527
>elemento__ACGCCCAC
100	0	0	0
0	100	0	0
0	0	100	0
0	100	0	0
0	100	0	0
0	100	0	0
100	0	0	0
0	100	0	0
>elemento__CGCCCAC
0	100	0	0
0	0	100	0
0	100	0	0
0	100	0	0
0	100	0	0
100	0	0	0
0	100	0	0
>cisbp__M02890
38.19095477	20.60301508	17.08542714	24.12060302
29.26829268	24.3902439	3.902439024	42.43902439
72.68041237	25.77319588	0	1.546391753
0	100	0	0
0.3649635036	0	99.27007299	0.3649635036
0.8196721311	97.54098361	0	1.639344262
1.244813278	98.75518672	0	0
0.4219409283	98.31223629	0	1.265822785
86.8852459	12.02185792	1.092896175	0
0.4219409283	99.15611814	0.4219409283	0
0.7352941176	0.7352941176	97.42647059	1.102941176
0	100	0	0
83.91959799	0	14.07035176	2.010050251
23.88059701	29.35323383	0.4975124378	46.26865672
32.66331658	12.56281407	3.51758794	51.25628141
15.86538462	21.15384615	8.653846154	54.32692308
>cisbp__M10188
57.7	42.3	0	0
0	100	0	0
10.9	0	76.4	12.7
0	100	0	0
0	100	0	0
0	69.1	0	30.9
83.68368368	14.51451451	1.801801802	0
0	98.2	0	1.8
1.8	0	98.2	0
0	92.7	0	7.3
87.2	5.1	2.6	5.1
42.35764236	6.093906094	6.093906094	45.45454545
>cisbp__M10216
28	70	0	2
0	100	0	0
34	0	56.6	9.4
0	100	0	0
0	100	0	0
0	75.9	0	24.1
90.7	9.3	0	0
0	100	0	0
0	0	94.3	5.7
0	98.1	0	1.9
73.87387387	7.107107107	9.50950951	9.50950951
36.83683684	10.51051051	0	52.65265265
>transfac_public__M00245
30.3	27.3	27.3	15.1
17.1	7.3	9.8	65.9
1.9	0	98.1	0
0	100	0	0
0	0	100	0
0	0	0	100
32.1	0	67.9	0
0	0	100	0
0	0	100	0
5.7	88.7	0	5.7
0	0	100	0
2	0	34	64
>transfac_public__M00246
31.8	9.1	25	34.1
5.6	3.7	9.3	81.5
3.8	0	96.3	0
6.3	90	0	3.8
0	0	100	0
0	0	0	100
37.5	0	62.5	0
0	0	100	0
0	0	100	0
5	82.5	0	12.5
1.3	0	97.5	1.3
2.6	2.6	44.9	50
