>jaspar__MA0402.1
8	8	23	62
0	0	100	0
0	100	0	0
0	0	0	100
0	0	100	0
0	0	100	0
4	4	27	65
25	25	10	40
>yetfasco__YDR146C_569
40.3846154	9.6153846	25	25
65.38461547	26.92307693	3.846153804	3.846153804
0	100	0	0
0	100	0	0
100	0	0	0
0	0	100	0
0	100	0	0
61.5384615	23.0769231	7.6923077	7.6923077
>scertf__badis.SWI5
8	8	23	61
1	1	97	1
1	97	1	1
1	1	1	97
1	1	97	1
1	1	97	1
4	4	27	65
>c2h2_zfs__M0482
26.709	26.1349	29.166	17.9901
5.3053	13.8982	5.3053	75.4912
0.004523471338	0.004523471338	99.98642959	0.004523471338
0.004523471338	99.98642959	0.004523471338	0.004523471338
0.004523471338	0.004523471338	0.004523471338	99.98642959
0.004523471338	0.004523471338	99.98642959	0.004523471338
0.004523467877	12.42899417	87.5619589	0.004523467877
0.004523473462	19.41831486	21.76941666	58.80774501
7.0144	38.784	7.0144	47.1872
32.1237	28.4779	19.6992	19.6992
>cisbp__M00020
31.98882621	22.67039126	22.67039126	22.67039126
33.31616975	19.12179843	28.44023338	19.12179843
9.356611277	9.356611277	18.23891327	63.04786418
0.01841283151	0.01841283151	99.94476151	0.01841283151
0.01841283151	99.94476151	0.01841283151	0.01841283151
0.01841283151	0.01841283151	0.01841283151	99.94476151
0.01841283151	0.01841283151	99.94476151	0.01841283151
0.01841283151	0.01841283151	99.94476151	0.01841283151
2.348021569	11.14789685	12.04187327	74.46220832
26.42767101	32.46109365	5.896614397	35.21462094
34.72720514	33.94919175	15.66180155	15.66180155
