>cisbp__M06613
23.8596	45.7895	9.4737	20.8772
19.12281912	12.45611246	24.21052421	44.21054421
3.3333	58.5965	18.2456	19.8246
42.2807	52.6316	4.9123	0.1754
0.5263	0	99.4737	0
0	100	0	0
0	100	0	0
0.5263	0	99.4737	0
3.5088	90.8772	0	5.614
0	100	0	0
54.2105	1.2281	26.4912	18.0702
14.9123	21.7544	2.807	60.5263
24.5614	22.1053	6.4912	46.8421
25.0877	8.2456	22.2807	44.386
14.7368	40.5263	13.5088	31.2281
