>kznf__ZNF132_Imbeault2017_OM_RCADE
5.519478068	0.3246748864	91.23376807	2.922078977
10.71429464	0.3246748377	88.63635568	0.3246748377
69.15582766	8.116883247	19.80520792	2.922081169
37.9870076	18.5065037	34.09090682	9.415581883
56.16882247	1.623380649	37.98701519	4.220781688
6.818183068	23.70131067	69.15583112	0.3246751461
32.7922	13.3117	23.7013	30.1948
19.80520792	1.623380649	71.7532287	6.818182727
1.623379351	1.623379351	95.12986195	1.623379351
1.623379513	0.3246749026	97.72727068	0.3246749026
93.83117185	5.519478344	0.3246749026	0.3246749026
84.74025339	0.3246748214	12.01299339	2.922078393
0.3246749188	0.3246749188	99.02597524	0.3246749188
8.116876753	2.922078831	86.03896558	2.922078831
48.3766	21.1039	18.5065	12.013
>kznf__ZNF132_Imbeault2017_RP_RCADE
32.8049	23.5366	38.6585	5
29.87799402	10.36589793	52.80488944	6.95121861
0.1219510341	0.1219510341	97.68292735	2.07317058
4.99999965	0.6097559573	94.2682934	0.1219509915
77.19509228	11.82929882	8.414629159	2.560979744
28.90239133	10.85369674	52.3170843	7.926827622
53.7804914	1.097559824	44.51219288	0.6097559024
14.26829715	12.80489744	65.9755868	6.95121861
35.2439	15.7317	30.8537	18.1707
26.95120916	0.6097562073	65.97562243	6.463412198
1.585370444	0.1219510341	98.17072749	0.1219510341
8.414631599	4.512200857	86.95121652	0.1219510232
98.65853749	0.1219510463	1.097560417	0.1219510463
65.97557625	0.6097557805	30.36588907	3.048778902
0.6097562561	0.1219510512	99.14634164	0.1219510512
