>kznf__ZNF778_Schmitges2016_RCADE
19.16728467	71.30094296	1.872128502	7.659643872
86.13860861	3.042930304	7.792960779	3.025500303
0.143752023	1.868780299	97.84371565	0.143752023
98.99373366	0.1437520489	0.1437520489	0.7187622444
0.7221184873	80.96684251	0.1437518979	18.1672871
47.36680947	8.217981644	37.25690745	7.158301432
57.71360577	39.09970391	1.892920189	1.293770129
1.872129813	89.78689102	1.29711987	7.043859296
23.86100239	3.150490315	70.52060705	2.467900247
56.12381571	0.7187622013	40.47011133	2.687310752
0.1437519827	82.09949015	3.614559566	14.1421983
24.90988755	30.33948483	8.772245614	35.97838201
