>jaspar__MA0550.2
95	260	131	102
4	519	4	61
351	34	203	0
0	575	0	13
573	1	4	10
0	588	0	0
0	0	588	0
5	0	0	583
0	0	588	0
11	277	39	261
213	47	280	48
198	148	91	151
165	169	114	140
106	152	78	252
111	171	133	173
166	144	73	205
141	158	98	191
150	131	121	186
164	152	85	187
96	136	126	230
>stark__CACNNNNNNACA
0	100	0	0
100	0	0	0
0	100	0	0
25	25	25	25
25	25	25	25
25	25	25	25
25	25	25	25
25	25	25	25
25	25	25	25
100	0	0	0
0	100	0	0
100	0	0	0
>stark__RCACNNNNNNNCACA
50	0	50	0
0	100	0	0
100	0	0	0
0	100	0	0
25	25	25	25
25	25	25	25
25	25	25	25
25	25	25	25
25	25	25	25
25	25	25	25
25	25	25	25
0	100	0	0
100	0	0	0
0	100	0	0
100	0	0	0
>cisbp__M06727
0	99.8291	0	0.1709
97.7778	1.0256	1.1966	0
0	96.0684	0	3.9316
0.3419	0	99.6581	0
0	0.6838	0	99.3162
0.1709	0	99.8291	0
31.1111	37.265	11.9658	19.6581
10.5982894	49.74355026	16.41028359	23.24787675
33.8462	21.7094	18.8034	25.641
22.3932	30.2564	14.8718	32.4786
27.1795	19.3162	24.9573	28.547
14.5299	48.547	15.7265	21.1966
41.1965588	21.1965788	23.76067624	13.84618615
15.5556	48.8889	12.8205	22.735
16.2393	27.6923	42.3932	13.6752
18.8034	25.2991	18.9744	36.9231
21.5385	16.0684	33.6752	28.7179
19.1453	28.547	31.2821	21.0256
23.7607	32.3077	15.8974	28.0342
>cisbp__M06734
26.3525	18.3246	35.6021	19.7208
28.62132862	40.31414031	14.31061431	16.75391675
36.4747	23.0366	26.5271	13.9616
16.0558	39.6161	12.2164	32.1117
17.9756	19.3717	49.0401	13.6126
24.2583	14.4852	15.1832	46.0733
17.6265	8.5515	58.2897	15.5323
24.43282443	21.29142129	27.05062705	27.22512723
31.7627	27.5742	15.8813	24.7818
27.57417243	19.72078028	23.56017644	29.14487086
26.3525	13.6126	34.2059	25.829
39.267	23.9092	27.5742	9.2496
0	99.8255	0	0.1745
99.3019993	0.349000349	0.1745001745	0.1745001745
0	100	0	0
8.0279	0	91.9721	0
1.0471	9.7731	0.6981	88.4817
0	0	100	0
13.6126	37.8709	10.8202	37.6963
7.853392147	73.64742635	7.504392496	10.99478901
41.7103	14.8342	17.452	26.0035
>cisbp__M06881
17.6744	25.5814	39.5349	17.2093
17.20928279	38.6046614	27.44187256	16.74418326
13.4884	31.1628	42.7907	12.5581
27.4419	35.3488	23.7209	13.4884
8.3721	21.8605	46.5116	23.2558
13.48838651	10.6976893	16.27908372	59.53484047
18.1395	18.6047	36.2791	26.9767
33.4884	11.1628	24.186	31.1628
39.5349	19.5349	17.6744	23.2558
19.5349	30.6977	17.6744	32.093
12.5581	36.7442	7.907	42.7907
18.1395	36.2791	1.8605	43.7209
0.9302	93.9535	2.3256	2.7907
100	0	0	0
0	100	0	0
0	0	100	0
0.4651	99.5349	0	0
0	0	100	0
0	100	0	0
4.6512	60.4651	6.9767	27.907
20.93022093	5.581405581	29.3023293	44.18604419
