>jaspar__MA0012.1
3	1	1	7
9	2	1	0
10	0	0	2
12	0	0	0
0	10	1	1
4	0	0	8
10	0	0	2
6	0	4	2
6	1	2	3
4	3	2	3
2	3	5	2
>jaspar__MA0336.1
384	91	206	317
305	124	376	194
240	268	318	172
367	171	306	154
252	280	194	273
116	204	230	448
787	3	198	11
192	110	166	531
701	197	98	2
5	2	989	2
990	2	3	2
990	2	2	5
12	815	15	156
844	39	82	32
68	505	70	355
203	180	195	419
301	353	84	260
291	268	97	342
441	70	229	257
440	168	105	285
342	295	216	144
>jaspar__MA0343.1
289	282	118	309
197	276	160	364
169	213	172	443
215	403	140	239
201	430	176	191
99	114	495	290
188	20	675	116
444	483	41	30
12	948	4	34
940	7	45	6
18	967	6	6
965	4	9	20
970	5	15	8
945	3	14	37
713	24	236	24
496	178	82	241
123	630	95	149
127	329	440	102
314	330	277	78
360	177	230	231
477	192	174	154
>jaspar__MA0377.1
272	183	130	414
368	262	124	244
281	244	332	141
382	256	117	244
314	98	349	237
368	221	198	212
727	30	124	118
127	178	108	586
506	261	226	6
18	10	960	10
956	16	5	21
959	9	21	9
22	47	806	123
616	129	218	36
596	134	36	232
535	221	48	194
256	156	146	440
492	96	217	193
431	67	99	401
369	123	146	360
409	121	72	395
>jaspar__MA0629.1
54	13	15	18
33	28	23	17
17	11	38	33
30	28	23	19
13	56	6	25
3	1	95	1
9	76	15	0
1	0	1	99
4	0	94	2
1	1	0	99
56	0	0	43
78	4	3	15
52	10	1	36
31	11	33	24
24	36	28	12
31	16	43	10
41	13	10	35
>jaspar__MA1848.1
264	244	253	240
252	248	253	246
258	252	259	231
263	254	237	246
273	237	273	217
260	244	264	232
233	208	234	325
805	49	110	36
38	33	28	901
19	20	18	942
97	12	820	71
15	952	11	22
753	62	117	68
296	255	188	261
230	262	218	289
296	237	228	239
250	252	235	263
253	241	230	276
244	244	251	261
241	254	249	255
>jaspar__MA1862.1
277	159	241	323
260	141	207	392
265	130	299	306
208	139	201	452
200	136	272	392
299	78	160	463
259	72	173	496
31	16	16	937
89	10	863	38
14	20	13	953
39	9	45	907
19	9	31	940
649	17	176	158
141	246	134	478
267	131	248	354
148	181	129	542
412	56	128	405
310	128	251	311
226	178	268	328
217	191	247	345
>jaspar__MA1863.1
257	189	274	279
253	182	257	308
257	173	249	321
246	161	261	332
211	155	262	373
182	150	315	353
215	107	306	371
71	38	82	809
26	15	33	926
70	21	868	41
28	25	33	914
59	19	74	848
65	18	88	829
310	90	218	382
224	164	196	416
307	122	211	360
145	215	165	475
380	106	167	348
295	139	321	245
209	218	270	303
>jaspar__MA1864.1
316	219	204	261
289	227	169	315
361	185	202	252
299	207	112	382
446	164	164	226
385	203	123	290
527	120	235	118
39	138	11	812
934	34	11	21
912	29	10	49
957	10	10	24
14	308	6	672
951	10	18	21
464	164	88	285
484	128	108	280
224	373	101	302
541	144	131	184
310	292	157	240
359	234	177	230
291	279	170	259
>jaspar__MA1865.1
216	178	288	318
225	176	294	305
217	182	292	309
207	176	281	336
218	184	300	297
232	164	258	346
221	150	278	352
37	32	46	884
89	26	845	40
30	30	42	899
43	23	68	866
61	28	73	838
92	34	810	64
158	206	245	390
204	151	292	353
209	163	282	346
227	170	290	312
210	185	272	333
227	172	289	312
221	175	284	320
>jaspar__MA1866.1
349	245	163	244
443	197	133	228
522	163	80	235
508	226	104	162
410	276	76	238
568	194	166	72
333	326	46	296
824	121	6	49
847	95	8	50
951	20	12	17
16	926	6	52
954	20	10	16
763	102	47	88
484	231	81	204
347	375	116	163
464	251	124	160
375	294	140	191
363	286	139	212
349	289	157	206
321	302	162	216
>jaspar__MA1868.1
321	189	264	226
271	271	203	254
222	302	349	127
194	164	299	343
324	197	239	239
135	257	419	189
213	213	320	253
829	49	73	49
24	49	61	866
37	24	890	49
24	73	24	878
49	49	49	854
110	37	49	805
213	200	227	360
212	167	288	333
259	172	241	328
148	259	278	315
200	200	320	280
220	122	268	390
273	242	394	91
>jaspar__MA1869.1
240	167	276	317
234	162	264	340
218	163	283	335
204	155	274	367
204	159	291	346
223	138	228	411
211	113	272	405
19	17	18	945
94	9	868	30
17	17	16	949
68	12	86	834
18	14	54	915
659	23	187	130
97	254	166	482
301	124	225	351
240	142	220	398
286	136	216	362
217	211	226	346
293	155	248	304
260	170	245	326
>jaspar__MA1870.1
339	228	185	248
342	224	155	280
400	162	155	283
420	147	75	358
506	141	135	217
345	248	97	311
547	91	183	179
115	168	10	707
961	17	6	16
833	106	5	56
957	8	21	14
19	867	6	108
951	13	12	24
523	176	67	234
448	196	122	235
315	339	142	204
428	220	147	204
338	282	153	227
350	247	161	242
338	262	163	237
>jaspar__MA1871.1
351	329	99	221
540	159	114	188
522	148	104	225
519	177	96	208
462	247	90	202
632	163	129	76
449	265	49	237
817	82	11	89
926	34	9	31
957	12	14	16
103	785	14	98
968	12	9	11
828	51	25	96
408	247	121	223
418	235	143	204
480	219	96	205
385	280	131	204
446	211	129	215
409	224	147	219
390	252	148	210
>jaspar__MA1872.1
258	229	237	275
327	193	305	175
335	180	134	352
390	224	172	214
560	105	103	231
584	89	121	205
213	408	130	249
720	32	72	175
15	12	5	969
179	5	787	29
8	15	7	970
23	8	31	938
70	9	114	807
353	48	238	361
48	332	193	428
216	210	294	280
238	213	185	363
230	206	242	321
237	226	227	310
257	186	227	330
>jaspar__MA1873.1
298	188	212	302
265	196	216	324
288	192	216	304
264	191	215	331
354	146	204	296
309	191	173	327
304	145	161	390
79	66	804	50
44	40	29	887
74	15	51	860
35	16	34	915
880	18	61	42
50	98	42	810
344	153	218	284
258	195	169	379
337	159	180	324
304	184	205	308
291	191	212	305
271	205	218	305
274	192	231	304
>swissregulon__hs__AIRE
16.42857143	10.79591837	5.163265306	8.918367347
7.510204082	7.510204082	5.632653061	20.65306122
5.632653061	5.632653061	8.448979592	21.59183673
1.87755102	0	36.6122449	2.816326531
0	0	33.79591837	7.510204082
13.14285714	1.87755102	0.9387755102	25.34693878
15.95918367	3.755102041	0.9387755102	20.65306122
15.02040816	5.632653061	5.632653061	15.02040816
14.08163265	2.816326531	5.632653061	18.7755102
21.59183673	3.755102041	5.632653061	10.32653061
15.95918367	1.87755102	2.816326531	20.65306122
9.387755102	5.632653061	2.816326531	23.46938776
0	0.9387755102	36.6122449	3.755102041
0	0	40.36734694	0.9387755102
9.387755102	3.755102041	10.32653061	17.83673469
2.816326531	7.510204082	7.510204082	23.46938776
18.7755102	0.9387755102	6.571428571	15.02040816
16.66326531	11.03061224	4.459183673	9.153061224
>swissregulon__hs__ZBTB16
6.353954	70.219248	58.945489	221.293957
8.292344	24.064961	25.388361	299.066982
127.406121	59.316835	113.518415	56.571277
64.474348	37.70863	57.117691	197.511979
131.720616	6.224415	2.238855	216.628762
43.402208	58.750761	31.811097	222.848582
56.721611	40.767912	41.919046	217.404079
56.775244	28.666724	140.001467	131.369213
125.979164	62.667215	66.815829	101.35044
141.584537	54.756069	12.679896	147.792146
71.567685	6.635921	130.380918	148.228124
58.62353	96.07166	84.404128	117.71333
6.992406	3.646797	3.096037	343.077408
327.531666	3.062317	11.091839	15.126826
350.348686	0.906712	1.450552	4.106698
339.646492	1.480485	4.737697	10.947974
93.047186	33.369882	135.992922	94.402658
58.82549	90.968013	22.685806	184.333339
79.424222	19.550309	3.394784	254.443333
35.3438	9.774883	57.379429	254.314536
78.959605	1.987839	111.697178	164.168026
208.36418	2.218561	73.270285	72.959622
93.406379	49.293226	19.283613	194.82943
33.141906	131.411888	2.907642	189.351212
115.356534	0.900617	21.598601	218.956896
97.56254	21.847211	152.109435	85.293462
56.960341	31.675828	32.105449	236.07103
40.038311	21.954129	51.777028	243.04318
7.907955	138.384921	55.104528	155.415244
>swissregulon__mm__Nkx3-1
230.343	129.202	214.468	425.986
359.358	121.34	162.57	356.732
227.575	345.211	162.386	264.827
285.383	76.8144	227.804	409.998
760.754	4.03861	216.886	18.3206
850.903	6.39907	121.474	21.2244
7.29138	42.5791	943.324	6.80564
1.58312	137.946	5.50238	854.969
854.969	5.50238	137.946	1.58312
6.80564	943.324	42.5791	7.29138
21.2244	121.474	6.39907	850.903
18.3206	216.886	4.03861	760.754
691.606	99.6044	51.0446	157.745
629.431	51.4195	224.807	94.3422
570.121	143.534	137.491	148.853
303.064	84.7412	174.009	438.186
202.801	252.788	303.231	241.18
>flyfactorsurvey__CG10267_SOLEXA_5_FBgn0037446
15	101	17	30
76	48	40	41
55	58	83	73
55	132	29	53
92	41	28	108
157	11	31	70
149	67	4	49
10	157	2	100
264	0	1	4
223	29	0	17
35	212	7	15
222	44	1	2
26	243	0	0
4	1	0	264
208	0	60	1
23	117	107	22
92	94	43	40
133	71	20	45
85	45	36	103
40	57	40	129
>flyfactorsurvey__CG12236_SOLEXA_5_FBgn0029822
99	112	203	135
111	59	307	104
115	134	132	232
57	7	543	6
18	0	2	593
4	0	0	609
7	601	0	5
611	1	1	0
6	112	2	493
7	352	1	253
60	244	209	100
88	109	268	148
103	126	244	140
86	138	181	200
87	131	202	172
>flyfactorsurvey__CG3407_SOLEXA_2.5_FBgn0031573
119	33	37	78
81	20	0	166
0	0	261	6
0	5	4	258
3	260	0	4
267	0	0	0
265	0	0	2
10	95	125	37
73	105	20	69
62	98	79	28
63	98	43	63
89	69	39	70
141	56	41	29
123	56	52	36
89	91	37	50
90	80	45	52
82	61	65	59
69	67	68	63
104	68	43	52
83	85	56	43
76	90	45	56
77	66	66	58
91	91	54	31
96	91	54	21
95	57	55	49
>flyfactorsurvey__fru_SOLEXA_5_FBgn0004652
79	123	64	55
95	131	89	50
89	126	81	69
94	128	83	60
115	124	72	54
113	108	88	56
95	133	82	55
81	128	76	80
95	131	71	68
59	165	80	61
157	71	107	30
144	203	0	18
365	0	0	0
2	0	362	1
0	1	1	363
341	3	0	21
361	3	1	0
52	187	20	106
145	62	87	71
143	103	68	51
121	115	83	46
138	100	89	38
126	103	73	63
98	118	67	67
>flyfactorsurvey__lola-PJ_SOLEXA_FBgn0005630
467	603	781	933
640	560	656	928
264	494	860	1167
53	254	147	2331
22	9	2	2752
2784	2	0	0
0	0	0	2787
0	0	2787	0
87	1227	0	1471
117	7	49	2611
229	335	1665	556
305	771	870	839
352	521	1136	776
405	608	696	1076
446	518	872	949
>flyfactorsurvey__lola-PQPJ_SOLEXA_5
501	593	899	845
673	450	810	905
482	459	870	1027
192	550	505	1590
134	81	81	2540
2840	0	0	0
0	0	0	2840
0	0	2840	0
0	0	0	2840
469	231	0	2138
313	889	292	1342
418	461	1144	815
287	546	1017	988
430	625	821	962
472	595	915	857
>hocomoco__AIRE_HUMAN.H11MO.0.C
16	11	5	9
8	8	6	19
6	6	8	21
2	0	36	3
0	0	33	8
13	2	1	25
16	4	1	20
15	6	6	14
14	3	6	18
21	4	6	10
16	2	3	20
9	6	3	23
0	1	36	4
0	0	40	1
9	4	10	18
3	8	8	22
18	1	7	15
17	11	4	9
>hocomoco__BRAC_MOUSE.H11MO.0.B
77	67	84	207
38	30	48	319
17	16	150	252
122	79	62	172
92	153	149	41
12	369	17	37
327	26	18	64
47	151	71	166
169	104	44	118
123	43	60	209
111	50	222	52
88	74	84	189
20	219	171	25
7	8	1	419
6	21	399	9
32	40	10	353
10	186	175	64
342	18	17	58
304	38	61	32
87	45	46	257
15	56	72	292
55	168	48	164
162	104	90	79
37	67	68	263
48	73	204	110
>hocomoco__ZN134_HUMAN.H11MO.0.C
48	62	321	69
82	281	62	75
111	263	78	48
79	56	75	290
72	179	160	89
198	89	148	65
119	194	50	137
75	301	42	82
24	144	24	308
260	172	34	34
466	6	22	6
7	14	111	368
5	465	15	15
471	6	17	6
5	4	451	40
25	42	214	219
29	38	94	339
66	6	410	18
363	101	28	8
257	54	69	120
18	40	425	17
56	66	353	25
>nitta__Aef1_TCGAGT40NACT_KY_NCAACAACAACAAN_m2_c2
4418	4523	5769	1332
3111	9619	4333	4554
11110	2365	2328	9878
12913	1135	2225	543
1001	10572	701	1116
12943	496	649	2698
13244	122	523	11
25	10513	22	269
12974	0	76	449
12874	279	343	55
1494	10363	290	1193
11561	104	4706	4439
9369	3492	1087	5456
4280	2942	3751	6346
>taipale_cyt_meth__ZNF384_TTTTTNNNNNNNNNNNNAAAAA_eDBD_meth
201	240	374	1230
19	51	93	1230
6	0	24	1230
0	0	0	1230
219	625	135	1230
230	260	123	616
233	290	197	509
245	331	297	356
333	277	332	287
334	243	337	315
287	292	328	323
347	298	329	256
281	293	322	334
288	267	328	347
360	266	282	322
486	191	303	249
600	147	253	230
1230	217	639	157
1230	45	0	9
1230	49	4	0
1230	90	51	4
1230	287	279	168
>taipale_cyt_meth__ZNF384_TTTTTNNNNNNNNNNNNAAAAA_eDBD_repr
19	88	104	460
0	44	26	460
0	51	16	460
22	32	21	460
104	176	199	460
70	156	82	153
120	137	101	103
95	131	132	103
106	104	115	136
121	127	85	127
141	106	106	107
105	113	162	80
115	94	118	133
122	118	132	88
97	113	138	112
137	70	135	119
128	83	171	78
460	165	220	68
460	58	42	29
460	39	32	0
460	54	55	0
460	99	98	22
>transfac_public__M00091
5	0	0	4
3	1	2	3
3	1	4	1
1	1	1	6
5	2	1	1
7	0	1	1
3	0	0	6
6	0	0	3
4	1	4	0
7	0	1	1
1	8	0	0
9	0	0	0
8	0	1	0
5	0	3	1
4	0	0	5
2	3	2	2
3	2	0	4
3	3	2	1
>transfac_public__M00093
3	2	3	4
6	1	3	2
4	3	3	2
3	1	1	7
9	2	1	0
10	0	0	2
12	0	0	0
0	10	1	1
4	0	0	8
10	0	0	2
6	0	4	2
6	1	2	3
4	3	2	3
2	3	5	2
5	3	1	3
>transfac_public__M00456
10	4	8	2
8	8	4	4
7	9	5	3
6	15	2	1
19	1	2	2
8	12	0	4
22	1	1	0
22	1	0	1
4	16	3	1
18	4	1	1
6	13	1	4
10	3	9	2
6	6	4	8
13	2	4	5
>homer__GNCTGTASTRNTGBCTCHTT_ZNF382
24.67532468	6.493506494	46.25374625	22.57742258
23.6	29	17.2	30.2
6.5	68.8	5.4	19.3
3.2	15	23.6	58.2
3.2	11.8	81.8	3.2
0.1	2	0.1	97.8
50.6	2.2	29	18.2
4.3	35.5	48.4	11.8
2.2	1.1	2.1	94.6
39.8	2.1	44.1	14
25.8	26.9	21.5	25.8
4.3	6.5	2.2	87
11.8	1.1	54.8	32.3
6.493506494	30.06993007	36.46353646	26.97302697
12.9	78.4	0.1	8.6
5.4	16.1	2.1	76.4
4.3	79.6	4.3	11.8
33.3	28	5.4	33.3
12.9	22.6	14	50.5
19.31931932	15.01501502	18.31831832	47.34734735
>homer__TTAACCCTTTVNKKN_ZNF652
2.2	1.8	3.7	92.3
0.7	0.7	0.4	98.2
97.1	0.7	1.1	1.1
99.3	0.3	0.1	0.3
0.3	99.5	0.1	0.1
2.9	68.2	0.4	28.5
10.6	81.3	2.6	5.5
10.2	25.8	0.1	63.9
4.7	10.2	9.1	76
10.9	16.9	18.8	53.4
27.8	35.1	22.4	14.7
29.6	20.1	21.1	29.2
21.5	14.6	27.2	36.7
13.18681319	20.77922078	28.27172827	37.76223776
20.1	29	27.9	23
>yetfasco__YPR196W_861
56.1254859	15.35124117	10.87062953	17.65264339
27.97652812	19.27535378	18.98095445	33.76716365
23.9865066	30.3931193	24.12810173	21.49227237
16.56665884	16.3636354	16.1962124	50.87349337
15.36606848	34.62221416	23.31648292	26.69523444
37.69064663	10.37846617	23.02549297	28.90539423
74.07682772	2.913151168	10.27209989	12.73792122
35.8959271	0.8287665225	1.564013165	61.71129321
11.45214435	3.197237378	0.9431284506	84.40748982
12.10090727	6.050019214	2.367547003	79.48152652
16.11870414	49.77619509	3.002290402	31.10281037
14.0861241	29.22865664	4.304228848	52.38099041
1.617121254	86.02245619	10.72705351	1.633369049
3.114122503	91.74628993	3.71658426	1.423003304
3.175101669	8.356874173	83.08453503	5.383489129
48.85577165	14.64074655	28.57119657	7.932285229
29.70755366	17.39416862	19.78448402	33.11379371
19.80819477	18.04518746	31.13742074	31.00919702
45.8088266	11.942681	11.24130446	31.00718795
29.88269229	15.47296659	19.15408422	35.49025691
14.12421489	24.69549252	19.79953746	41.38075513
>kznf__ZNF133_Imbeault2017_OM_RCADE
29.2146	11.59	42.2414	16.954
52.2031	11.9732	23.4674	12.3563
47.9885	6.6092	20.7854	24.6169
19.25289807	5.842909416	64.46359355	10.44059896
29.98080899	5.076631523	57.95021739	6.992342098
20.7854	21.1686	13.8889	44.1571
38.40999616	41.85819581	13.88889861	5.842909416
17.33719653	64.46358711	7.758618448	10.44059791
81.70498366	6.609198678	5.842908831	5.842908831
75.95786962	6.22604751	15.80459368	2.011489195
20.4023204	55.65135565	12.35631236	11.59001159
52.5862	10.8238	12.3563	24.2337
26.53257347	23.85057615	22.31797768	27.2988727
69.44442083	13.88890417	8.908052672	7.758622328
18.1034	25	21.1686	35.728
9.674330967	5.076630508	80.17240802	5.076630508
3.927201571	8.141763257	6.609202644	81.32183253
80.17241603	6.992341398	10.44060209	2.394640479
16.954	20.4023	11.2069	51.4368
96.26436592	2.394639152	0.09578536609	1.245209559
92.04980276	0.4789270144	2.394640072	5.076630152
5.459768908	8.908048218	33.81229324	51.81988964
14.65520147	6.609200661	9.291190929	69.44440694
2.01149	1.24521	92.8161	3.9272
9.674332902	13.50570405	72.50962175	4.310341293
31.5134	34.1954	11.2069	23.0843
18.48659076	8.908045546	42.24137888	30.36398482
25.7663	39.9425	19.636	14.6552
23.0843	43.3908	10.0575	23.4674
27.2988727	22.31797768	20.01917998	30.36396964
>kznf__ZNF184_Imbeault2017_RP_RCADE
42.24135776	25.76627423	21.93487807	10.05748994
27.68199446	28.44829431	7.758618448	36.11109278
11.97319677	0.4789268707	24.61689335	62.93098301
70.5939	5.84291	21.5517	2.01149
18.48659771	0.4789269406	80.93868996	0.09578538812
99.71264367	0.09578544195	0.09578544195	0.09578544195
95.11493729	0.09578543755	4.69349184	0.09578543755
79.78927973	0.09578537567	17.7202955	2.394639392
3.927201296	0.478927158	93.19923076	2.39464079
34.57851383	3.544061418	37.2605149	24.61690985
19.63601964	22.7011227	22.7011227	34.96173496
1.62835	6.22605	78.2567	13.8889
38.02682457	60.24903892	0.09578546188	1.628351052
71.74328637	0.8620688362	25.7662951	1.628349691
11.97319641	9.674327098	11.97319641	66.37928009
18.1034	47.6054	12.7395	21.5517
31.5134	27.682	18.4866	22.318
23.85057615	24.61687538	24.61687538	26.91567308
45.3065	25.3831	15.4215	13.8889
26.1494	23.4674	31.1303	19.2529
26.5326	26.5326	20.7854	26.1494
47.9884856	21.93489342	20.40229388	9.674327098
35.728	16.954	33.046	14.272
38.0268	21.1686	25	15.8046
18.1034181	23.46742347	34.1954342	24.23372423
26.1494	22.318	29.2146	22.318
26.5326	24.6169	29.9808	18.8697
>kznf__ZNF567_Imbeault2017_OM_RCADE
51.27119487	19.06779809	8.89830911	20.76269792
80.08476407	3.813563051	12.28810983	3.813563051
59.74575818	27.54238072	3.813557331	8.898303771
32.62712936	46.18644157	12.28811106	8.898318008
51.2712	24.1525	13.9831	10.5932
30.9322	19.0678	36.0169	13.9831
29.23729708	17.37289826	8.89830911	44.49149555
36.01692881	46.18643695	8.898317119	8.898317119
47.88135212	10.59318941	15.67798432	25.84747415
58.05085805	17.37291737	12.28811229	12.28811229
12.28810123	27.54240275	7.20339072	52.9661053
86.86440087	3.813560038	0.4237290042	8.898310089
39.4068	24.1525	25.8475	10.5932
93.64407378	0.4237288814	5.508468458	0.4237288814
88.55932657	2.118640636	5.508471653	3.813561144
27.54239725	12.28809877	51.27119487	8.89830911
36.01691441	41.10171644	3.813561525	19.06780763
75.00005325	0.4237293008	12.28810872	12.28810872
2.118639153	3.813558475	91.94916322	2.118639153
73.30505748	0.4237287542	25.84748501	0.4237287542
15.6780047	68.22032047	5.508471653	10.59320318
29.23731169	58.05082322	5.508472203	7.203392881
27.54238072	52.96606292	5.508466144	13.98309021
34.32199005	13.98309594	0.4237288771	51.27118513
15.67798275	37.71185852	37.71185852	8.898300212
71.61017136	13.98309441	12.28809508	2.118639153
25.8475	2.11864	68.2203	3.81356
63.135588	0.4237289195	29.23729444	7.203388631
12.28810492	7.203392881	5.508472203	75.00003
17.3729	8.89831	66.5254	7.20339
>kznf__ZNF570_Imbeault2017_OM_RCADE
65.625	10.625	5.625	18.125
43.125	0.625	55.625	0.625
95.625	3.125	0.625	0.625
13.125	28.125	3.125	55.625
83.125	10.625	5.625	0.625
28.125	10.625	10.625	50.625
45.625	33.125	5.625	15.625
40.625	8.125	23.125	28.125
20.625	15.625	15.625	48.125
48.125	20.625	10.625	20.625
30.625	60.625	0.625	8.125
68.125	15.625	5.625	10.625
73.125	8.125	3.125	15.625
0.625	0.625	98.125	0.625
95.625	3.125	0.625	0.625
93.125	5.625	0.625	0.625
98.125	0.625	0.625	0.625
88.125	0.625	10.625	0.625
8.125	50.625	8.125	33.125
33.125	5.625	13.125	48.125
20.625	28.125	13.125	38.125
>kznf__ZNF680_Imbeault2017_OM_RCADE
26.5666	31.7299	24.897	16.8065
37.4512	17.4009	27.747	17.4009
18.47798152	16.02358398	36.9007631	28.5976714
13.07029739	3.725019255	80.28558394	2.919099416
26.2414	22.7338	31.4588	19.566
12.12771455	69.27958314	5.665686799	12.92701551
29.69689703	49.44459506	3.457609654	17.40089826
61.30273678	1.626910976	31.23611874	5.834233501
63.91531726	0.06731301817	30.94610836	5.071261369
0.06731297375	0.06731297375	99.79806108	0.06731297375
99.79806108	0.06731297375	0.06731297375	0.06731297375
93.7171075	0.06731300539	5.340510427	0.87506907
10.95449858	0.06731299125	87.88978857	1.088399859
98.99030495	0.8750690438	0.06731300337	0.06731300337
36.79818528	34.63758614	6.956037218	21.60819136
11.37670114	21.93340219	6.742690674	59.94720599
23.6048	14.9777	26.3878	35.0297
50.2497	15.4265	9.9178	24.406
25.44480509	3.186500637	66.24151325	5.127181025
21.8216	16.281	50.463	11.4344
25.000375	25.90517409	32.17606782	16.91838308
>kznf__ZNF680_Imbeault2017_RP_RCADE
24.45652446	20.35022035	32.91063291	22.28262228
28.8043288	16.96861697	23.97342397	30.25363025
18.17631818	20.83332083	37.01693702	23.97342397
16.9686	19.6256	32.186	31.2198
20.8333	37.2585	23.4903	18.4179
21.3164	31.7029	23.2488	23.7319
28.3213	30.4952	26.1473	15.0362
38.94926105	16.72708327	25.90577409	18.41788158
23.2488	10.6884	36.0507	30.0121
10.92999235	4.408206914	80.01204399	4.649756745
28.32127168	24.6980753	31.7028683	15.27778472
13.82848755	66.72703995	5.857484728	13.58698777
37.0169037	47.16180472	2.717390272	13.10390131
69.86711537	0.5434781196	24.21500533	5.374401182
68.65939863	0.301931994	27.35509945	3.683569926
0.06038652446	0.06038652446	99.81884043	0.06038652446
99.81884043	0.06038652446	0.06038652446	0.06038652446
95.47101289	0.06038650815	2.958940399	1.509660204
9.963771146	0.06038650694	89.67391031	0.3019320347
99.81884043	0.06038652446	0.06038652446	0.06038652446
41.12322467	32.42751946	5.61594337	20.8333125
10.4469	20.3502	5.3744	63.8285
24.21497579	16.24398376	25.18117482	34.35986564
55.13288897	10.20529796	7.065218587	27.59659448
24.93959252	3.925118822	66.72707998	4.408208678
20.3502	15.5193	53.6836	10.4469
30.0121	22.0411	30.2536	17.6932
>kznf__ZNF808_Imbeault2017_RP_RCADE
13.34880133	8.410490841	67.36110674	10.87960109
12.4228087	7.175935023	69.83024888	10.5710074
27.23767276	21.37347863	36.18826381	15.2005848
41.12654113	6.25000625	13.96601397	38.65743866
5.632722028	0.69444425	80.63272903	13.04010469
4.706791883	14.58330583	79.08953164	1.620370648
16.74381172	12.11420848	5.015433511	66.12654629
1.929010116	94.52160567	0.6944440417	2.854940171
6.867278352	6.2499985	0.6944438333	86.18827931
34.0277966	33.71909663	30.32409697	1.929009807
4.706790941	43.90430878	1.003090201	50.38581008
75.69443785	7.793213897	8.101854051	8.410494205
84.02778319	6.24999875	8.410488318	1.311729738
79.08952373	1.003090301	10.87960326	9.027782708
21.99072199	13.96601397	51.92905193	12.11421211
20.1389	13.966	41.4352	24.4599
28.47218861	21.37349145	43.59568256	6.558637377
12.11419515	64.89197404	16.43519343	6.558637377
22.608	48.2253	6.25	22.9167
7.484564761	34.64507575	12.73149109	45.1388684
13.6574041	7.484572245	48.84261465	30.015409
9.027781806	24.76850495	35.26230705	30.94140619
8.719136512	13.65739454	12.11419515	65.5092738
23.8426	21.6821	10.571	43.9043
37.4228	16.7438	17.0525	28.7809
38.96602338	8.719145231	29.70681782	22.60801356
12.11419273	9.645054213	60.57096366	17.6697894
22.2994	12.7315	51.929	13.0401
46.6821	11.4969	23.534	18.287
26.92902693	21.06482106	27.85492785	24.15122415
>kznf__ZNF879_Imbeault2017_RP_RCADE
74.2933	5.74205	3.26855	16.6961
36.4841073	19.87630398	2.208480442	41.43110829
87.36749126	1.148409885	1.50176985	9.982329002
60.5123879	12.80919744	24.82329504	1.855119629
42.49117875	36.83748158	3.268548366	17.4027913
97.61484061	2.208480919	0.08833923675	0.08833923675
63.33919367	19.52299805	7.155479284	9.982329002
56.9787886	5.742048852	1.5017697	35.77739284
85.60072054	11.74910282	2.20848053	0.441696106
46.73143739	16.69611336	4.328623463	32.2438258
42.84451285	3.975271193	11.74910352	41.43111243
47.08476704	12.10249153	36.83747421	3.975267217
83.12720067	9.628980077	0.08833920071	7.155480057
88.42756198	0.7950526581	9.275616011	1.501769354
24.11660482	55.91871118	12.80920256	7.155481431
56.62538867	24.46999511	4.328619134	14.57599708
49.91168004	3.97526841	1.501769399	44.61128216
76.41341528	7.155481431	8.215551643	8.215551643
42.1378	21.6431	12.8092	23.4099
64.0458936	8.922259108	5.742049426	21.28979787
41.43110414	3.268550327	5.035340504	50.26500503
37.89752653	2.915192041	56.62543964	2.561841793
32.24379033	39.31098821	18.46289446	9.982327005
47.08480942	25.88340518	4.681980936	22.34980447
>cisbp__M01264
10.52325794	25.37051947	11.98418483	52.12203777
14.55426534	6.036860558	3.625108075	75.78376602
80.38276881	2.379284555	10.77038066	6.467565971
98.02977055	1.398319578	0.009052369025	0.5628575032
0.674159843	96.13101098	0.1430890608	3.051740121
3.534241787	64.23182397	1.588037201	30.64589704
33.20320912	35.25638091	18.04099253	13.49941744
23.41180654	23.17885517	29.76223917	23.64709911
42.03535558	14.13297987	27.89677425	15.9348903
18.11553135	29.57027566	35.75784394	16.55634904
>cisbp__M02269
12.4882199	28.35450124	16.85733362	42.29994524
18.76358273	13.35536133	9.79544912	58.08560682
64.33058577	6.817860765e-06	18.99232958	16.67707783
99.99764091	0.00225444061	2.555050688e-05	7.90955927e-05
4.697392241	95.29787495	0.001329446636	0.003403358685
0.0001317448238	69.08629247	4.460925873	26.45264991
33.33605964	32.67596144	20.83511289	13.15286602
22.61959698	27.90530052	27.08057426	22.39452823
32.77196351	19.87720065	32.77196351	14.57887232
18.64197455	27.53383837	41.0756601	12.74852699
>cisbp__M02270
12.77689833	27.32053787	14.40591264	45.49665115
16.72726414	11.67021619	7.078343926	64.52417574
66.12377198	6.696120436	14.60740101	12.57270657
91.67718863	4.994181765	0.01423962922	3.314389978
1.763790457	92.52373085	0.4664824697	5.245996225
5.749347529	58.5034879	3.317084967	32.4300796
35.16355881	29.96440824	21.54212424	13.32990871
23.81860474	26.06170478	26.06170478	24.0579857
35.42351454	19.24739742	28.42803631	16.90105173
20.62214879	27.01428181	33.32692677	19.03664264
>cisbp__M02273
10.46848488	26.79912677	12.91474012	49.81764824
18.3797115	6.898109719	3.823810431	70.89836835
75.06207712	3.449797269	11.92116589	9.566959721
95.58663432	3.669417765	0.01777491658	0.7261730023
0.07417666344	96.41813551	0.02189918873	3.485788633
2.769952485	64.63979005	2.360397806	30.22985966
38.06294042	31.47649625	16.59731801	13.86324532
23.45019715	25.15052829	28.64213548	22.75713908
41.66531036	16.4392028	25.78180207	16.11368477
19.2221993	27.00618259	39.09778534	14.67383278
>cisbp__M02280
8.587194287	25.03493018	12.30827816	54.06959737
11.13608018	5.755697905	3.254993583	79.85322833
80.03075886	2.36886526	10.83098542	6.769390457
98.0710074	1.796233158	0.02461724127	0.1081422037
0.3176461212	97.82524344	0.2679868566	1.589123581
2.020514417	71.04774674	1.054801018	25.87693782
43.41614881	29.69062871	17.302162	9.59106048
23.34535325	25.54388517	26.32181229	24.78894928
41.02491913	15.09222433	30.08960207	13.79325447
17.58359366	26.49527165	39.52630062	16.39483406
>cisbp__M06692
36.7174	25.8883	24.8731	12.5212
12.0135	81.3875	2.5381	4.0609
89.5093	6.4298	2.8765	1.1844
91.2014	0.5076	4.5685	3.7225
0	99.6616	0	0.3384
98.4772	0	1.5228	0
27.58037242	5.414594585	47.03885296	19.96618003
77.4958	3.3841	4.7377	14.3824
63.7902	2.1997	15.5668	18.4433
61.0829	4.2301	7.1066	27.5804
37.225	17.0897	7.445	38.2403
25.5499	37.7327	2.8765	33.8409
64.2978	13.198	7.445	15.0592
16.7513	40.7783	3.8917	38.5787
14.72081472	58.88325888	10.49071049	15.90521591
23.5195	21.1506	0.1692	55.1607
3.891703892	11.33671134	54.65315465	30.11843012
39.2555	8.4602	34.0102	18.2741
40.6091	12.0135	23.6887	23.6887
46.86974687	15.05921506	15.73601574	22.33502234
40.2707	20.3046	18.1049	21.3198
>cisbp__M06975
49.16665083	12.999987	7.666692333	30.16666983
54.5	13.5	8.1667	23.8333
51.1667	28.3333	7.3333	13.1667
23.3333	37.6667	19.3333	19.6667
2.166697833	31.66666833	11.66668833	54.4999455
9.8333	9.6667	0.3333	80.1667
98.6667	0	1.3333	0
99.6667	0	0.3333	0
0	99.5	0	0.5
0.8333008333	72.83337283	0	26.33332633
54.4999455	16.16668383	24.66667533	4.666695333
15.000015	12.33331233	11.33331133	61.33336133
56.3333	2	37.1667	4.5
14.66668533	11.66668833	62.999937	10.66668933
10.3333	9.8333	3.1667	76.6667
15.83331583	16.33331633	1.333301333	66.5000665
71.4999285	7.166692833	4.666695333	16.66668333
58.6667	10.8333	14	16.5
43.66665633	20.999979	13.66668633	21.66667833
41.33334133	21.33332133	3.833303833	33.5000335
>cisbp__M07034
30.5743	39.3581	12.5	17.5676
27.1959	22.2973	24.6622	25.8446
69.2568	2.1959	7.9392	20.6081
94.93249493	0	0.3378003378	4.72970473
94.2568	0	5.7432	0
6.25	93.75	0	0
0	100	0	0
0.1689	99.8311	0	0
0	0	0	100
100	0	0	0
76.68912331	0.5067994932	22.8040772	0
36.4865	23.6486	4.0541	35.8108
13.8514	34.7973	6.4189	44.9324
20.1014	40.2027	11.6554	28.0405
15.8784	29.7297	15.0338	39.3581
41.8919	15.8784	15.2027	27.027
43.4122	16.0473	15.3716	25.1689
37.3311	22.973	8.9527	30.7432
35.6419	22.2973	12.8378	29.223
25	36.8243	12.6689	25.5068
23.64862365	30.06763007	12.83781284	33.44593345
>cisbp__M07046
52.9412	13.2353	20.5882	13.2353
36.76466324	4.411795588	16.17648382	42.64705735
22.05882206	26.47062647	19.11761912	32.35293235
42.64705735	17.64708235	13.23528676	26.47057353
23.5294	8.8235	27.9412	39.7059
41.1765	13.2353	19.1176	26.4706
16.17648382	41.17645882	11.76468824	30.88236912
33.8235	23.5294	16.1765	26.4706
17.64708235	29.41177059	30.88236912	22.05877794
45.58824559	20.58822059	25.000025	8.823508824
30.8824	7.3529	19.1176	42.6471
29.4118	11.7647	35.2941	23.5294
38.2353	11.7647	14.7059	35.2941
26.4706	25	25	23.5294
42.64705735	30.88236912	13.23528676	13.23528676
30.88236912	14.70588529	13.23528676	41.17645882
35.2941	25	11.7647	27.9412
79.41172059	4.411795588	16.17648382	0
50	4.4118	13.2353	32.3529
27.94117206	4.411795588	67.64703235	0
0	0	82.3529	17.6471
52.9412	32.3529	1.4706	13.2353
98.5294	0	0	1.4706
0	2.9412	0	97.0588
100	0	0	0
0	0	0	100
4.4118	7.3529	5.8824	82.3529
0	100	0	0
1.4706	20.5882	51.4706	26.4706
>cisbp__M07053
26.9231	11.8343	16.8639	44.3787
37.2781	16.8639	21.8935	23.9645
37.2781	13.9053	24.5562	24.2604
30.1775	23.6686	22.7811	23.3728
37.86983787	23.07692308	16.86391686	22.18932219
40.23674024	21.5976216	10.94671095	27.21892722
55.6213	14.7929	10.355	19.2308
35.20706479	13.01778698	10.05918994	41.71595828
37.574	13.9053	22.4852	26.0355
25.14792515	2.071002071	15.97631598	56.8047568
48.52074852	1.183401183	43.49114349	6.804706805
4.142	84.3195	0	11.5385
0	100	0	0
0	95.5621	0	4.4379
1.4793	2.9586	0.5917	94.9704
50.5917	2.071	0	47.3373
79.28997929	7.692307692	7.692307692	5.325405325
62.13026213	7.396407396	7.396407396	23.07692308
>cisbp__M07158
49.4118	25.098	8.2353	17.2549
54.902	15.2941	18.8235	10.9804
54.1176	11.7647	12.9412	21.1765
39.99996	25.88237412	10.1960898	23.92157608
29.8039	37.6471	7.451	25.098
28.6275	32.549	9.0196	29.8039
19.6078	14.5098	14.902	50.9804
65.4902	1.5686	13.7255	19.2157
77.2549	0.7843	0.7843	21.1765
72.94112706	1.176498824	25.88237412	0
4.3137	93.7255	0.3922	1.5686
1.960798039	92.94110706	1.176498824	3.921596078
0	93.7255	5.098	1.1765
0	7.0588	1.9608	90.9804
98.43130157	1.176498824	0.3921996078	0
90.5882	0.3922	8.2353	0.7843
36.4706	22.3529	3.5294	37.6471
9.0196	27.8431	2.7451	60.3922
20	37.2549	9.4118	33.3333
>cisbp__M08557
35.80199919	14.03417803	27.80717615	22.35664664
40.16354376	13.492195	32.01490509	14.32935616
41.71751635	15.48432376	17.59700875	25.20115115
47.06931173	8.872985372	23.77970667	20.27799623
27.18748275	11.56111882	22.97005224	38.2813462
24.62098435	24.90284703	20.73543393	29.74073469
4.621068706	9.882895429	83.71488215	1.781153711
92.5629235	0.7048957292	2.451707296	4.280473473
0.3430341026	98.46953628	0.2352942354	0.952135386
0.4466451988	0.07502405851	94.87128036	4.607050381
0.769807824	98.60013399	0.2638691971	0.3661889845
90.7969546	0.5662518578	6.557761811	2.07903173
64.88652141	21.00567966	4.724675188	9.383123744
50.55958156	8.560670676	4.377758788	36.50198897
23.68953145	18.33294395	17.7433558	40.2341688
30.10891371	19.17635497	17.55245079	33.16228053
25.76999952	28.66410387	17.95615596	27.60974065
19.71814715	18.23450681	39.22194451	22.82540153
27.18092435	11.32560825	14.37485128	47.11861611
17.16475991	15.48366969	28.68544758	38.66612282
>cisbp__M08697
46.49959786	16.95941975	20.04180012	16.49918227
30.37860274	31.09792004	20.17962971	18.34384751
23.5949043	17.03448182	27.19459785	32.17601604
21.29870839	29.67325381	19.59559714	29.43244066
16.22135539	36.00870356	17.3764562	30.39348484
23.3464868	38.27461134	19.26753906	19.1113628
2.094172772	0.9799605471	1.515190095	95.41067659
0.4538476387	98.89255729	0.2139856066	0.4396094643
0.3594407828	3.277265081	96.15422332	0.2090708137
0.2754342741	1.829360595	97.56913742	0.3260677098
38.17218508	0.9605713542	60.41656553	0.4506780319
29.87292588	4.601109562	8.460440698	57.06552386
10.36101753	3.371831861	5.923693832	80.34345678
9.511184036	10.03382955	3.309206855	77.14577956
13.20434322	13.97200969	6.083792694	66.7398544
15.63689032	49.32162889	14.369142	20.67233879
25.21839099	15.97275374	30.36177548	28.44707978
30.0295291	25.47072234	23.35529626	21.14445229
28.56777639	25.07203448	19.41723135	26.94295778
35.9865869	28.20136821	18.60424686	17.20779803
12.16681321	33.03349702	16.5934583	38.20623147
