>cisbp__M01188
25.0395911	12.68548233	19.30681642	42.96811015
11.62962233	21.83590191	51.6017451	14.93273065
85.16650444	12.23876308	0.5513465154	2.043385961
0.9865312723	0.2941809415	98.14438841	0.5748993749
0.01971273957	99.83410167	0.001976376477	0.1442092118
0.04747682495	99.7319828	0.1887157087	0.03182466749
0.2115697732	8.472279185	53.34603003	37.97012101
0.9781792282	96.34520561	0.2946219218	2.381993243
57.43826342	15.19111461	14.16410138	13.20652059
27.96546924	23.3587234	15.19506202	33.48074534
>cisbp__M01197
24.14498858	16.51182592	24.38764975	34.95553574
11.01353176	20.88695239	43.34210985	24.757406
65.98879309	25.01523217	1.461531599	7.534443141
3.826506572	1.379818909	92.01506046	2.778614063
0.1083144641	99.21442536	0.01541033982	0.6618498387
0.3632225059	99.21213451	0.4014229503	0.02322003796
0.6058305973	8.075583489	56.19597443	35.12261149
1.239633003	96.04485959	0.03818988347	2.677317526
53.86390616	17.57470424	15.27871387	13.28267573
26.24236828	25.46678908	16.23834165	32.05250099
>cisbp__M01887
15.00125921	14.26963917	13.43864007	57.29046155
8.02706583	16.65680864	59.3124397	16.00368583
77.37999124	19.66279431	0.3226226958	2.634591751
0.9830491145	0.0008442210458	98.78085424	0.2352524242
1.882307659e-07	99.92329565	0.07610836107	0.0005958049856
0.1047063177	99.82355493	0.07160460997	0.000134144119
0.001006300619	5.199308172	62.71029147	32.08939406
0.002751955097	99.9386325	0.01336062039	0.04525492947
63.72347925	13.1254499	14.94763489	8.20343596
18.62366192	29.50125835	10.42735789	41.44772184
