>yetfasco__YDR213W_544
3.651096349	8.575591424	4.927895072	82.84541715
0.4564004564	98.57199857	0.4597004597	0.5119005119
0	0	100	0
0	0	0	100
61.55423845	0.297999702	0.3064996935	37.84126216
8.9883	28.9317	2.7584	59.3216
39.6004604	19.41498059	25.29147471	15.69308431
>cisbp__M00920
18.63692944	34.29999011	25.41005765	21.6530228
5.06356816	16.15244457	7.114047886	71.66993939
0.6428679345	97.33747204	1.125451214	0.8942088076
0.4323347194	0.0130553773	97.65538697	1.899222938
1.096836091	4.866766502	2.893392688	91.14300472
58.11861326	0.6994128926	1.436897074	39.74507677
14.01637147	25.28537176	3.287824295	57.41043247
60.60448151	16.0285073	16.85030644	6.516704758
27.98096487	21.79159735	30.31141738	19.9160204
