>jaspar__MA1027.1
433	129	237	200
259	213	285	242
618	16	43	323
128	192	58	623
898	14	68	20
54	87	19	840
36	147	169	648
63	876	18	44
>hocomoco__PIT1_HUMAN.H11MO.0.C
3	17	5	13
9	5	2	22
15	17	5	1
25	4	0	9
3	0	0	35
1	0	37	0
22	6	5	5
35	0	0	3
10	0	2	26
33	1	1	3
10	0	0	28
20	0	6	12
6	12	5	15
>hocomoco__PO3F2_MOUSE.H11MO.1.A
90	35	115	44
43	54	61	126
14	138	102	30
65	40	13	166
20	216	7	41
215	40	1	28
11	1	6	266
8	0	276	0
187	95	2	0
281	0	0	3
0	0	0	284
244	1	28	11
56	49	5	174
26	6	48	204
12	154	72	46
229	50	2	3
94	6	14	170
>homer__ATGAATATTCATGAG_OCT_OCT
79.4	9.3	1.9	9.4
0.1	0.1	0.1	99.7
15	1.9	81.2	1.9
71.4	28.4	0.1	0.1
98	0.1	0.1	1.8
0.1	0.1	0.1	99.7
99.7	0.1	0.1	0.1
14.9	0.1	0.1	84.9
18.7	0.1	26.2	55
0.1	86.4	3.7	9.8
99.7	0.1	0.1	0.1
1.9	1.9	1.9	94.3
20.9	7.4	52.6	19.1
60.3	9.3	19.1	11.3
13.1	20.5	51.1	15.3
>homer__ATGAATATTC_Brn2
87.4	1.6	1.2	9.8
0.1	0.7	0.5	98.7
6.4	8.9	82.6	2.1
63.1	33.3	0.1	3.5
88.8	0.3	7.5	3.4
1	0.1	0.1	98.8
99.3	0.2	0.3	0.2
40.3	1.2	0.3	58.2
5.6	0.3	25.5	68.6
0.1	54.6	21.3	24
>homer__ATGMATATDC_Pit1
74.4	7.7	3.7	14.2
0.1	0.1	0.1	99.7
10.4	1.9	80.4	7.3
47.7	49.3	0.1	2.9
95.6	0.5	0.1	3.8
2	2.9	0.1	95
93.7	0.1	4.4	1.8
28	8.7	2.3	61
25.77422577	6.193806194	38.86113886	29.17082917
7.2	66.1	4.3	22.4
