>jaspar__MA0363.2
212	114	109	256
159	167	146	219
86	177	113	315
281	79	281	50
8	20	5	658
28	28	7	628
679	1	3	8
2	684	2	3
4	681	5	1
3	681	3	4
11	5	578	97
104	133	377	77
296	244	58	93
133	178	118	262
186	115	147	243
>jaspar__MA0421.1
174	0	274	1457
0	0	40	1817
0	103	0	1784
1832	0	0	0
0	1832	0	0
0	1832	0	0
118	1739	0	0
0	0	1832	0
49	0	1784	0
779	841	117	291
>swissregulon__sacCer__REB1
63	41.43	166.56	211.4
128.25	488.71	176.7	131.4
232.97	652.26	7.37	7.2
0	0	894.97	0
0	0	894.97	0
0	0	894.22	0.97
0	1.95	0	893.5
867.58	5.16	20.74	9.28
876.61	0.97	17.81	4.99
68.36	468.39	81.02	316.35
218.2	98.73	133.19	55.44
>swissregulon__sacCer__YDR026c
1.74	0	2.74	14.57
0	0	0.4	18.17
0	1.03	0	17.84
18.33	0	0	0
0	18.33	0	0
0	18.33	0	0
1.18	17.4	0	0
0	0	18.33	0
0.49	0	17.84	0
>yetfasco__YBR049C_907
26.67	32.7	12.25	28.38
43.15	25.89	10.54	20.42
39.17391739	10.54105411	35.54355436	14.74147415
13.03130313	6.00060006	36.68366837	44.28442844
11.33	58.27	19.64	10.76
6.780678068	92.36923692	0.3200320032	0.5300530053
0.5300530053	0.3200320032	98.61986199	0.5300530053
0.5300530053	0.3200320032	98.61986199	0.5300530053
0.5300530053	0.3200320032	98.61986199	0.5300530053
0.53	0.32	0.32	98.83
98.83	0.32	0.32	0.53
98.83	0.32	0.32	0.53
2.24	50.32	9.41	38.03
>scertf__badis.REB1
30	10	50	10
1	1	1	97
1	1	1	97
97	1	1	1
1	97	1	1
1	97	1	1
1	97	1	1
1	1	59	39
15	15	55	15
>cisbp__M07491
30	10	50	10
0	0	0	100
0	0	0	100
100	0	0	0
0	100	0	0
0	100	0	0
0	100	0	0
0	0	60	40
15	15	55	15
>cisbp__M07553
15.1934	28.7293	16.2983	39.779
32.5967	15.4696	46.9613	4.9724
0.8287	2.7624	0.5525	95.8564
4.972395028	7.458592541	3.591196409	83.97781602
98.0663	0.2762	1.6575	0
0	100	0	0
0	100	0	0
0	100	0	0
2.486202486	2.20990221	66.2983663	29.00552901
20.1657	26.2431	43.9227	9.6685
35.6354	40.884	6.6298	16.8508
