>jaspar__MA0946.1
625	51	55	269
927	11	29	32
5	2	982	11
989	2	4	4
7	3	2	987
732	22	4	242
3	833	2	162
14	5	968	13
>jaspar__MA0947.1
945	5	26	24
2	1	984	13
991	1	3	5
2	3	2	993
506	154	1	339
1	960	1	38
10	5	960	26
83	484	401	32
>jaspar__MA0949.1
174	257	394	174
338	572	45	45
214	0	786	0
476	0	214	309
1000	0	0	0
0	0	0	1000
0	1000	0	0
0	0	0	1000
162	76	76	687
205	205	205	386
>jaspar__MA1737.1
325	225	225	225
249	260	48	443
826	25	25	125
0	0	999	0
999	0	0	0
0	0	0	999
288	318	0	394
0	777	0	223
25	25	723	226
299	202	297	202
323	226	226	226
>cisbp__M00873
22.64203932	22.64203932	32.07388203	22.64203932
52.88718708	12.58056767	12.58056767	21.95167758
99.97679001	0.007736662574	0.007736662574	0.007736662574
0.007736662574	0.007736662574	99.97679001	0.007736662574
99.97679001	0.007736662574	0.007736662574	0.007736662574
0.007736662574	0.007736662574	0.007736662574	99.97679001
40.28843825	20.17768019	0.007736662574	39.52614489
0.007736662574	79.80684648	0.007736662574	20.17768019
2.36569734	2.36569734	72.43053831	22.83806701
12.42716899	33.08312967	42.06253235	12.42716899
>cisbp__M02297
38.57789553	20.47403482	20.47403482	20.47403482
68.65878328	7.588858694	7.588858694	16.16349933
99.95326592	0.01557802515	0.01557802515	0.01557802515
0.01557802515	0.01557802515	99.95326592	0.01557802515
99.95326592	0.01557802515	0.01557802515	0.01557802515
0.01557802515	0.01557802515	0.01557802515	99.95326592
30.92819387	21.41290498	0.01557802515	47.64332312
0.01557802515	78.55593897	0.01557802515	21.41290498
4.541543202	4.541543202	57.16592777	33.75098583
17.42671933	39.43388552	25.71267581	17.42671933
