>cisbp__M06971
22.2408	23.2441	4.8495	49.6656
49.8328	7.8595	32.4415	9.8662
56.3545	15.7191	10.3679	17.5585
1.839498161	80.43471957	2.006697993	15.71908428
10.53511054	0	69.06356906	20.4013204
2.1739	91.6388	5.3512	0.8361
0.1672	99.3311	0	0.5017
0	0	99.8328	0.1672
0	0	0	100
0.1672001672	12.70901271	1.505001505	85.61878562
96.1538	0	0	3.8462
55.3512	16.8896	14.8829	12.8763
25.25082525	30.6020306	15.38461538	28.76252876
23.07692308	9.364509365	23.24412324	44.31444431
>cisbp__M06972
19.7655	19.263	4.6901	56.2814
35.8459	15.4104	3.5176	45.2261
64.3216	4.6901	20.4355	10.5528
52.0938	27.9732	4.5226	15.4104
16.0804	65.4941	7.0352	11.3903
14.7404	0.8375	65.6616	18.7605
7.5377	79.8995	5.0251	7.5377
0.335000335	93.63489363	0.67000067	5.36010536
0	0	100	0
0	0.1675	0	99.8325
0.5025005025	9.715209715	0.5025005025	89.27978928
98.995	0	0	1.005
71.85937186	9.547709548	9.715209715	8.877708878
22.61307739	40.36845963	10.38528961	26.63317337
22.11057789	6.867693132	24.62307538	46.3986536
