>kznf__ZFP69B_Imbeault2017_OM_RCADE
0.06544500327	0.06544500327	99.28010496	0.5890050295
15.24870152	4.777490478	13.41620134	66.55760666
3.468589133	0.06544498364	90.37957741	6.086388478
1.89790981	1.636129836	90.11779099	6.348169365
0.5890051473	99.01832475	0.06544501636	0.3272250818
0.8507852127	0.06544501636	0.06544501636	99.01832475
0.5890050295	0.06544500327	99.28010496	0.06544500327
0.8507852127	0.06544501636	99.01832475	0.06544501636
98.75654444	0.3272251473	0.06544502945	0.8507853829
64.72513884	4.515712709	26.5052159	4.253932552
60.27490904	21.26960319	17.60470264	0.8507851276
29.64659111	23.10209307	39.07068828	8.180627546
>kznf__ZNF431_Imbeault2017_OM_MEME
21.374	33.5878	41.2214	3.8168
27.4809	4.5802	67.9389	0
6.106893893	0	91.6030084	2.29009771
0	0	100	0
0	96.94650305	0.7633992366	2.29009771
0	3.0534	0	96.9466
51.9084	1.5267	45.8015	0.7634
0	16.7939	83.2061	0
76.3359	12.2137	9.9237	1.5267
62.5954	10.687	2.2901	24.4275
6.8702	0	93.1298	0
17.5573	38.9313	16.0305	27.4809
4.58019542	70.99232901	0	24.42747557
17.55728244	16.79388321	30.53436947	35.11446489
