>yetfasco__YIL101C_2039
18.91891892	13.51351351	56.75675676	10.81081081
18.91891892	40.54054054	24.32432432	16.21621622
5.405405405	78.37837838	13.51351351	2.702702703
0	0	0	100
0	100	0	0
0	0	100	0
83.78378378	0	16.21621622	0
40.54054054	2.702702703	51.35135135	5.405405405
13.51351351	13.51351351	72.97297297	0
40.54054054	48.64864865	5.405405405	5.405405405
13.51351351	24.32432432	45.94594595	16.21621622
45.94594595	10.81081081	35.13513514	8.108108108
>cisbp__M06821
28.9384	13.5274	1.7123	55.8219
0	97.774	0	2.226
5.479494521	0.3424996575	90.41090959	3.767096233
37.67123767	2.226002226	4.794504795	55.30825531
22.77402277	46.06164606	7.020507021	24.14382414
42.63695736	0.5136994863	18.49318151	38.35616164
7.5342	8.7329	0.3425	83.3904
0	100	0	0
2.911	0.6849	93.6644	2.7397
39.726	4.2808	3.4247	52.5685
13.86991387	32.02053202	7.020507021	47.08904709
21.4041214	22.08902209	21.4041214	35.1027351
20.89042089	20.54792055	9.417809418	49.14384914
14.8973	46.5753	16.4384	22.089
27.73972774	14.21231421	33.39043339	24.65752466
