>jaspar__MA1166.1
54	14	23	14
67	9	12	17
80	3	17	5
43	16	44	2
42	10	53	0
4	0	101	0
99	0	1	5
105	0	0	0
0	0	1	104
83	22	0	0
0	0	0	105
3	0	0	102
0	86	0	19
7	44	14	40
>jaspar__MA1384.1
344	58	90	106
349	24	94	131
301	87	110	100
261	122	215	0
0	0	598	0
451	86	1	60
598	0	0	0
0	0	0	598
531	67	0	0
3	0	0	595
88	44	13	453
14	542	5	37
26	273	114	185
>cisbp__M07040
36.745	12.4161	27.5168	23.3221
24.3289	8.7248	53.6913	13.255
55.0336	13.5906	12.5839	18.7919
97.9866	0	0	2.0134
0	0	41.9463	58.0537
100	0	0	0
0.8389	0	0	99.1611
4.698	0.8389	11.0738	83.3893
0.1678	99.8322	0	0
0.1678	31.8792	24.1611	43.7919
29.0268	17.953	16.1074	36.9128
26.8456	18.1208	9.5638	45.4698
23.9933	13.4228	16.443	46.1409
27.0134	15.604	20.8054	36.5772
22.4832	22.651	16.9463	37.9195
>cisbp__M07064
45.7912	17.0034	26.5993	10.6061
31.9865	3.1987	56.3973	8.4175
87.3737	3.1987	0.6734	8.7542
99.8316	0	0	0.1684
0	0	40.7407	59.2593
100	0	0	0
0	0	0	100
0	0	1.0101	98.9899
0	100	0	0
0	45.2862	18.3502	36.3636
23.56902357	25.92592593	11.44781145	39.05723906
24.2424	15.4882	2.6936	57.5758
20.3704	15.8249	13.1313	50.6734
21.2121	18.0135	15.4882	45.2862
22.7273	20.3704	14.8148	42.0875
