>jaspar__MA0820.1
886	270	175	449
690	693	160	237
0	1780	0	29
1780	46	0	14
0	1780	527	0
9	1780	311	0
56	0	17	1780
36	33	1780	65
154	225	569	832
455	283	289	753
>jaspar__MA1100.2
1267	926	1495	726
1334	521	3079	354
0	4413	0	14
4413	157	60	218
107	1288	4413	625
729	4413	1320	20
118	24	121	4413
52	0	4413	29
177	3065	814	1349
843	1487	889	1194
>swissregulon__hs__MESP1
115	73	14	84
135	55	91	6
0	287	0	0
287	37	0	0
0	287	31	14
8	287	15	22
0	36	0	287
0	31	287	16
1	105	73	108
64	53	93	77
>swissregulon__hs__SNAI1
0.9821428571	2.410714286	1.339285714	0.2678571429
0	5	0	0
5	0	0	0
0	0	5	0
0	0	5	0
0	0	0	5
0	0	5	0
0.2678571429	0.9821428571	2.410714286	1.339285714
>swissregulon__mm__Tcf12
1003.754877	17.25227677	148.6564836	353.0766789
239.1556577	50.56532863	1233.01933	0
0	1522.740316	0	0
1522.740316	0	0	0
0	0	1522.740316	0
18.43767746	663.819111	840.4835278	0
0	0	0	1522.740316
0	0	1522.740316	0
119.4408922	359.1685208	495.448674	548.6822294
>flyfactorsurvey__CG17181_SANGER_5_FBgn0035144
13	4	6	1
2	19	2	1
2	20	0	2
24	0	0	0
1	23	0	0
0	24	0	0
0	0	1	23
0	0	24	0
0	5	0	19
>flyfactorsurvey__CG17181_SOLEXA_5_FBgn0035144
200	55	90	73
298	140	108	25
96	490	27	20
37	565	12	19
597	3	2	31
3	624	0	6
0	607	6	20
6	0	7	620
0	0	610	23
29	143	9	452
104	119	75	335
219	116	234	64
247	181	126	79
161	211	127	126
166	201	130	109
>flyfactorsurvey__Fer1_da_SANGER_10_FBgn0000413
11	6	1	5
11	6	6	0
0	23	0	0
23	0	0	0
0	15	8	0
6	14	3	0
0	0	0	23
0	0	23	0
8	3	2	10
0	17	3	3
14	4	4	1
>flyfactorsurvey__HLH4C_da_SANGER_5_FBgn0000413
9	9	5	0
12	3	5	3
11	6	2	4
11	6	1	5
10	6	7	0
0	23	0	0
23	0	0	0
0	21	1	1
1	22	0	0
0	0	0	23
0	1	22	0
9	10	1	3
2	4	11	6
5	10	5	3
3	17	2	1
>flyfactorsurvey__ase_da_SANGER_10_FBgn0000137
0	22	1	0
23	0	0	0
0	19	1	3
0	23	0	0
0	0	0	23
0	0	23	0
0	17	0	6
>flyfactorsurvey__sc_da_SANGER_10_FBgn0000413
11	5	7	0
0	23	0	0
24	0	0	0
0	21	1	2
0	24	0	0
0	0	0	24
0	0	24	0
0	16	1	7
>hocomoco__ASCL1_HUMAN.H11MO.0.A
91	210	84	95
105	118	77	180
106	122	205	47
3	471	2	4
471	2	0	7
3	295	172	10
4	470	1	5
4	1	1	474
2	2	469	7
4	375	40	61
39	202	3	236
49	185	132	114
63	236	47	134
80	195	73	132
>hocomoco__ASCL1_MOUSE.H11MO.0.A
36	260	75	76
116	85	39	207
45	128	241	33
0	447	0	0
447	0	0	0
0	195	247	5
0	443	0	4
0	0	1	446
0	1	446	0
10	355	37	45
50	209	0	188
27	157	144	119
47	226	62	112
72	171	63	141
>hocomoco__ASCL2_HUMAN.H11MO.0.D
131	176	169	23
1	494	2	2
492	3	1	3
3	176	293	27
7	489	1	2
2	2	0	495
1	5	481	12
3	433	7	56
51	147	4	297
>hocomoco__FIGLA_HUMAN.H11MO.0.D
34	21	45	59
55	29	26	49
72	54	14	19
9	141	3	6
154	1	3	1
3	8	144	4
0	24	130	5
4	0	2	153
4	3	147	5
13	16	59	71
38	15	23	83
>hocomoco__HTF4_HUMAN.H11MO.0.A
148	60	131	161
71	170	247	12
11	474	11	4
422	7	3	68
7	60	419	14
28	305	159	8
9	0	5	486
2	4	470	24
49	16	159	276
9	80	337	74
>hocomoco__HTF4_MOUSE.H11MO.0.A
205	28	178	89
78	85	328	9
8	418	68	6
486	2	5	7
4	2	489	5
76	120	295	9
56	7	22	415
22	12	454	12
48	30	268	154
57	110	265	68
>hocomoco__ITF2_HUMAN.H11MO.0.C
153	21	190	133
63	73	340	21
14	445	26	12
466	4	13	14
15	52	410	20
47	293	149	8
45	3	4	445
2	7	473	15
42	53	229	173
46	136	263	52
>hocomoco__MYF6_HUMAN.H11MO.0.C
1	1	5	0
0	7	0	0
7	0	0	0
0	0	7	0
0	4	3	0
0	0	0	7
0	0	7	0
>hocomoco__TFE2_HUMAN.H11MO.0.A
111	247	126	16
251	162	85	2
7	490	3	0
497	0	0	3
2	163	327	8
2	397	101	0
0	1	1	498
4	3	492	1
3	374	75	48
253	80	28	139
63	116	205	116
>taipale__TCF3_DBD_NNCACCTGNN
2823	2123	1014	1839
3423	1321	2842	213
0	7799	0	0
7799	5	0	19
0	7799	1251	317
0	7799	465	0
43	35	7	7799
27	21	7799	5
253	3014	1978	2554
2066	1393	2093	2247
>taipale__TCF4_DBD_NNCACCTGNN
4738	8284	2128	5185
7822	2465	9640	409
6	20335	0	13
20335	0	0	0
0	20335	2315	1334
56	20335	387	0
117	0	0	20335
27	5	20335	25
374	7336	6324	6301
5305	4812	4838	5380
>nitta__CG17181_TGGCAA20NGA_KH_NAACAGGTGGTN_m1_c2
155	345	169	387
1056	106	73	212
1056	0	25	20
0	1056	5	9
1056	5	0	3
65	4	1056	6
2	0	1056	4
1	4	9	1056
67	1	1056	105
15	13	1056	126
57	356	357	1056
157	252	184	463
>taipale_cyt_meth__ASCL1_NRCAGCTGYN_eDBD_meth
728	375	651	408
787	407	1376	113
13	2163	0	8
2163	18	8	82
0	294	2163	481
422	2163	438	39
36	21	44	2163
17	0	2163	0
106	1454	306	709
379	677	331	777
>taipale_cyt_meth__ASCL2_NRCAGCTGYN_FL
839	538	761	366
699	382	1804	98
0	2504	0	1
2504	137	0	83
46	516	2504	276
270	2504	516	5
55	0	38	2504
0	0	2504	0
148	1731	346	773
355	887	481	781
>taipale_cyt_meth__ASCL2_NRCAGCTGYN_FL_meth
1066	434	775	259
802	311	1732	49
0	2534	0	22
2534	25	0	61
0	304	2534	288
320	2534	331	0
47	0	0	2534
0	0	2534	0
37	1685	309	849
305	748	443	1038
>taipale_cyt_meth__ASCL2_NRCAGCTGYN_eDBD
1600	1010	1639	705
1746	781	3208	180
0	4954	0	0
4954	49	93	99
76	1258	4954	448
627	4954	1290	0
85	83	26	4954
0	0	4954	0
188	3283	833	1671
655	1768	1108	1423
>taipale_cyt_meth__ASCL2_NRCAGCTGYN_eDBD_meth
2168	827	1716	842
2123	753	3431	208
0	5553	0	0
5553	17	98	191
31	976	5553	1187
1216	5553	924	15
224	38	80	5553
69	32	5553	0
215	3428	810	2125
774	1685	786	2308
>taipale_cyt_meth__MYF6_CGTCANNTGTYN_eDBD
872	4226	721	2226
249	61	4226	7
1830	698	230	4226
8	4226	23	14
4226	9	20	0
51	913	2804	458
111	2181	1541	393
17	36	0	4226
2	0	4226	0
1962	807	1368	4226
120	1754	380	2472
1033	1068	1607	519
>taipale_cyt_meth__MYF6_CGTCANNTGTYN_eDBD_meth
1337	5161	1096	3608
325	6	5161	0
3067	782	155	5161
7	5161	14	0
5161	0	5	0
49	1247	3255	610
100	2852	1764	445
36	9	0	5161
9	7	5161	7
2049	653	1418	5161
73	2012	183	3149
1312	1199	2064	585
>taipale_cyt_meth__MYF6_NAACANNTGWYN_eDBD
1399	3204	3553	2134
10290	1279	3996	414
10290	1890	1504	458
0	10290	0	0
10290	0	0	0
1347	2862	5706	375
735	6685	2010	860
0	4	0	10290
0	0	10290	0
4832	805	975	5458
77	7563	333	2727
2928	1825	4365	1172
>taipale_cyt_meth__MYF6_NAACANNTGWYN_eDBD_meth
2293	6147	5625	4269
18334	1020	4784	117
18334	2644	1861	379
0	18334	0	0
18334	0	0	4
2684	4854	10088	708
1336	11776	3228	1994
0	0	0	18334
0	0	18334	0
7353	1126	1646	10981
0	12993	351	5341
5868	3588	6788	2090
>taipale_cyt_meth__MYOD1_NAACANNTGTYN_FL
583	1239	1296	881
3999	677	605	152
3999	783	801	121
0	3999	0	0
3999	0	42	21
454	631	2439	475
502	2409	688	399
25	108	12	3999
0	0	3999	0
1080	867	911	3999
66	2031	222	1968
1174	870	1464	491
>taipale_cyt_meth__MYOD1_NAACANNTGTYN_FL_meth
247	719	515	458
1940	375	237	76
1940	500	462	81
1	1940	0	4
1940	1	11	30
198	402	1136	203
228	1187	321	204
1	40	0	1940
0	0	1940	0
394	532	571	1940
33	963	125	977
565	449	702	224
>taipale_cyt_meth__MYOD1_NAACANNTGTYN_eDBD
94	508	406	359
1367	323	330	32
1367	256	159	28
0	1367	0	0
1367	0	3	0
112	424	691	140
177	650	417	124
0	0	0	1367
0	0	1367	0
422	326	340	1367
10	565	153	802
504	282	431	150
>taipale_cyt_meth__MYOD1_NAACANNTGTYN_eDBD_meth
172	755	676	669
2271	327	377	66
2271	349	399	71
0	2271	0	0
2271	11	59	0
316	485	1046	423
384	1167	503	218
61	76	0	2271
0	0	2271	18
246	258	502	2271
46	1035	125	1236
694	514	794	269
>taipale_cyt_meth__MYOD1_YGTCANNTGTYN_FL
149	886	170	418
122	62	1303	4
2201	874	470	1303
28	1303	0	24
1303	7	42	0
46	196	886	174
77	811	305	110
41	52	17	1303
16	28	1303	0
159	291	486	1303
55	448	126	855
355	272	524	153
>taipale_cyt_meth__MYOD1_YGTCANNTGTYN_FL_meth
84	288	66	222
95	32	509	4
1012	583	358	509
0	509	0	27
509	15	18	16
19	103	302	85
42	284	145	38
20	48	11	509
11	0	509	0
77	113	233	509
24	199	67	311
126	133	199	51
>taipale_cyt_meth__MYOD1_YGTCANNTGTYN_eDBD
32	434	23	100
48	7	534	0
799	463	234	534
38	534	0	26
534	0	64	0
0	84	364	113
43	289	166	37
0	59	23	534
24	0	534	0
70	202	158	534
1	160	61	375
132	125	249	29
>taipale_cyt_meth__MYOD1_YGTCANNTGTYN_eDBD_meth
0	417	0	148
58	38	565	0
1120	440	217	565
0	565	0	0
565	0	96	0
12	112	388	54
56	294	171	44
0	64	6	565
0	6	565	0
41	184	125	565
29	275	102	290
220	80	204	62
>taipale_cyt_meth__TCF12_NCACSTGN_eDBD_meth
1739	1152	1604	897
0	5391	0	0
5391	0	0	0
0	5391	403	1989
614	5119	272	0
0	0	0	5391
0	0	5391	197
801	2529	791	1271
>taipale_cyt_meth__TCF4_NCACCTGN_eDBD_meth
8515	6721	9921	3140
0	28297	0	0
28297	0	0	0
0	28297	2950	7017
1550	28297	524	0
0	0	0	28297
0	0	28297	0
3787	12042	5231	7237
>transfac_public__M00001
1	2	2	0
2	1	2	0
3	0	1	1
0	5	0	0
5	0	0	0
0	0	4	1
0	1	4	0
0	0	0	5
0	0	5	0
0	1	2	2
0	2	0	3
1	0	3	1
>transfac_public__M00002
4	4	3	0
2	5	4	0
3	2	4	2
2	0	9	0
0	11	0	0
11	0	0	0
0	0	11	0
1	2	8	0
0	0	0	11
0	0	11	0
0	0	4	7
1	4	3	3
1	6	2	2
1	4	4	2
1	4	2	3
>bergman__esg
26.26262626	26.26262626	21.21212121	26.26262626
35	15	35	15
47	8	34	11
2.02020202	95.95959596	0	2.02020202
100	0	0	0
7	0	91	2
0	0	100	0
0	0	0	100
3	5	92	0
9	44	22	25
33.33333333	20.2020202	23.23232323	23.23232323
20	28	32	20
>bergman__sna
31.81818182	27.27272727	31.81818182	9.090909091
36	20	16	28
44.82758621	6.896551724	44.82758621	3.448275862
71.05263158	0	21.05263158	7.894736842
0	97.5	2.5	0
97.5	0	0	2.5
7.5	0	92.5	0
5	0	95	0
0	0	0	100
0	0	92.5	7.5
8.108108108	51.35135135	8.108108108	32.43243243
56.25	25	6.25	12.5
23.33333333	36.66666667	23.33333333	16.66666667
>stark__RRCAGGTGB
50	0	50	0
50	0	50	0
0	100	0	0
100	0	0	0
0	0	100	0
0	0	100	0
0	0	0	100
0	0	100	0
0	33.33333333	33.33333333	33.33333333
>homer__ACAGCTGTTN_Ptf1a
46.74674675	23.52352352	27.52752753	2.202202202
0.1	99.7	0.1	0.1
99.7	0.1	0.1	0.1
0.1	24.1	72.7	3.1
2.9	72.6	24.4	0.1
0.1	0.1	0.1	99.7
0.1	0.1	99.7	0.1
3.196803197	25.57442557	24.77522478	46.45354645
12.3	23.1	24.2	40.4
21.67832168	28.97102897	23.27672328	26.07392607
>homer__NNVVCAGCTGBN_Ascl1
25.9	22.8	27.2	24.1
21.77822178	26.97302697	24.97502498	26.27372627
28.8	31.8	33.7	5.7
27.12712713	31.53153153	32.43243243	8.908908909
7.8	84.8	5.9	1.5
84.7	0.1	0.1	15.1
6.2	8.5	69	16.3
23.3	49.5	23.8	3.4
10.1	6.6	6.3	77
0.2	0.1	91.8	7.9
7.9	36.5	28.4	27.2
19.98001998	27.67232767	20.17982018	32.16783217
>homer__SSRGCAGCTGCH_Ascl2
21.4	26.8	38.7	13.1
17.1	33.7	34.8	14.4
34.46553447	13.08691309	37.26273726	15.18481518
29	3.6	67.3	0.1
0.1	99.7	0.1	0.1
99.7	0.1	0.1	0.1
0.1	10.4	89.4	0.1
0.1	74	25.8	0.1
0.1	0.1	0.1	99.7
0.1	0.1	99.7	0.1
0.1	72.7	2.6	24.6
21.7	31.1	15.9	31.3
>homer__VCAGCTGBNN_HEB
33.46653347	33.76623377	29.17082917	3.596403596
4.6	79	10.4	6
77.7	5.4	7.1	9.8
11.2	23.9	51.3	13.6
5	53.7	34.2	7.1
9.3	4.9	11.5	74.3
1.8	1.7	93.6	2.9
4.1	26.5	37.2	32.2
19.1	28.2	26.3	26.4
26.4	28.2	20.5	24.9
>kznf__ZNF134_Schmitges2016_RCADE
24.50617549	46.97525302	16.85188315	11.66668833
10.1852	57.5926	10.9259	21.2963
3.765428494	8.209876716	9.197526321	78.82716847
27.46912198	50.67904054	8.950627161	12.90121032
97.09877048	0.06172838123	2.530859231	0.3086419062
2.28394863	6.975305815	46.48147211	44.25927344
1.296299632	91.9135739	0.06172838247	6.728398089
93.14814099	2.777781222	3.518521548	0.5555562444
0.06172838407	0.802468793	99.07407444	0.06172838407
5.000001	1.04938021	68.20991364	25.74070515
5.740743444	10.18520611	20.06171204	64.01233841
5.246912151	0.802469329	91.17283738	2.777781139
57.09877716	37.59258496	3.765428494	1.543209383
38.33333833	18.58021858	14.62961463	28.45682846
2.777780556	2.777780556	92.65431853	1.790120358
>cisbp__M00118
30.97635944	25.36129809	31.91973003	11.74261245
0.8886247726	98.68370026	0.09748271387	0.3301922526
98.76151632	0.1215667261	0.6926073872	0.4243095662
0.3400490883	65.45315557	13.89229965	20.31449569
0.2883801707	80.36062896	18.66265311	0.6883377592
1.176178723	1.754652467	3.165372724	93.90379609
0.2612820565	0.3005459037	97.30449837	2.133673668
12.2099017	32.20904253	29.73269367	25.8483621
>cisbp__M00745
38.3459426	17.55725045	26.53955649	17.55725045
76.71137859	7.762873803	7.762873803	7.762873803
0.005441282576	99.98367615	0.005441282576	0.005441282576
99.98367615	0.005441282576	0.005441282576	0.005441282576
0.005441282576	54.91287962	45.07623781	0.005441282576
0.005441282576	99.98367615	0.005441282576	0.005441282576
0.005441282576	0.005441282576	0.005441282576	99.98367615
0.005441282576	0.005441282576	99.98367615	0.005441282576
7.448190828	25.16827166	7.448190828	59.93534668
17.24256748	36.30501273	17.24256748	29.20985231
>cisbp__M00753
35.88320675	23.34235234	34.47620609	6.298234826
0.4559634226	98.9542194	0.08083520637	0.5089819696
95.80893819	0.02908176256	3.984277463	0.1777025813
0.982329755	78.42727573	11.2703093	9.320085216
0.7992824288	85.28163065	13.40944195	0.5096449777
1.544835472	0.7748525037	0.6602857484	97.02002628
0.2609534753	0.3629779671	98.15882752	1.217241042
8.872737702	39.36918469	25.10290047	26.65517714
26.76672128	20.22985276	26.23670469	26.76672128
>cisbp__M01723
23.76278298	21.5014552	28.73513576	26.00062605
31.29934042	25.88327544	20.98057531	21.83680883
35.30909779	23.9062674	31.63109509	9.153539718
2.919752804	89.25513519	1.129188188	6.695923822
91.52029904	0.9107933883	2.681994665	4.886912902
0.03350816998	68.30848627	14.64404853	17.01395703
1.714890958	70.76393629	21.10161329	6.419559469
3.665456487	3.349974992	3.061646615	89.92292191
0.6384014172	0.8531772024	91.94696894	6.561452438
11.15893126	33.86019672	30.63797298	24.34289904
>cisbp__M01740
28.07915969	27.52315508	22.08784933	22.3098359
36.26908864	24.31189717	30.29448934	9.124524844
1.30075686	93.03225809	0.8461541674	4.820830879
97.49632713	0.01591990141	2.137880051	0.3498729144
2.632989133	57.86540745	14.2694338	25.23216962
5.234490906	77.88782037	13.67090144	3.20678729
4.174301435	4.216253862	4.344657908	87.26478679
2.017333713	0.1024660962	91.99890684	5.88129335
10.10126857	30.04394121	35.25689161	24.59789861
>cisbp__M01750
24.10362571	33.52737514	30.03496712	12.33403203
7.987901478	88.93698465	0.8762779728	2.198835896
84.82963362	7.618998535	4.575174936	2.976192906
2.161831464	16.9616644	76.01690592	4.859598214
25.82141128	17.3086096	54.66392811	2.206051008
2.642635181	3.359447729	1.074415287	92.9235018
2.783413712	1.482423322	90.34883545	5.385327512
12.46219358	30.96010832	24.35408379	32.22361431
22.32323438	24.18247111	27.81646291	25.67783161
>cisbp__M07806
44.28904429	18.64801865	34.26573427	2.797202797
0	100	0	0
100	0	0	0
0	69.9301	21.9114	8.1585
0	100	0	0
5.1282	0	0	94.8718
0	0	100	0
2.331	27.972	50.1166	19.5804
>cisbp__M09795
16	22	37	25
15	24	27	34
9	11	46	34
69	8	3	20
63	13	24	0
0	100	0	0
100	0	0	0
0	84	16	0
3	92	5	0
0	0	0	100
0	0	100	0
3	33	14	50
17	7	26	50
36	30	17	17
31	14	24	31
17.17171717	17.17171717	24.24242424	41.41414141
