>jaspar__MA1369.1
179	56	274	90
23	218	0	358
518	67	0	14
400	0	0	199
0	0	0	599
126	0	0	473
598	0	1	0
599	0	0	0
0	0	0	599
62	4	488	45
167	291	23	118
>jaspar__MA1375.1
121	3	334	140
38	513	1	46
598	0	0	0
0	1	0	597
0	1	0	597
473	0	2	123
598	0	0	0
192	1	0	405
8	0	42	548
339	8	228	23
109	284	35	170
>jaspar__MA1757.1
272	10	452	265
30	902	0	68
1000	0	0	0
0	0	0	1000
0	0	0	1000
790	2	8	200
995	0	5	0
462	0	0	538
10	0	70	920
452	15	395	138
175	382	88	355
>cisbp__M06918
21.7094	2.0513	50.5983	25.641
5.4701	85.641	0.3419	8.547
100	0	0	0
0	0	0	100
0	0.1709	0	99.8291
80.8547	0	0	19.1453
100	0	0	0
36.0684	0.5128	0	63.4188
1.1966	0.1709	5.9829	92.6496
59.3162	1.7094	32.3077	6.6667
16.75211675	41.36754137	9.914509915	31.96583197
>cisbp__M06920
21.74842175	4.690804691	53.51815352	20.04262004
0	97.8678	0	2.1322
99.7868	0	0	0.2132
0	0	0	100
0	0	0	100
79.1045	0	0.4264	20.4691
99.3603	0	0.6397	0
33.4755	0.2132	0	66.3113
3.838	0	9.8081	86.3539
44.1365	0.4264	51.3859	4.0512
14.9254	51.3859	8.1023	25.5864
