>hocomoco__BRCA1_HUMAN.H11MO.0.D
11	14	21	27
14	0	20	39
3	9	11	50
4	25	35	9
2	11	33	27
1	0	63	9
0	2	0	71
0	0	0	73
5	5	60	3
>cisbp__M06693
33.3898	27.2881	26.9492	12.3729
11.01691102	86.1017861	1.355901356	1.525401525
91.35599136	5.423705424	1.864401864	1.355901356
92.71180729	0.8474991525	4.576295424	1.864398136
0	100	0	0
98.6441	0	1.3559	0
29.99997	4.067795932	46.94915305	18.98308102
79.32207932	3.22030322	3.728803729	13.72881373
65.4237	1.8644	15.9322	16.7797
62.5424	5.0847	5.7627	26.6102
35.0847	18.6441	7.6271	38.6441
26.1017	32.3729	3.0508	38.4746
68.6441	12.3729	7.1186	11.8644
14.0678	33.0508	4.2373	48.6441
17.1186	48.4746	17.7966	16.6102
34.74576525	18.64408136	0	46.61015339
3.7288	15.5932	46.4407	34.2373
