>swissregulon__hs__NKX2-5
4002	1671	3711	1828
3936	1715	3666	1895
2164	4608	4317	123
34	10091	22	1065
7277	964	22	2949
168	10876	22	146
22	22	22	11146
258	6279	67	4608
5494	2242	2209	1267
6695	448	1771	2298
>cisbp__M00376
21.46166461	9.081762687	7.510246607	61.9463261
6.985920902	36.01360644	20.98686622	36.01360644
72.20641389	0.006470699115	26.0372675	1.749847913
99.18976384	0.002327489229	0.4261494481	0.3817592223
0.03088701264	0.01564788545	97.76635625	2.187108852
12.75811995	0.9013766512	8.38268214	77.95782126
33.1796948	1.032453581	62.92465676	2.863194864
3.856450025	39.63636787	36.22491267	20.28226943
18.43938326	29.50290614	19.7763894	32.28132119
19.61543621	28.1153817	16.88316241	35.38601968
>cisbp__M00496
21.62060146	15.38890248	9.812397445	53.17809861
8.917709288	32.3961344	13.17128534	45.51487097
80.32485263	0.4049786502	16.21730806	3.052860656
96.90528495	0.03451829033	1.70528808	1.354908682
1.91784169	0.01399857745	91.03102961	7.03713012
11.02269673	2.410794802	5.929598395	80.63691007
27.66919953	1.030784193	68.73921587	2.560800397
7.362318385	32.34226474	42.36721707	17.9281998
19.42234122	28.97472831	20.214982	31.38794847
18.07048297	27.77898589	19.18789923	34.96263192
>cisbp__M02149
19.35309713	16.32752714	13.77496019	50.54441553
13.72337963	32.75648377	24.75681786	28.76331874
68.45589616	0.1334791073	29.2590722	2.151552526
94.15749499	0.01185469675	2.900748652	2.92990166
1.592089466	1.455060212	93.22792322	3.724927106
26.13198316	2.25502255	7.338687213	64.27430708
46.87716906	1.293731602	47.82415069	4.004948642
14.11450929	39.53566973	27.86031558	18.4895054
20.10626914	29.1085418	18.93537118	31.84981788
17.53994132	24.39749935	23.44085972	34.6216996
