>hocomoco__ZN418_HUMAN.H11MO.0.C
26	6	21	447
19	8	457	16
108	272	9	111
13	28	4	455
1	25	11	463
16	221	29	234
29	143	11	317
291	9	178	22
9	17	317	157
5	335	12	148
5	278	1	216
110	60	70	260
90	323	59	28
78	114	6	302
40	51	143	266
103	188	119	90
64	235	82	119
>homer__ARGAGGMCAAAATGW_ZNF675
41.6	23.8	17.8	16.8
40.6	3	51.4	5
5.9	2	90.1	2
60.4	0.1	27.7	11.8
7.9	0.1	83.1	8.9
2	2	81.1	14.9
50.5	38.6	9.9	1
8.9	63.3	3	24.8
81.2	10.9	1	6.9
58.4	20.8	17.8	3
98.9	0.9	0.1	0.1
97.9	1.9	0.1	0.1
4.9	26.7	4.9	63.5
2.9	0.1	96	1
28.7	16.8	14.9	39.6
