>jaspar__MA0354.1
38	15	38	8
0	100	0	0
0	0	100	0
0	0	100	0
100	0	0	0
8	8	85	0
100	0	0	0
13	6	6	75
>jaspar__MA0432.1
8	8	18	68
0	100	0	0
0	0	100	0
0	0	100	0
100	0	0	0
10	0	80	10
90	0	0	10
33	3	3	63
>swissregulon__sacCer__GSM1
72.45	2.88	2.25	50.41
108.72	1.19	2.64	15.42
51.24	21.07	23.38	32.3
0.47	117.31	1.34	8.85
0.61	22.75	4.97	99.65
0.4	126.16	0.17	1.26
0.12	124.48	3.26	0.12
0.1	3.93	123.79	0.16
17.47	0.53	108.71	1.27
90.73	7.77	25.31	4.18
>swissregulon__sacCer__PDR8
0	128	0	0
0	0	128	0
0	0	128	0
128	0	0	0
10.24	10.24	108.8	0
128	0	0	0
16.64	7.68	7.68	96
>swissregulon__sacCer__YLR278C
16.64	53.76	16.64	39.68
0	128	0	0
0	0	128	0
0	0	128	0
122.88	0	5.12	0
5.12	17.92	104.96	0
29.44	2.56	6.4	89.6
34.56	6.4	6.4	80.64
>swissregulon__sacCer__YNR063W
173.27	4.02	4.75	76.5
37.91	3.61	0.23	214.22
23.65	211.02	1.97	19.33
0.98	0.85	1.92	252.23
0.3	255.03	0.19	0.45
0.11	252.34	3.36	0.17
0.35	0.29	255.07	0.27
194.31	25.92	25.05	13.26
>yetfasco__YLR266C_528
38.46153846	15.38461538	38.46153846	7.692307692
0	100	0	0
0	0	100	0
0	0	100	0
100	0	0	0
7.6923077	7.6923077	84.6153846	0
100	0	0	0
13.46153849	5.769230794	5.769230794	74.99999992
>scertf__badis.PDR8
1	97	1	1
1	1	97	1
1	1	97	1
97	1	1	1
8	8	83	1
97	1	1	1
13	6	6	75
>scertf__badis.YLR278C
1	97	1	1
1	1	97	1
1	1	97	1
94	1	4	1
4	14	81	1
23	2	5	70
27	5	5	63
>scertf__badis.YNR063W
7	7	17	66
1	97	1	1
1	1	97	1
1	1	97	1
97	1	1	1
10	1	79	10
88	1	1	10
32	3	3	62
>cisbp__M01388
22.90139845	24.5619372	19.71141632	32.82524803
19.89540371	39.27109436	16.28897887	24.54452306
4.393030361	93.6926061	0.1636572916	1.750706247
1.639132265	0.02884458484	95.98260666	2.34941649
1.473611462	0.6823013648	95.36543195	2.478655224
91.99866119	1.494473581	3.942338303	2.564526921
3.913760398	35.32174041	58.82098329	1.943515896
19.61426996	2.284751717	0.13618478	77.96479355
39.37737827	3.869756156	1.980187419	54.77267815
39.12314351	8.817286748	8.387262599	43.67230715
>cisbp__M01570
15.27684261	15.27684261	15.27684261	54.16947217
0.01835676726	99.9449297	0.01835676726	0.01835676726
0.01835676726	0.01835676726	99.9449297	0.01835676726
0.01835676726	0.01835676726	99.9449297	0.01835676726
62.00930438	10.39890383	27.57343502	0.01835676726
21.70731162	8.797803356	39.74125593	29.75362909
11.72261526	0.01835676726	9.092164008	79.16686397
18.18713931	0.01835676726	0.01835676726	81.77614715
70.77545753	9.741514157	9.741514157	9.741514157
>cisbp__M08683
13.39285711	41.96428574	13.39285711	31.25000003
0	100	0	0
0	0	100	0
0	0	100	0
96.4285714	0	3.5714286	0
3.5714286	14.2857143	82.1428571	0
23.2142857	1.7857143	5.3571429	69.6428571
26.78571427	5.357142895	5.357142895	62.49999994
