>jaspar__MA0036.3
3303	2978	3201	4731
1986	4099	2966	5162
940	10607	1223	1443
444	259	150	13360
417	34	21	13741
14098	14	43	58
145	77	48	13943
96	13786	126	205
2373	492	367	10981
2912	3714	3656	3931
3278	3874	2216	4845
>jaspar__MA0037.4
6300	4710	6344	7514
7292	5586	3631	8359
2016	3859	2551	16442
946	19702	2165	2055
794	928	280	22866
984	758	960	22166
22974	566	528	800
427	282	291	23868
294	23839	255	480
3100	903	608	20257
5201	6541	6712	6414
6236	6395	3953	8284
>jaspar__MA0199.1
0	5	0	22
0	0	27	0
27	0	0	0
0	0	0	27
26	0	1	0
>jaspar__MA0307.1
0	0	100	0
100	0	0	0
0	0	0	100
74	0	0	26
61	0	27	12
>jaspar__MA0309.1
18	39	2	41
0	0	100	0
100	0	0	0
0	0	0	100
100	0	0	0
73	9	0	18
4	38	59	0
39	18	27	16
>jaspar__MA0766.2
2498	6615	3535	2722
8021	2328	52	7348
0	0	15369	0
15369	0	0	0
0	0	0	15369
15369	0	0	331
15369	0	200	204
212	7594	7774	586
7190	3215	8179	668
5019	4579	3144	2626
>jaspar__MA1439.1
170	359	338	131
41	18	5	934
2	0	996	1
956	1	0	41
1	5	0	992
801	44	8	144
731	36	99	132
195	302	318	183
>jaspar__MA1793.1
195	388	245	173
116	225	29	630
132	103	93	673
962	4	14	20
18	36	15	931
23	933	15	29
43	637	69	251
412	102	282	205
245	233	222	300
368	162	159	311
>jaspar__MA1970.1
4680	3241	3880	6482
6018	3588	2830	5847
1359	2547	1749	12628
941	14262	1426	1654
645	560	320	16758
874	462	449	16498
17440	215	329	299
312	265	179	17527
252	17146	263	622
2790	792	716	13985
4075	4349	4750	5109
5019	4042	2784	6438
>swissregulon__hs__GATA1
623	2681	2087	326
4002	137	6	1572
6	6	5699	6
5699	6	6	6
6	6	6	5699
5699	6	6	6
5699	6	6	6
131	829	4751	6
1778	1355	2481	103
1767	1572	1669	709
>swissregulon__hs__GATA4
2609	1036	168	1543
0	0	2609	0
2609	0	0	46
0	0	0	2609
2609	201	69	642
2609	332	439	395
446	772	1103	288
951	538	897	223
>swissregulon__hs__GATA6
41.502233	12.832145	32.665057	9.529952
28.102876	29.232742	24.052807	15.140962
50.134034	12.666223	3.70024	30.02889
0	0	96.529387	0
96.529387	0	0	0
0	0	0	96.529387
77.226411	0.415174	5.241423	13.646379
86.865706	0.704335	7.869418	1.089928
21.587058	11.502399	53.325899	10.114031
18.554943	24.639425	39.270263	14.064756
>swissregulon__mm__Gata1
1423	560	1242	775
708	1633	1235	424
2782	31	10	1177
0	0	4000	0
4000	0	0	0
27	29	109	3835
3887	0	6	107
3550	4	383	63
799	681	2296	224
1432	897	1360	311
1487	829	1099	585
>swissregulon__mm__Gata2
1490	2804	2216	3295
206	3775	2392	3432
10	7599	1686	510
10	39	10	9746
10	10	10	9775
9775	10	10	10
10	10	10	9775
10	9775	10	10
2608	10	275	6912
657	3716	3716	1716
>swissregulon__mm__Gata6
30.28584392	26.99637024	26.99637024	29.71869328
57.0553539	12.36388385	7.259528131	37.3185118
1.020871143	0	112.9764065	0
111.9555354	1.13430127	0	0.9074410163
0.9074410163	0	0.9074410163	112.1823956
80.42196007	0	1.020871143	32.55444646
74.4668784	11.62658802	17.29809437	10.60571688
>swissregulon__sacCer__GAT1
0.31	18.24	9.74	11.6
1.24	99.95	10.83	8.4
0.13	4.61	0.08	115.03
1.2	0.02	0.03	118.01
118.97	0.05	0.19	0.07
0.07	0.09	2.04	117.25
0.1	118.98	0.06	0.12
34.47	2.32	46.69	36.57
>swissregulon__sacCer__GLN3
10.41	55.03	8.47	30.71
72.64	33.76	0.3	103.01
0.65	0.12	310.15	0.41
310.53	0.2	0.26	0.34
0.24	0.43	0.19	310.47
265.68	0.43	0.07	45.34
253.3	0.61	44.27	14.4
21.54	21.94	152.73	10.62
70.06	30.38	108.12	8.79
44.56	71	55.98	43.13
7.92	71.81	5.74	19.15
>hocomoco__GATA3_MOUSE.H11MO.0.A
194	71	141	94
141	184	125	50
364	9	4	123
3	0	496	1
494	3	2	1
9	10	25	456
434	11	3	52
372	19	90	19
101	153	214	32
255	117	115	13
265	48	70	117
54	152	90	204
134	198	55	113
>nitta__pnr_TATAAG20NAAG_KG_NNGATAASN_m1_c2
4850	3384	4718	2305
6216	3380	816	4846
30	123	15258	32
15258	1	0	39
0	0	0	15258
15258	139	0	132
15258	948	0	50
1384	4929	10329	1414
6514	2697	4474	1572
>nitta__srp_TATGCC20NCGG_KG_NNGATAANN_m1_c4
36777	38096	50907	27814
65728	32146	3419	52300
0	0	153594	0
153594	0	0	0
0	0	0	153594
153594	0	578	15825
153594	14715	23476	12474
20533	51872	64426	16762
53537	26159	57476	16422
>nitta__srp_TATGGT40NATA_KK_NNGATAASN_m1_c3
688	1282	1868	671
1550	1023	43	1895
0	0	4510	0
4510	0	0	0
0	0	0	4510
4510	0	0	200
4510	536	568	92
0	1928	2581	1021
1107	946	2075	380
>taipale_cyt_meth__GATA2_NWGATAASN_eDBD_meth_repr
1761	2197	2543	1905
4314	2060	523	4091
0	0	8405	0
8405	0	0	0
0	0	0	8405
8405	1219	424	1316
8405	1124	2322	2052
23	4448	3957	1028
3022	1445	3247	691
>taipale_cyt_meth__GATA2_NYGATAASN_eDBD_repr
2140	1251	3109	707
2466	4301	654	2905
0	0	7207	0
7207	0	0	0
0	0	0	7207
7207	813	96	406
7207	2676	1607	2055
83	3855	3351	1371
2083	1543	2857	724
>taipale_cyt_meth__GATA4_NWGATAASRN_eDBD
1146	2033	2207	936
3358	2644	401	2963
0	0	6321	0
6321	0	64	0
0	0	0	6321
6321	0	0	0
6321	0	0	112
0	3803	2518	409
2586	2054	3735	932
1410	2030	1191	1689
>taipale_cyt_meth__GATA4_NWGATAASRN_eDBD_meth
5404	6286	6278	5019
12490	2302	211	10497
0	0	22987	0
22987	0	0	0
0	0	0	22987
22987	505	0	2827
22987	204	1716	2405
1479	10488	12499	2544
11704	5259	11283	2597
6632	5283	4747	6325
>taipale_cyt_meth__GATA5_NWGATAASRN_FL_meth
4424	6477	5232	4897
11213	788	177	9816
0	0	21029	0
21029	0	0	0
0	0	0	21029
21029	213	0	1275
21029	0	833	629
922	8635	12393	1850
11163	3822	9865	1487
6810	4586	4562	5071
>taipale_cyt_meth__GATA5_NWGATAASRN_eDBD
3034	6046	5266	3603
9376	5609	891	8572
0	0	17949	0
17949	0	0	0
0	0	0	17949
17949	270	65	1390
17949	1083	1789	1499
1099	7692	10256	1452
6780	4137	11169	1613
4846	4424	4875	3804
>taipale_cyt_meth__GATA5_NWGATAASRN_eDBD_meth
7655	12761	9337	8836
20058	1400	175	18531
0	0	38589	0
38589	0	0	0
0	0	0	38589
38589	403	0	3166
38589	0	2157	1918
2842	16269	22319	3670
20228	7703	18361	2802
12286	8577	8810	8916
>transfac_public__M00348
15	5	7	4
7	7	11	6
17	5	0	9
0	0	31	0
31	0	0	0
0	0	0	31
30	1	0	0
29	0	0	2
4	9	17	1
17	3	7	4
>transfac_public__M00350
20	7	8	6
10	5	23	3
26	6	2	7
0	0	41	0
41	0	0	0
0	0	0	41
31	5	1	4
34	2	0	5
6	8	15	12
27	2	6	6
>homer__NBWGATAAGR_Gata4
26.6	27.9	30.2	15.3
16.28371628	34.26573427	29.97002997	19.48051948
50.4	11.1	0.6	37.9
0.1	0.1	99.7	0.1
99.7	0.1	0.1	0.1
0.1	0.1	0.1	99.7
86.2	0.1	0.5	13.2
96.3	0.1	1.9	1.7
10	25.2	63.6	1.2
39.83983984	20.92092092	35.13513514	4.104104104
>scertf__badis.GZF3
18	39	2	41
1	1	97	1
97	1	1	1
1	1	1	97
97	1	1	1
72	9	1	18
4	37	57	1
>scertf__zhu.GAT1
1	46	24	28
1	85	13	1
1	1	1	97
3	1	1	95
97	1	1	1
1	1	1	97
1	97	1	1
22	1	65	10
2	31	42	23
>cisbp__M00165
22.92670173	28.00273673	26.3719843	22.69857724
43.5295145	19.17177609	4.069170632	33.22953877
0.4967935345	0.3231687124	98.53573127	0.6443064818
99.18177007	0.05709459811	0.007650029535	0.7534852991
0.2971065874	0.4567293368	0.1257242422	99.12043983
75.55774689	2.0439766	1.179271912	21.2190046
63.81461488	8.052497065	15.11945368	13.01343438
18.0992155	28.9586397	35.72563845	17.21650635
>cisbp__M00666
17.26162629	35.10999699	33.06534994	14.56302678
5.255583866	2.179926379	0.7939705613	91.77051919
0.4768526199	0.01289974406	99.42983209	0.08041554236
93.78487474	0.8113981516	0.5438964464	4.859830659
0.2816544343	0.7968615175	0.1384737683	98.78301028
77.48793671	5.104498804	0.9609069217	16.44665757
70.69196347	4.341986212	11.11540402	13.8506463
21.03376941	29.25730287	32.6592856	17.04964212
>cisbp__M00668
31.59759112	20.5545204	25.35766085	22.49022763
20.77392319	23.42253299	30.68268556	25.12085826
49.57712366	18.42170356	3.682270374	28.3189024
6.642331089	4.970214358	82.55485397	5.83260058
88.68966923	0.1503398945	5.079147408	6.080843466
8.318642423	3.737806983	0.7178454898	87.2257051
89.42447042	1.086970386	0.2499221934	9.238636996
64.58363918	7.156071202	18.50352243	9.756767195
16.37241207	22.77350338	42.75977087	18.09431368
34.10662921	21.74734694	30.55388268	13.59214117
>cisbp__M00799
24.86500398	26.13985999	24.13013205	24.86500398
39.22262698	21.96068478	7.023444726	31.79324352
2.57615986	1.13462235	94.28290247	2.006315317
93.11836941	1.810986046	0.9174763041	4.153168238
2.091012757	2.04960793	0.5003980094	95.3589813
65.26102987	6.675172672	2.824679968	25.23911749
54.16660527	11.04595812	15.83249668	18.95493993
19.60604857	28.66962269	35.01715622	16.70717252
28.61298118	22.50776819	30.99607248	17.88317814
>cisbp__M01075
16.46659786	38.52602384	16.46659786	28.54078043
16.01715743	44.86511243	22.27935549	16.83837465
10.42668003	17.5379641	3.017316647	69.01803922
13.3436588	8.944521981	6.828064668	70.88375455
92.7371068	0.0943983847	1.750267586	5.418227227
3.495868597	3.566489827	3.675105612	89.26253596
2.459158601	93.67386786	1.750356111	2.116617423
16.25935697	34.07856371	18.51661721	31.14546212
25.36881846	21.8351444	22.72625355	30.06978359
22.901636	23.59909465	27.41823626	26.0810331
>cisbp__M01080
16.81585022	37.42436291	18.03513693	27.72464994
16.50362019	39.78857308	22.72759358	20.98021315
11.14433383	18.37390023	1.700515078	68.78125087
6.264929993	3.43826648	6.786717642	83.51008589
97.15961273	0.6546563216	1.016489596	1.169241349
0.9153178954	3.131512618	2.120212146	93.83295734
1.636418444	96.78673767	0.678758407	0.8980854836
7.487905705	55.88461652	8.030840129	28.59663764
27.90999932	16.42796431	20.88403567	34.77800071
>cisbp__M01230
32.05044987	20.64165703	4.044311072	43.26358204
2.335415927	2.134409447	92.59082012	2.939354509
96.62265546	0.4407899782	0.5950042344	2.341550327
1.281092982	0.4394258043	0.987788775	97.29169244
80.43447221	4.84255679	1.293617871	13.42935313
44.78315991	21.36666878	14.3225064	19.52766492
17.36111557	30.09120596	33.92773998	18.61993849
29.73460771	24.10240457	30.64016133	15.52282638
>cisbp__M01269
18.73605506	36.98268187	18.73605506	25.54520801
18.63877476	39.45828648	24.17318777	17.72975099
14.33601489	22.93754057	5.169494431	57.55695011
16.84207493	12.22985649	10.95592292	59.97214566
95.2984425	0.3220699466	1.293062542	3.086425015
2.702165558	8.199338742	4.826171532	84.27232417
3.891350115	89.9052349	2.854098897	3.349316083
13.32927734	43.37845632	13.32927734	29.96298899
29.46821227	19.16934009	23.88646863	27.47597901
>cisbp__M01280
15.8361215	41.35914268	18.21587564	24.58886017
14.69620654	46.87991827	22.81890598	15.6049692
9.31766405	18.57677155	2.56488068	69.54068372
10.91066144	6.422069544	8.246100522	74.4211685
98.12338985	0.465904672	0.874787541	0.535917937
0.9023300813	3.885396811	2.710749372	92.50152374
1.194215244	96.30201756	0.5930297398	1.910737456
10.37856645	49.38974248	10.27529798	29.95639309
31.08948076	17.23374745	23.26312579	28.413646
>cisbp__M01285
19.98453666	36.78016875	18.08275655	25.15253804
17.37425567	39.44824468	24.1670359	19.01046376
12.82157635	22.22303591	3.93979781	61.01558993
13.86183588	9.671074733	8.492126536	67.97496285
97.29529688	0.3456773867	0.7465823544	1.612443374
1.511460782	4.586313711	3.607722144	90.29450336
1.477694965	95.62969769	1.105705307	1.786902042
11.67314627	43.69750529	13.83623691	30.79311153
26.14378036	21.19173649	23.1874531	29.47703005
22.08131271	22.75378879	25.65482523	29.51007327
>cisbp__M01545
38.2278039	26.67063378	4.728287574	30.37327475
0.1667214831	0.1554500805	99.3420926	0.335735838
99.83635557	0.007252075341	0.0001688554395	0.1562235011
0.02470117057	0.5764281114	0.00451249689	99.39435822
73.64645475	2.636035294	0.8600850546	22.8574249
60.36325819	8.251381263	22.88268731	8.502673234
16.976618	28.84212481	37.03402133	17.14723585
>cisbp__M01546
24.7803621	27.11403495	23.57180958	24.53379338
26.16699816	29.79972021	15.40202516	28.63125647
5.278021014	2.98485515	87.66749736	4.069626473
92.60753317	2.199808895	1.103371498	4.089286441
5.868740978	2.269682893	2.772196945	89.08937918
70.59843533	4.250378264	1.414828019	23.73635839
46.64908768	15.52813237	20.13890206	17.68387789
19.98326592	27.51951032	36.77783004	15.71939373
>cisbp__M02287
16.95051841	34.82370796	22.42773625	25.79803737
14.70878674	22.38620795	3.851432099	59.05357321
13.99532886	10.89957308	10.4721947	64.63290336
96.36098029	0.4809948825	1.148091905	2.009932926
1.487853033	3.924873663	2.996168073	91.59110523
1.429701917	95.34157528	1.158893851	2.069828954
4.681008965	61.16124132	8.789111954	25.36863776
43.11451033	9.242936214	31.62220637	16.02034709
29.42188532	24.08860232	16.47326553	30.01624683
37.40081476	14.03694089	14.03694089	34.52530347
>cisbp__M02312
15.8964632	47.75561463	14.67428503	21.67363715
13.95648502	49.69698543	22.10810484	14.23842472
7.844977028	16.6078165	1.116136824	74.43106965
9.70966695	6.253379153	6.316226658	77.72072724
98.35909583	0.06915707074	0.08197221145	1.489774886
5.238979432	2.026128268	0.3349167502	92.39997555
3.351348084	93.6311079	2.291857624	0.7256863941
4.732852888	72.56829858	3.506183656	19.19266487
42.16178491	5.373686867	30.00950726	22.45502096
21.41945822	23.20342209	18.6211824	36.75593729
>cisbp__M02346
19.52596616	36.66216063	22.01546537	21.79640783
14.84469654	23.04946748	4.843524541	57.26231143
15.92879633	10.78470106	11.22483306	62.06166955
97.30234983	0.3354853936	1.080931468	1.281233313
1.130943098	5.545861002	2.123470725	91.19972518
1.400773888	96.25730442	1.124147377	1.217774316
4.869426692	58.14711167	8.961845777	28.02161586
37.94971623	11.31650214	28.39639006	22.33739157
27.07110702	24.00991806	20.45990255	28.45907236
32.57996841	16.83900015	16.6714493	33.90958214
>cisbp__M02365
31.15764382	19.47359806	26.28660786	23.08215026
17.98473554	36.94843798	19.28877601	25.77805047
17.33473412	40.55715612	24.59915866	17.5089511
14.66703457	23.70301912	5.615903196	56.01404311
16.72695859	12.51617371	11.78728849	58.96957921
92.95106068	1.900416602	1.75430563	3.394217084
3.304443163	9.348986817	4.642569459	82.70400056
3.335607369	88.6463432	3.237025273	4.781024157
11.46158791	44.2122218	12.54097474	31.78521556
28.42310878	19.83013011	24.7098637	27.03689741
>cisbp__M02739
44.61378594	21.51021822	3.359889158	30.51610669
2.637528259	0.3014318011	97.06103994	0
93.74090247	1.237263464	1.382823872	3.639010189
0.2321981424	0	0.0773993808	99.69040248
73.30677291	7.512805919	3.301081389	15.87933978
70	4.836956522	12.06521739	13.09782609
>cisbp__M07121
6.7001933	47.4036526	6.7001933	39.1959608
15.2429	68.5092	12.0603	4.1876
0	0.335	0	99.665
0.1675	6.0302	0	93.8023
100	0	0	0
0	0	0	100
0	100	0	0
12.3953	50.4188	0.67	36.5159
37.85593786	9.045209045	11.22281122	41.87604188
26.96817303	32.66326734	6.03019397	34.33836566
50.41874958	3.182596817	4.02009598	42.37855762
>cisbp__M07963
27.74327226	17.39128261	36.64596335	18.21948178
7.867492133	51.96684803	32.50516749	7.66049234
64.8033	5.5901	0	29.6066
0.207	0	99.793	0
100	0	0	0
0	0	0	100
94.4099	0	0	5.5901
85.92138592	0.207000207	12.21531222	1.656301656
9.9379	20.911	65.4244	3.7267
31.2629	22.9814	39.7516	6.0041
31.26293126	28.15732816	27.32922733	13.25051325
>cisbp__M07966
34.1902	13.6247	28.7918	23.3933
20.5656	41.3882	29.0488	8.9974
62.2108	0	0	37.7892
0	0	100	0
100	0	0	0
0	0	0	100
89.4602	0	2.3136	8.2262
85.34708535	0	14.13881414	0.5141005141
16.7095	24.1645	50.6427	8.4833
49.6144	17.4807	23.6504	9.2545
43.44474344	13.88171388	15.68121568	26.99232699
>cisbp__M07969
34.12016588	14.80688519	30.68666931	20.38627961
19.9571	41.6309	32.1888	6.2232
69.0987	0	1.073	29.8283
0	0	100	0
100	0	0	0
0	0	0	100
92.48920751	0	0.6437993562	6.866993133
87.9828	0	8.5837	3.4335
17.1674	15.4506	61.1588	6.2232
39.2704	22.3176	32.4034	6.0086
>cisbp__M07970
16.5236	41.8455	33.2618	8.3691
68.0258	0	0	31.9742
0	0	100	0
100	0	0	0
0	0	0	100
78.54072146	1.287598712	3.862696137	16.30898369
71.6738	0	23.6052	4.721
17.382	20.8155	51.9313	9.8712
38.412	21.6738	33.691	6.2232
40.12875987	15.23608476	21.67377833	22.96137704
>cisbp__M09557
53.7	1.2	17.2	27.9
38.1	12.1	18.9	30.9
15	0.8	0.2	84
0.1	0.1	99.7	0.1
99.7	0.1	0.1	0.1
0.1	0.9	0.1	98.9
96.9	0.1	2.1	0.9
87	0.7	1.9	10.4
11.4	19	66.4	3.2
71.3	7.4	13.8	7.5
