>kznf__ZNF708_Schmitges2016_RCADE
27.9052	20.5657	29.4343	22.0948
28.211	22.4006	26.9878	22.4006
24.5413	27.2936	22.4006	25.7645
40.1376	26.0703	15.6728	18.1193
38.3027617	12.61468739	27.90517209	21.17737882
23.0122	21.1774	35.8563	19.9541
46.86544687	20.25992026	15.97861598	16.8960169
43.19571728	8.333333333	40.13761606	8.333333333
17.20181204	5.275233693	56.95723987	20.5657144
20.25990203	7.110090711	41.66670417	30.9633031
93.04281377	0.07645261131	6.804281007	0.07645261131
0.07645260367	0.07645260367	98.54740473	1.299690062
0.9938842326	5.581041306	93.34862184	0.07645261789
0.07645266453	32.18652717	0.3822633226	67.35475685
95.79510671	1.605500112	0.3822630268	2.217130155
0.07645262431	99.46483163	0.3822631216	0.07645262431
92.73700445	0.07645260367	7.110090341	0.07645260367
0.07645262431	0.07645262431	99.46483163	0.3822631216
4.357799564	86.62079134	2.828749717	6.192659381
22.40060448	44.11310882	3.746180749	29.74010595
27.29357271	27.29357271	23.62387638	21.78897821
