>homer__NTAATTDGCYAATTANNWWD_Pax7
25.02502503	27.62762763	19.71971972	27.62762763
13.6	17.1	1	68.3
92.8	0.8	6	0.4
99	0.1	0.1	0.8
0.7	0.1	0.1	99.1
0.1	10	8.3	81.6
40.75924076	1.498501499	31.16883117	26.57342657
15.98401598	19.38061938	43.75624376	20.87912088
21.9	44	19.5	14.6
24.4	29.6	2.4	43.6
87.3	5.1	7.5	0.1
97.4	0.1	0.1	2.4
0.1	0.1	0.1	99.7
0.1	4.8	0.3	94.8
67.2	0.1	20.4	12.3
26.9	21	26.3	25.8
32	29.1	18.6	20.3
34.7	19.2	17.5	28.6
36.8	17	15.4	30.8
33.13313313	16.91691692	19.81981982	30.13013013
