>cisbp__M01066
12.01041424	19.21659304	41.50334915	27.26964357
40.9876097	15.23004039	31.92118253	11.86116738
57.06042185	4.411041102	6.580500058	31.94803699
54.83660075	0.8907939534	3.648652306	40.62395299
36.22150758	10.07093019	9.021883037	44.6856792
15.5865306	33.66326279	10.44796391	40.30224271
27.14554377	35.91707824	25.56471037	11.37266762
15.24121558	50.09911329	19.57010818	15.08956295
0.0001705299389	1.044355884	97.84653834	1.108935246
1.571469007	9.043179748	86.66159785	2.723753398
>cisbp__M01067
35.91761455	15.35172478	37.01146876	11.7191919
60.44845784	5.113024285	3.195651776	31.2428661
54.1993139	0.2447955885	2.059922272	43.49596824
32.70967309	6.28188973	8.147171792	52.86126539
14.33784541	33.54549487	13.91409804	38.20256169
33.06821019	36.91331787	19.85731402	10.16115792
15.72915966	45.85646963	21.87875978	16.53561093
0.09451814241	0.05848625675	99.58748649	0.2595091077
0.03695767612	9.134131298	84.94619779	5.882713231
39.47523276	11.77140702	33.63857442	15.1147858
>cisbp__M06959
6	67.3333	26.1667	0.5
2.166697833	97.66660233	0.1666998333	0
15.66668433	4.166695833	63.66663633	16.4999835
7.8333	17.8333	56.6667	17.6667
43.6667	9.5	22.8333	24
23	0	4.8333	72.1667
1.1667	7.3333	1.5	90
9.333309333	15.33331533	0.8333008333	74.5000745
6.5	18.3333	7.1667	68
21	51.5	19	8.5
14	64.1667	11.5	10.3333
0	0	97.3333	2.6667
1.3333	25.6667	69.3333	3.6667
34.3333	37.6667	11.8333	16.1667
36	7.3333	41	15.6667
35	18.5	28	18.5
>cisbp__M06960
2.5	74.5	21.5	1.5
1.8333	97.6667	0.5	0
11.3333	7.8333	62.6667	18.1667
7.5	11.6667	63	17.8333
72.3333	0.5	21.5	5.6667
79.16662083	0	13.16668683	7.666692333
90.33339033	0.8333008333	4.333304333	4.5000045
66.6667	2.8333	1.8333	28.6667
14.3333	23.1667	7.1667	55.3333
17.5	65.8333	11.5	5.1667
17.8333	62.6667	4.3333	15.1667
0	0	99.1667	0.8333
1.1667	23.3333	71.6667	3.8333
46.1667	20.5	15.5	17.8333
34.8333	6.6667	37.6667	20.8333
>cisbp__M06962
4	58.6667	34	3.3333
4.8333	95.1667	0	0
11.5000115	7.833307833	67.83336783	12.83331283
6.8333	10.8333	68.1667	14.1667
69	1	19.5	10.5
69.3333	0.3333	21.1667	9.1667
78.4999215	1.166698833	12.66668733	7.666692333
64.3333	8.1667	1.8333	25.6667
17.000017	21.83332183	12.33331233	48.83334883
23	49.5	17.1667	10.3333
15.5000155	60.83336083	6.333306333	17.33331733
0	0.1666998333	96.66660333	3.166696833
1.6667	28.3333	67.1667	2.8333
42.6667	38.6667	6.8333	11.8333
24.66667533	2.666697333	57.66664233	14.999985
26.6667	14.5	41.3333	17.5
40.999959	21.66667833	13.16668683	24.16667583
39.3333	10	28.5	22.1667
38.1667	14	20	27.8333
>cisbp__M06963
2.6801	97.3199	0	0
20.4355	6.7002	49.9162	22.9481
10.88778911	15.41038459	55.10884489	18.59298141
45.7286	9.3802	22.6131	22.2781
26.2982	0.1675	4.1876	69.3467
11.7253	4.0201	1.34	82.9146
8.2077	15.0754	0.335	76.3819
9.0452	16.5829	3.5176	70.8543
21.1055	58.794	14.4054	5.6951
16.9179	59.799	7.2027	16.0804
0	0	100	0
0.1675	28.6432	71.1893	0
37.1859	37.0184	10.5528	15.2429
33.3333	7.3702	46.5662	12.7303
44.3886	13.9028	27.1357	14.5729
>cisbp__M08680
0.9	1.9	95.5	1.7
2.4	2.1	94.8	0.7
57.94205794	25.27472527	7.592407592	9.190809191
58.3	6.4	24.2	11.1
66.3	3.3	1.2	29.2
6.6	6.2	4	83.2
87.18718719	1.201201201	0.9009009009	10.71071071
22.6	17.2	10.3	49.9
1.6	97.3	0.4	0.7
2.5	0.7	96	0.8
1.998001998	32.86713287	61.53846154	3.596403596
