>jaspar__MA0971.1
590	118	126	166
139	159	137	565
2	0	997	1
10	14	3	973
5	991	4	1
0	0	994	6
48	0	948	3
16	504	19	461
341	240	279	140
322	205	322	152
>jaspar__MA1009.1
2	4	77	917
2	3	991	3
1	16	2	981
2	990	1	6
2	8	980	10
3	24	964	10
618	124	212	46
575	95	191	139
>jaspar__MA1748.1
189	273	235	302
259	68	638	35
3	767	7	222
0	982	14	4
4	1	993	2
962	19	4	15
20	970	9	0
527	149	168	155
148	148	130	573
>cisbp__M00840
20.98179995	26.40769362	21.62079089	30.98971554
35.17068711	6.235214514	54.06640336	4.527695016
0.01912942316	72.49172005	0.008769042573	27.48038148
0.05925241512	98.89426612	0.01184382389	1.034637642
4.716337387	0.07072419964	85.71540123	9.49753718
75.9544863	8.936413166	6.172687367	8.936413166
12.37442516	86.11054304	0.0147816587	1.500250142
44.31075505	15.81924798	18.93907836	20.93091861
17.92409087	19.80918396	16.38138561	45.88533956
>cisbp__M00843
18.64451959	38.68888104	16.20876665	26.45783271
54.28376517	2.784936852	41.02678714	1.90451084
1.138667689	97.50063438	0.6125399497	0.748157984
1.505375546	95.49199274	1.05026488	1.952366837
2.326394933	0.8907600698	95.04208843	1.740756572
87.1913449	4.21270547	2.852241199	5.743708436
1.534026285	95.38256809	1.388044383	1.695361238
58.94631882	6.275336942	25.96182473	8.816519516
23.55125425	27.36265365	25.76917675	23.31691535
>cisbp__M00850
20.80128594	28.07879903	26.70937985	24.41053518
20.54853382	46.19121327	14.48030704	18.77994587
54.69602847	2.949958497	37.03232208	5.321690954
0.479089115	93.1425713	5.496608933	0.8817306499
2.351541127	97.03491976	0.4747679655	0.1387711525
3.970828066	5.413926709	86.39887486	4.216370361
49.14387598	22.75425681	11.07568584	17.02618138
9.790331496	75.29361343	5.319585127	9.596469943
34.52657233	27.70822332	17.84510499	19.92009936
26.55429017	25.0078887	19.671902	28.76591913
>cisbp__M01094
14.43822237	41.67406617	20.08310714	23.80460432
13.95218124	50.18096928	9.930748542	25.93610094
59.23629081	0.8794437929	39.31217921	0.5720861856
0.5118909486	98.52953308	0.05341606865	0.9051598983
0.7069878424	98.81586708	0.06100851656	0.4161365576
0.2108995555	0.646376389	98.85228842	0.2904356333
89.87542369	3.813031457	2.222037418	4.089507433
0.4423560915	98.92479496	0.06485248277	0.5679964646
70.49477149	4.118703973	18.45875058	6.927773963
22.79632677	28.40597233	29.56524205	19.23245884
>cisbp__M06565
15.1515	28.7879	9.8485	46.2121
21.96972197	35.98483598	23.48482348	18.56061856
23.8636	12.5	26.5152	37.1212
13.2576	32.5758	14.3939	39.7727
19.6969803	28.78787121	23.10607689	28.40907159
36.3636	0.3788	60.6061	2.6515
0.3788	58.7121	0.3788	40.5303
0	100	0	0
0	0.7576	99.2424	0
98.8636	0.3788	0.3788	0.3788
0	99.2424	0.7576	0
75	3.7879	9.8485	11.3636
18.9394	26.8939	1.1364	53.0303
