>jaspar__MA1352.1
253	4	8	42
19	250	11	27
17	263	14	13
30	218	11	48
29	0	3	275
302	0	2	3
304	0	1	2
307	0	0	0
4	302	0	1
13	290	0	4
1	296	6	4
3	2	2	300
296	2	2	7
295	9	2	1
306	0	0	1
3	288	1	15
6	292	4	5
24	272	0	11
13	8	1	285
290	4	6	7
263	8	28	8
>jaspar__MA1353.1
187	94	223	96
187	71	242	100
278	23	230	69
254	10	77	259
2	107	1	490
3	1	0	596
595	0	4	1
0	1	599	0
0	0	597	3
0	3	566	31
1	28	0	571
22	1	0	577
77	33	19	471
229	120	73	178
76	82	281	161
>jaspar__MA1354.1
0	35	0	7
3	3	0	36
41	0	0	1
41	0	0	1
39	1	1	1
0	42	0	0
4	35	1	2
0	41	0	1
1	0	1	40
38	0	1	3
40	0	2	0
39	0	3	0
1	36	0	5
0	39	2	1
6	32	1	3
1	1	0	40
42	0	0	0
34	2	1	5
36	1	2	3
2	35	2	3
7	28	0	7
0	39	0	3
8	0	0	34
38	3	0	1
40	0	0	2
40	0	1	1
5	35	0	2
0	39	1	2
0	32	4	6
>jaspar__MA1356.1
335	34	21	35
317	24	18	66
44	303	22	56
23	344	28	30
47	272	15	91
72	0	4	349
423	0	1	1
419	1	2	3
422	2	0	1
7	416	0	2
6	414	2	3
0	416	0	9
4	3	0	418
407	2	13	3
422	1	2	0
409	4	2	10
27	350	1	47
18	383	0	24
54	303	7	61
37	43	7	338
337	28	15	45
>jaspar__MA2032.1
1648	1082	1087	1126
2956	451	682	854
4615	128	96	104
4355	40	443	105
138	4706	35	64
86	4755	36	66
71	4767	55	50
108	44	57	4734
4824	34	44	41
2829	372	1303	439
1714	1073	474	1682
>scertf__zhu.TBF1
95	1	1	3
69	1	28	1
3	95	1	1
1	97	1	1
1	97	1	1
1	2	1	96
96	1	2	1
83	1	6	10
>cisbp__M07033
21.3058	52.921	7.9038	17.8694
23.71132371	54.63925464	11.68381168	9.965609966
20.27487973	15.80758419	17.52578247	46.39175361
73.53957354	1.030901031	7.56010756	17.86941787
96.9072	1.0309	0.6873	1.3746
96.9072	0	3.0928	0
3.4364	96.5636	0	0
0	100	0	0
0	100	0	0
0	0	0	100
99.31279931	0	0.3436003436	0.3436003436
83.1615	0	16.8385	0
47.4227	14.0893	0.6873	37.8007
3.0928	44.3299	5.4983	47.079
12.71478729	53.95184605	9.278390722	24.05497595
>cisbp__M07092
94.7368	0	1.3158	3.9474
94.7368	0	2.6316	2.6316
94.7368	0	0	5.2632
0	86.8421	2.6316	10.5263
7.894707895	82.89478289	2.631602632	6.578906579
0	85.5263	1.3158	13.1579
3.947396053	1.315798684	1.315798684	93.42100658
94.7368	0	0	5.2632
100	0	0	0
98.6842	0	0	1.3158
0	98.6842	1.3158	0
2.6316	97.3684	0	0
2.631597368	93.42100658	3.947396053	0
2.631597368	0	3.947396053	93.42100658
96.0526	0	1.3158	2.6316
89.4737	7.8947	0	2.6316
96.0526	0	2.6316	1.3158
1.3158	90.7895	0	7.8947
9.210509211	81.57898158	2.631602632	6.578906579
9.2105	80.2632	2.6316	7.8947
>cisbp__M07093
86.5385	2.8846	1.9231	8.6538
81.73071827	1.923098077	3.846196154	12.4999875
83.65388365	0.9615009615	0.9615009615	14.42311442
0	81.7308	4.8077	13.4615
8.6538	84.6154	4.8077	1.9231
6.730793269	72.11532788	4.807695192	16.34618365
11.5385	1.9231	0.9615	85.5769
99.0385	0	0.9615	0
100	0	0	0
97.1154	2.8846	0	0
1.9231	98.0769	0	0
0.9615	99.0385	0	0
0	98.0769	0	1.9231
4.8077	0	0	95.1923
95.1923	0	3.8462	0.9615
95.1923	0	2.8846	1.9231
93.2692	0	1.9231	4.8077
6.7308	76.9231	0.9615	15.3846
13.46151346	72.11547212	0.9615009615	13.46151346
3.8462	73.0769	0.9615	22.1154
10.5769	9.6154	4.8077	75
>cisbp__M07148
93.75	0	0	6.25
91.6667	0	0	8.3333
97.9167	0	0	2.0833
0	91.6667	2.0833	6.25
10.41668958	81.24991875	4.166695833	4.166695833
4.166695833	74.999925	10.41668958	10.41668958
0	0	0	100
97.9167	0	0	2.0833
97.9167	0	2.0833	0
100	0	0	0
0	89.5833	0	10.4167
8.333308333	89.58338958	0	2.083302083
0	97.9167	2.0833	0
2.0833	0	0	97.9167
97.9167	0	0	2.0833
89.5833	4.1667	0	6.25
95.8333	0	4.1667	0
0	89.58338958	2.083302083	8.333308333
16.6667	81.25	0	2.0833
6.25	93.75	0	0
4.1667	2.0833	0	93.75
97.9167	0	0	2.0833
91.6667	0	0	8.3333
>cisbp__M07306
4	8	0	88
0	0	0	100
92	0	0	8
8	0	92	0
12	0	88	0
8	0	84	8
4	0	4	92
16	16	0	68
4	0	0	96
100	0	0	0
12	4	84	0
8	0	84	8
4	4	88	4
8	4	0	88
12	4	0	84
8	0	0	92
100	0	0	0
0	0	92	8
0	4	96	0
8	4	88	0
0	0	0	100
8	4	0	88
4	0	0	96
>cisbp__M07307
8.571408571	0	82.85718286	8.571408571
22.8571	11.4286	60	5.7143
0	2.857102857	14.28571429	82.85718286
8.571408571	2.857102857	0	88.57148857
0	0	0	100
91.4286	0	0	8.5714
5.7143	0	94.2857	0
0	0	100	0
2.8571	0	91.4286	5.7143
2.8571	0	5.7143	91.4286
17.1429	8.5714	5.7143	68.5714
0	0	2.8571	97.1429
97.1429	0	0	2.8571
2.8571	5.7143	91.4286	0
5.7143	0	85.7143	8.5714
11.42858857	5.714294286	77.14282286	5.714294286
8.5714	0	5.7143	85.7143
8.5714	11.4286	0	80
5.7143	2.8571	0	91.4286
100	0	0	0
5.714305714	2.857102857	88.57148857	2.857102857
5.7143	0	91.4286	2.8571
0	5.7143	91.4286	2.8571
2.8571	0	0	97.1429
11.4286	0	0	88.5714
2.8571	0	0	97.1429
85.71438571	8.571408571	2.857102857	2.857102857
2.857102857	0	94.28579429	2.857102857
2.857102857	0	88.57148857	8.571408571
11.4286	0	85.7143	2.8571
>cisbp__M07342
29.0323	0	66.129	4.8387
0	1.6129	0	98.3871
1.612901613	3.225803226	24.19352419	70.96777097
1.6129	0	0	98.3871
72.5806	27.4194	0	0
25.8065	0	74.1935	0
4.8387	0	67.7419	27.4194
0	0	100	0
1.6129	0	0	98.3871
0	1.6129	29.0323	69.3548
3.2258	3.2258	0	93.5484
100	0	0	0
0	1.6129	64.5161	33.871
3.2258	1.6129	93.5484	1.6129
29.0323	1.6129	69.3548	0
0	1.6129	0	98.3871
0	0	0	100
3.225803226	0	24.19352419	72.58067258
100	0	0	0
0	1.6129	98.3871	0
1.6129	0	64.5161	33.871
>cisbp__M08597
34	6	38	22
40	26	12	22
6	54	0	40
12.7659574	65.9574468	2.1276596	19.1489362
86	0	0	14
82	2	14	2
0	100	0	0
0	100	0	0
0	100	0	0
2	2	0	96
85.7142857	8.1632653	4.0816327	2.0408163
35.2941176	21.5686275	23.5294118	19.6078431
12	38	28	22
13.04347829	30.43478257	47.82608695	8.695652191
26.0869565	23.9130435	41.3043478	8.6956522
