>kznf__ZNF707_Imbeault2017_OM_RCADE
17.67400353	4.487180897	32.69230654	45.14650903
65.29301306	14.0110028	14.0110028	6.684981337
2.655678938	86.90476524	2.655678938	7.783876886
19.87180795	72.61902905	3.021981209	4.487181795
72.2527289	2.289380916	22.80220912	2.655681062
5.586078045	0.4578748397	85.07327022	8.882776891
9.615377115	0.4578748626	89.46887316	0.4578748626
98.62637426	0.4578748805	0.8241757849	0.0915750761
5.219778121	0.8241757033	92.03296687	1.923079308
4.487181795	20.2381081	7.051282821	68.22342729
17.67400707	4.120881648	69.68862788	8.516483407
5.586078324	0.4578748626	93.49817195	0.4578748626
0.09157507683	0.09157507683	99.72527477	0.09157507683
6.684977921	0.8241757437	92.39927126	0.09157507152
7.783883114	10.71430429	8.15018326	73.35162934
>kznf__ZNF707_Imbeault2017_RP_RCADE
15.6619	3.6052	27.4823	53.2506
71.45388571	8.333328333	13.53429729	6.678488664
1.713949829	85.40189146	2.186759781	10.69739893
23.22698792	71.21746297	0.7683216005	4.787227511
73.10875849	1.713951371	22.51771801	2.659572128
5.969271313	0.295508065	83.27421832	10.4610023
11.40659817	0.2955079527	88.00238592	0.2955079527
98.87706698	0.05910168026	1.004729664	0.05910168026
5.496449907	0.059101699	92.73049842	1.713949971
3.605200361	16.60760166	6.678490668	73.10870731
18.49880185	3.368790337	70.9811071	7.151300715
3.368789326	0.2955079409	95.56738089	0.7683218463
0.05910169326	0.2955079663	99.58628865	0.05910169326
5.969271588	0.05910171572	93.91252498	0.05910171572
8.569737429	7.860517642	5.969268209	77.60047672
13.29789601	4.787228564	62.70688119	19.20799424
13.06148694	25.59097441	30.55556944	30.79196921
22.2813	28.1915	17.3168	32.2104
