>jaspar__MA0802.1
34509	359	3329	1433
6880	3255	34509	4480
70	254	34509	213
39	1759	88	34509
0	6	34509	4
2386	4742	157	34509
1175	2551	34509	7001
34509	90	584	205
25869	2575	1488	4576
18507	5619	4537	5846
>swissregulon__hs__TBX20
146	0	22	7
35	6	127	3
0	0	144	0
0	0	0	122
0	0	142	0
1	0	0	123
4	6	96	33
144	0	0	0
48	32	26	38
16	13	109	26
0	0	100	40
0	7	0	125
0	9	137	0
0	20	2	123
0	39	106	12
143	0	2	0
>taipale__TBX1_DBD_AGGTGTGAAAAAAGGTGTGA_repr
6790	23	978	1855
1576	1003	6165	925
9	4	7564	26
9	113	64	7491
7	11	7557	15
58	414	37	7446
26	252	5703	1968
7584	7	5	0
7308	30	933	433
7158	349	937	1116
6258	671	830	2520
6787	1566	1036	1724
7379	3	302	239
1978	914	6353	1298
8	12	7526	49
392	416	31	7267
5	0	7581	0
353	299	18	7570
54	173	7545	1622
7565	26	32	7
>taipale__TBX20_DBD_AGGTGTGAAGGTGTGA_repr
17764	380	2350	1111
2430	929	17313	887
18	128	18570	80
26	783	98	17478
19	39	18661	19
841	898	101	17185
972	3081	16647	4961
18652	20	194	93
16680	413	4666	2720
4616	7530	15598	1481
31	1802	17689	4072
90	5837	194	16249
35	23	18879	21
569	1339	85	16919
412	3296	16860	4227
18786	61	199	54
>taipale_cyt_meth__TBX20_NAGGTGTGAAGGTGTGAN_eDBD_repr
6765	2409	8643	4561
21216	43	3259	696
1630	577	21648	777
17	49	22359	58
7	158	45	22356
28	5	22360	31
1051	596	461	22113
950	2274	21286	6847
22385	3	213	136
19159	690	9084	2576
2677	5498	18867	1197
16	640	22024	1808
61	5479	26	19777
7	7	22371	13
774	1229	246	21806
381	3114	20506	3748
22345	0	89	53
15241	1545	2456	3138
>taipale_cyt_meth__TBX20_NAGGTGTGAASGYGTGAN_eDBD_meth
954	176	714	437
2235	41	301	71
288	236	2056	169
1	9	2278	9
1	330	32	2246
2	2	2279	0
98	137	24	2275
44	175	2142	825
2286	3	16	0
2085	145	218	414
364	1236	904	256
28	137	2163	479
1	1305	18	968
5	0	2273	4
71	225	49	2201
28	356	1878	657
2275	20	62	0
1617	248	122	294
>taipale_cyt_meth__TBX20_NAGGTGTKARGGYGTKAN_FL
2541	800	2455	1595
6145	571	3105	1405
1522	1200	6668	1155
76	250	7307	357
22	1007	17	7026
0	1	7389	0
802	971	496	7105
677	1351	3963	3049
7223	33	508	282
3095	591	3789	1822
1785	1728	6587	983
58	985	7051	1221
79	2088	27	5269
26	9	7389	19
708	1053	523	6940
1001	1500	5015	1930
7187	89	614	438
2594	1140	1373	2283
>taipale_cyt_meth__TBX20_NAGGTGTKARGGYGTKAN_FL_meth
6072	1982	5138	2924
13858	801	5401	2744
2249	1909	15098	998
8	394	16030	519
101	5484	38	15448
92	0	16117	0
1810	3604	444	14524
1139	3176	11116	4332
15754	32	1276	259
6582	1703	8413	2509
3598	4207	14385	1536
32	832	15938	1492
56	8006	0	8110
10	0	16112	0
2216	2488	864	15142
1011	2632	11784	3416
15849	0	952	269
4866	2715	3461	5074
>homer__AGGTGTGAAA_Tbx21
79.7	0.4	12.7	7.2
17.6	3.4	68.4	10.6
2.3	3.4	90.7	3.6
4.4	1.6	1	93
2.5	0.9	94.8	1.8
14.8	4.2	1.4	79.6
2.4	14.6	68.7	14.3
97.2	0.8	1.1	0.9
70.3	7	9.9	12.8
57.5	15.9	13.3	13.3
>cisbp__M00733
60.97487096	9.839618836	19.34589137	9.839618836
21.53753528	2.406970992	73.64852274	2.406970992
0.007483780776	0.007483780776	99.97754866	0.007483780776
0.007483780776	0.007483780776	0.007483780776	99.97754866
0.007483780776	0.007483780776	99.97754866	0.007483780776
0.007483780776	10.4112113	0.007483780776	89.57382114
0.007483780776	10.36563508	79.89729259	9.729588549
99.97754866	0.007483780776	0.007483780776	0.007483780776
45.14976168	15.16786494	24.51450843	15.16786494
32.19846163	22.60051279	22.60051279	22.60051279
