>cisbp__M00624
34.28030513	23.67858362	26.16888199	15.87222926
38.55435226	9.226400489	30.63272839	21.58651886
5.789105156	0.05590942717	93.31470723	0.8402781845
0.3180408385	98.93118599	0.6277737289	0.1229994394
1.893807863	0.0184736395	0.7107671102	97.37695139
0.9543104707	0.04895928626	0.1832752387	98.813455
18.68790798	45.96483661	11.11034529	24.23691012
44.73108424	11.03054957	7.247587516	36.99077868
22.69346075	28.27779337	27.44205828	21.58668761
22.07524398	37.88127015	24.64211075	15.40137512
>cisbp__M01867
37.72025794	20.90936817	30.88273519	10.48763869
39.86415329	6.022349747	41.49104025	12.62245671
2.698743065	1.94019044	93.95219908	1.40886742
4.310479194	92.85592322	0.8967744301	1.936823151
5.720064987	0.02073318272	0.1947536538	94.06444818
1.712090747	1.628591096	1.29397035	95.36534781
21.65954052	48.68865412	11.19476243	18.45704293
50.6966383	8.380097951	5.905355217	35.01790853
21.84146489	24.38114828	19.17889052	34.59849632
18.23031225	47.13829446	21.3934696	13.23792368
