>cisbp__M06867
24.5	16.8333	7.5	51.1667
25	14.5	11.8333	48.6667
13.3333	8.6667	10.8333	67.1667
6.666693333	25.4999745	2.166697833	65.66663433
27.33332733	17.33331733	6.000006	49.33334933
46.6667	24.8333	13.8333	14.6667
0	100	0	0
0	0.5	0	99.5
0	0	0	100
0	0	0	100
18.8333	0	0	81.1667
6.333306333	12.000012	9.333309333	72.33337233
17.16668283	34.66666533	23.16667683	24.999975
21.8333	25.6667	12.1667	40.3333
18.3333	17.5	11	53.1667
16	19.6667	8.8333	55.5
17	18.8333	9.1667	55
18	20.5	9	52.5
23	18.1667	8.8333	50
20.3333	18.5	10.1667	51
15.8333	25.5	11.1667	47.5
