>kznf__ZNF224_Schmitges2016_RCADE
41.30069587	5.152029485	6.50337935	47.0438953
60.21963011	20.35471018	12.24660612	7.17905359
5.489861647	80.82772425	1.435810431	12.24660367
8.868239113	44.34119557	1.09796989	45.69259543
9.881759012	56.16549438	1.773649823	32.17909678
12.9223	25.7601	19.0034	42.3142
12.24660496	0.08445953421	66.30072685	21.36820865
4.814190144	0.4222970127	86.23310259	8.530410256
30.1520009	0.4222970127	46.03040138	23.3953007
6.165537226	0.7601346579	91.97635861	1.097969506
10.89529346	59.20606448	9.881754071	20.01688799
22.04389228	51.09798212	0.760134734	26.09799087
54.13853248	27.44931647	6.165543699	12.24660735
21.70611085	47.04392352	7.17905359	24.07091204
66.63848667	3.462839307	20.69259586	9.206078159
4.814188074	1.773649291	39.61148416	53.80067848
1.435810431	5.489861647	76.77362303	16.30070489
67.31420202	0.4222970127	21.70610065	10.55740032
32.1791	51.7736	5.8277	10.2196
6.841218632	3.124999375	5.827698834	84.20608316
1.435809282	64.61146769	3.462838269	30.48988476
>kznf__ZNF454_Imbeault2017_OM_MEME
47.2222	30.5556	22.2222	0
66.6667	11.1111	19.4444	2.7778
63.88896389	19.44441944	8.333308333	8.333308333
44.4444	13.8889	13.8889	27.7778
8.3333	0	88.8889	2.7778
2.7778	2.7778	94.4444	0
0	91.6667	0	8.3333
0	11.1111	0	88.8889
0	97.2222	0	2.7778
11.11111111	44.44444444	19.44441944	25.000025
22.2222	27.7778	41.6667	8.3333
8.3333	2.7778	88.8889	0
0	2.7778	97.2222	0
8.3333	58.3333	16.6667	16.6667
16.6667	75	0	8.3333
5.555594444	91.66660833	2.777797222	0
5.5556	38.8889	8.3333	47.2222
2.7778	8.3333	72.2222	16.6667
30.55556944	13.88888611	49.99995	5.555594444
5.5556	19.4444	38.8889	36.1111
13.8889	11.1111	63.8889	11.1111
0	13.8889	77.7778	8.3333
22.22222222	8.333308333	50.00005	19.44441944
0	41.6667	0	58.3333
2.777797222	16.66668333	38.88886111	41.66665833
5.555594444	27.77777222	16.66668333	49.99995
44.44444444	47.22224722	0	8.333308333
11.1111	52.7778	2.7778	33.3333
11.11111111	11.11111111	69.44446944	8.333308333
