>jaspar__MA1222.1
61	342	52	140
80	395	40	80
235	57	139	164
76	361	49	109
78	405	33	79
143	25	206	221
23	446	39	87
1	592	0	2
511	0	73	11
0	595	0	0
0	595	0	0
27	0	568	0
164	307	9	115
0	591	0	4
351	2	137	105
>jaspar__MA1251.1
144	196	94	159
174	117	125	177
144	151	106	192
145	182	93	173
184	127	137	145
147	170	100	176
173	187	82	151
197	66	147	183
44	259	86	204
6	582	3	2
550	0	42	1
0	593	0	0
0	593	0	0
0	0	593	0
566	9	0	18
0	593	0	0
396	162	14	21
278	100	6	209
170	134	72	217
>cisbp__M06561
23.2558	31.0078	8.5271	37.2093
17.0543	49.6124	10.8527	22.4806
32.55813256	19.37981938	23.25582326	24.80622481
27.13182713	32.55813256	7.751907752	32.55813256
23.25582326	44.96124496	10.07751008	21.70542171
22.4806	5.4264	33.3333	38.7597
17.0543	44.9612	8.5271	29.4574
4.6512	86.8217	0.7752	7.7519
81.3953	0	18.6047	0
0	100	0	0
0	100	0	0
0	0.7752	99.2248	0
93.7984	2.3256	0	3.876
0	98.4496	0	1.5504
82.1705	1.5504	13.1783	3.1008
>cisbp__M06566
22	37	13.1667	27.8333
24.5000245	21.33332133	29.33332933	24.83332483
21.83332183	34.33333433	17.000017	26.83332683
17.6667	42.6667	15.8333	23.8333
30.00003	16.33331633	32.83333283	20.83332083
17.999982	38.16666183	16.16668383	27.66667233
23.3333	39.1667	12.5	25
29.6667	13.1667	31.3333	25.8333
23.16667683	33.999966	12.66668733	30.16666983
18.5	43	9.3333	29.1667
17.6667	13.8333	31.5	37
13	39	4.5	43.5
3.166696833	52.66664733	2.999997	41.16665883
42.66665733	0.1666998333	56.4999435	0.6666993333
0	99.1667	0	0.8333
0	100	0	0
0	0	100	0
77	7.8333	0.1667	15
0	100	0	0
75.6667	0.3333	20.6667	3.3333
31.8333	30.5	15.6667	22
>cisbp__M06569
26.0943	34.8485	17.1717	21.8855
35.1852	20.202	19.0236	25.5892
24.74747525	23.73737626	16.32998367	35.18516481
29.1246	37.037	8.4175	25.4209
30.4714	15.4882	22.3906	31.6498
17.8451	35.0168	14.3098	32.8283
14.64648535	69.02353098	4.377095623	11.95288805
67.5084	0	22.7273	9.7643
0	100	0	0
0.1684	99.8316	0	0
0	0	100	0
43.0976	3.5354	9.4276	43.9394
0	100	0	0
27.1044	60.4377	4.0404	8.4175
58.7542	10.4377	7.5758	23.2323
>cisbp__M06598
22.7979	38.1693	10.7081	28.3247
34.1969342	15.54401554	24.17962418	26.07942608
17.6166	38.1693	13.9896	30.2245
16.5803	48.0138	10.0173	25.3886
22.1071	7.772	31.2608	38.8601
7.944707945	57.34025734	11.91711192	22.7979228
9.671809672	87.04668705	1.8998019	1.381701382
87.2193	0	12.7807	0
0	100	0	0
0	99.8273	0	0.1727
0	0	100	0
38.1693	41.9689	1.5544	18.3074
11.5717	62.3489	3.6269	22.4525
44.04145596	10.70808929	11.57168843	33.67876632
28.6701	36.2694	12.9534	22.1071
>cisbp__M06608
18.7291	37.1237	13.2107	30.9365
21.5719	41.9732	12.3746	24.0803
31.60536839	14.38128562	26.25417375	27.75917224
24.2475	34.2809	11.7057	29.7659
22.57527742	46.65545334	9.531790468	21.23747876
25.2508	9.699	31.9398	33.1104
9.3645	52.6756	8.0268	29.9331
6.521706522	82.10708211	1.672201672	9.699009699
74.7492	0	25.2508	0
0	100	0	0
0	100	0	0
0	0	100	0
80.26751973	8.193991806	0.6688993311	10.86958913
0.1672	99.8328	0	0
74.9164	0	20.4013	4.6823
>cisbp__M06628
12.1667	50.8333	12.5	24.5
16.8333	57.1667	7.6667	18.3333
38.3333	16	21.5	24.1667
13.6667	47.5	10.8333	28
17.3333	58.6667	6.5	17.5
32.16666783	6.166693833	25.4999745	36.16666383
7.1667	60.8333	7.3333	24.6667
0.8333	96	1.1667	2
84.6667	0	15.3333	0
0	99.1667	0	0.8333
0.3333	99.6667	0	0
3.166696833	0	96.66660333	0.1666998333
45.6667	33.5	0	20.8333
0.1666998333	98.999901	0.1666998333	0.6666993333
52.5	16.8333	16.6667	14
>cisbp__M06635
20.3333	46.1667	12	21.5
30.999969	16.16668383	27.66667233	25.16667483
18.8333	37.6667	15.1667	28.3333
17.000017	54.33335433	6.833306833	21.83332183
26.8333	10.5	32	30.6667
11	50.1667	7.8333	31
5.000005	82.33338233	3.333303333	9.333309333
61	0	37.8333	1.1667
0	98.8333	0.6667	0.5
0	100	0	0
1.6667	0	98.3333	0
67.5	18.3333	0.1667	14
0	99.8333	0	0.1667
64.1667	2.3333	26.6667	6.8333
29.5	35	13.1667	22.3333
>cisbp__M06636
23.50597649	28.28687171	12.74898725	35.45816454
26.2948	29.8805	13.9442	29.8805
31.07566892	16.73308327	22.70917729	29.48207052
27.8884	28.2869	13.5458	30.2789
23.9044	29.8805	15.1394	31.0757
15.5378	12.749	30.2789	41.4343
9.163309163	58.56575857	8.764908765	23.50602351
5.976094024	78.88442112	5.577694422	9.561790438
84.4622	0.3984	15.1394	0
0.7968	97.6096	0	1.5936
0	99.6016	0	0.3984
0	0.3984	99.6016	0
100	0	0	0
0	99.6016	0	0.3984
94.0239	0.3984	5.1793	0.3984
37.4502	38.247	11.1554	13.1474
39.84063984	17.92831793	1.992001992	40.23904024
>cisbp__M06648
21.33332133	40.57144057	13.52381352	24.57142457
18.0952181	43.61904362	16.57141657	21.71432171
29.7143	18.0952	29.7143	22.4762
13.9048	40	14.2857	31.8095
19.23811924	52.57145257	6.857106857	21.33332133
23.619	8	33.7143	34.6667
6.2857	63.0476	15.4286	15.2381
3.428596571	91.42850857	1.714298286	3.428596571
71.0476	0	28.9524	0
0	100	0	0
0	100	0	0
0.380999619	0.380999619	99.23800076	0
51.04765105	22.85712286	2.285702286	23.80952381
0	99.4286	0	0.5714
41.1429	48.381	7.619	2.8571
>cisbp__M06687
20.5217	38.087	15.4783	25.913
18.087	41.2174	16.1739	24.5217
28.8696	22.087	23.3043	25.7391
19.47828052	38.43476157	14.43478557	27.65217235
23.8261	35.6522	12.1739	28.3478
31.65216835	16.6956833	24.17387583	27.47827252
20.1739	38.7826	14.4348	26.6087
22.087	45.2174	9.5652	23.1304
22.2609	10.9565	32	34.7826
2.6087	64.5217	23.4783	9.3913
2.2609	97.5652	0	0.1739
55.4783	0	44.5217	0
0.1739	99.8261	0	0
0	100	0	0
0.1739	0.3478	99.4783	0
60.5217	34.087	0	5.3913
0	100	0	0
52.1739	32.3478	3.8261	11.6522
46.087	14.7826	1.5652	37.5652
>cisbp__M06690
14.16668583	48.16665183	11.66668833	25.999974
16.3333	49.5	11.5	22.6667
33.5	15.5	27	24
17.5000175	44.83334483	9.333309333	28.33332833
20.16667983	56.16664383	6.666693333	16.999983
30.33333033	5.333305333	33.5000335	30.83333083
8.166691833	57.66664233	7.666692333	26.4999735
4.5	95	0.3333	0.1667
82.6667	0	17.3333	0
0	99.8333	0	0.1667
0.1667	99.8333	0	0
0.6667	0	99.3333	0
56.1667	26	0.5	17.3333
0.5	99	0.5	0
61.8333	10.6667	14.1667	13.3333
>cisbp__M06691
21.7391	40.8027	14.0468	23.4114
33.7793	18.2274	25.0836	22.9097
17.3913	37.1237	15.7191	29.7659
20.23412023	47.32444732	9.364509365	23.07692308
29.9331	10.5351	32.6087	26.9231
12.2074	36.4548	15.3846	35.9532
5.183905184	91.80609181	1.337801338	1.672201672
85.786	0	14.214	0
0	100	0	0
0	100	0	0
0	0	100	0
71.5719	11.3712	0.5017	16.5552
0	100	0	0
66.388	14.0468	11.7057	7.8595
31.27093127	26.58862659	5.852805853	36.28763629
