>kznf__ZNF214_Imbeault2017_OM_MEME
8.3333	0	25	66.6667
16.6667	58.3333	25	0
75	25	0	0
8.3333	0	0	91.6667
0	66.6667	33.3333	0
50	0	50	0
100	0	0	0
8.3333	25	66.6667	0
8.333308333	0	83.33338333	8.333308333
25	8.3333	25	41.6667
0	66.6667	33.3333	0
0	100	0	0
0	25	8.3333	66.6667
8.3333	66.6667	0	25
100	0	0	0
66.66663333	16.66668333	0	16.66668333
41.66665833	16.66668333	41.66665833	0
83.3333	0	16.6667	0
83.33338333	8.333308333	8.333308333	0
0	25	58.3333	16.6667
