>kznf__ZNF418_Imbeault2017_OM_RCADE
49.07408528	12.03699639	8.3333275	30.55559083
19.44440933	0.9259264444	78.70373778	0.9259264444
12.0370053	0.9259264074	82.40743626	4.629632037
0.9259262037	97.22222139	0.9259262037	0.9259262037
4.629627407	26.85188496	0.9259254815	67.59256215
86.11111206	8.333331167	0.9259261296	4.629630648
75.00003	12.03700481	8.333333333	4.629631852
97.22222139	0.9259262037	0.9259262037	0.9259262037
97.22222139	0.9259262037	0.9259262037	0.9259262037
8.3333315	0.9259261667	89.81481617	0.9259261667
0.9259261667	93.51851683	0.9259261667	4.629630833
97.22222139	0.9259262037	0.9259262037	0.9259262037
60.18524213	23.1481162	12.03700843	4.629633241
15.74069528	34.25928972	8.3333275	41.6666875
34.2593	15.7407	15.7407	34.2593
