>kznf__ZFP28_Schmitges2016_RCADE
14.7019	14.1599	57.7913	13.3469
67.27633272	10.63688936	10.63688936	11.44988855
10.63688936	62.66933733	11.17888882	15.51488449
57.24928855	23.10299538	6.571818686	13.07589738
32.0461	35.0271	14.4309	18.4959
20.12199195	52.91327883	8.739836504	18.22489271
51.55827422	6.029806985	9.281835359	33.13008343
25.81301549	1.151760691	69.98644199	3.048781829
92.20867169	0.0677506792	2.50677923	5.216798398
44.78317358	0.8807584804	43.97017406	10.36589388
13.07589982	0.06775069905	86.78859878	0.06775069905
99.7967478	0.06775073245	0.06775073245	0.06775073245
76.76153838	1.964770982	18.49590925	2.777781389
77.30349714	0.06775069749	22.28999918	0.3387529875
25.813	19.0379	11.7209	43.4282
48.03524804	4.945804946	27.16802717	19.85091985
23.37399967	0.06775069905	76.49049893	0.06775069905
99.52574538	0.06775073089	0.06775073089	0.3387531545
54.26832171	5.216802087	39.09211564	1.422760569
61.85632577	20.93497488	6.842811789	10.36588756
13.07588692	10.36588963	22.28997771	54.26824573
29.336	42.8862	17.4119	10.3659
53.18429468	23.64499764	5.758809424	17.41189826
17.6829	14.9729	11.4499	55.8943
49.1192	11.1789	19.0379	20.664
37.1951	23.374	19.3089	20.122
41.8021582	12.26288774	24.45797554	21.47697852
29.336	13.0759	23.645	33.9431
47.7642	13.0759	23.916	15.2439
32.04608398	9.823845088	42.61517869	15.51489224
25.271	22.561	16.8699	35.2981
20.664	44.2412	18.4959	16.5989
34.75612085	38.82112329	9.281845569	17.14091028
>kznf__ZNF235_Imbeault2017_OM_RCADE
52.58625259	11.20691121	18.1034181	18.1034181
59.48276431	7.758615345	4.310337414	28.44828293
18.10341086	4.310342586	11.20690672	66.37933983
83.62069247	4.310339612	0.8620689224	11.20689899
87.06897475	0.86206875	7.75861775	4.31033875
80.17240882	11.20690123	0.8620690948	7.758620853
38.79312328	4.310342586	35.34482121	21.55171293
18.10341122	0.8620695345	80.17244971	0.8620695345
93.96552067	4.310340948	0.8620691897	0.8620691897
97.41379318	0.8620689397	0.8620689397	0.8620689397
97.41379318	0.8620689397	0.8620689397	0.8620689397
62.93103776	4.310342586	11.20690672	21.55171293
35.3448	11.2069	42.2414	11.2069
73.27589341	0.8620689224	21.55169806	4.310339612
14.65519121	4.310337414	7.758615345	73.27585603
42.24135776	14.65518534	28.44827155	14.65518534
66.37928672	11.20689776	14.65519707	7.758618448
52.5862	11.2069	14.6552	21.5517
45.6897	18.1034	21.5517	14.6552
62.93103776	4.310342586	21.55171293	11.20690672
45.68969086	18.10339638	7.758618448	28.44829431
56.03453362	18.10341086	21.55171293	4.310342586
83.62066822	0.8620686724	0.8620686724	14.65519443
4.310339612	0.8620689224	35.34479682	59.48279465
31.8966	14.6552	35.3448	18.1034
76.72416982	18.10341647	4.310343922	0.8620697845
49.13794914	14.65521466	18.1034181	18.1034181
38.7931	11.2069	18.1034	31.8966
38.79310776	4.310340862	52.58621052	4.310340862
97.41379318	0.8620689397	0.8620689397	0.8620689397
