>jaspar__MA1714.1
400	101	377	122
142	39	651	167
90	35	797	78
391	261	247	101
186	361	133	320
140	338	94	428
441	245	174	140
313	19	647	21
42	10	934	14
695	21	233	51
35	7	843	115
30	5	857	108
590	304	78	28
110	656	35	199
781	83	33	103
676	108	172	44
994	3	3	1
991	5	3	1
30	224	46	699
37	5	937	21
265	87	217	430
>yetfasco__YMR042W_1483
3.5	24.4	10.1	62
3.096903097	8.591408591	8.791208791	79.52047952
15.8	10.2	19.9	54.1
7.4	56.4	13.3	22.9
5.105105105	83.68368368	6.006006006	5.205205205
22.9	16.8	35.5	24.8
17.58241758	37.26273726	10.18981019	34.96503497
35.96403596	32.16783217	29.57042957	2.297702298
12.3	35.5	28.3	23.9
19.9	14.7	32.6	32.8
42.65734266	25.77422577	21.97802198	9.59040959
2.9	2.4	92.9	1.8
12.3	26.8	36.6	24.3
31	34	10	25
16.4	32.7	31.6	19.3
21.02102102	27.12712713	30.03003003	21.82182182
>scertf__morozov.ARG80
3	24	10	62
3	8	8	79
15	10	19	54
7	56	13	22
5	83	6	5
22	16	35	24
17	37	10	35
36	32	29	2
12	35	28	23
19	14	32	32
42	25	22	9
2	2	92	1
>kznf__ZNF675_Imbeault2017_RP_RCADE
20.2415	18.2528	50.6392	10.8665
17.6847	31.321	37.571	13.4233
19.3892	38.1392	22.7983	19.6733
21.0938	25.3551	28.4801	25.071
24.7869	19.6733	42.6847	12.8551
18.821	23.3665	42.6847	15.1278
30.46879086	18.53689444	41.83238745	9.161927251
15.12781513	7.173307173	65.6960657	12.002812
9.161928168	4.332389134	79.61648408	6.889198622
28.19599154	26.49149205	36.15058915	9.161927251
19.67328033	39.55966044	17.4005826	23.36647663
12.2869	47.7983	10.8665	29.0483
40.4119	27.9119	17.1165	14.5597
26.77558661	6.605106697	63.991468	2.627838686
5.184661555	2.911930874	90.41192712	1.491480447
60.86648783	3.764199247	32.17329357	3.196019361
2.627840526	1.207390241	87.57101751	8.593751719
3.19601968	1.207389879	85.0141915	10.58239894
46.66189067	39.84379203	9.446018111	4.04829919
10.58239788	65.12778697	6.321018736	17.96879641
72.5142	10.2983	8.87784	8.30966
59.44599406	11.15059888	25.92329741	3.480109652
97.79829345	0.3551139762	1.775569881	0.07102269524
96.94601939	1.207390241	0.9232951847	0.9232951847
3.19601968	40.12779599	7.457389254	49.21879508
4.048300202	0.639205032	90.98010455	4.332390217
21.3778	19.6733	25.6392	33.3097
