>cisbp__M06866
28.5	14.6667	11.3333	45.5
30.5	12	11.8333	45.6667
16.66668333	10.4999895	17.66668233	55.16664483
14	21.6667	7	57.3333
35.3333	14.6667	6.1667	43.8333
54.5	22.5	14	9
0	100	0	0
0	2.8333	0	97.1667
0	0	0	100
0	0	0	100
19.5	0	0	80.5
6	5.1667	1	87.8333
18.1667	23.8333	33.8333	24.1667
20.5000205	22.83332283	19.83331983	36.83333683
20.5	24.3333	14.6667	40.5
14.3333	18.5	12.5	54.6667
22.999977	15.66668433	11.66668833	49.66665033
22.999977	21.16667883	13.16668683	42.66665733
28.66667133	13.4999865	10.66668933	47.16665283
