>jaspar__MA1007.1
72	1	286	642
0	0	999	0
50	0	0	949
0	999	0	0
0	0	999	0
0	0	999	0
0	150	0	849
84	1	665	250
>jaspar__MA1023.1
72	72	286	571
0	0	999	0
0	0	0	999
0	999	0	0
0	0	999	0
0	0	999	0
0	217	0	782
118	1	705	177
>jaspar__MA1219.2
732	765	349	600
811	393	524	718
412	807	326	901
139	2130	96	81
2305	7	98	36
13	2411	10	12
8	2427	5	6
23	12	2401	10
2115	74	47	210
10	2394	14	28
841	1106	275	224
1197	437	268	544
733	629	367	717
749	508	526	663
>jaspar__MA1220.1
146	226	66	158
148	98	141	209
55	320	53	168
41	432	23	100
408	0	186	2
0	596	0	0
0	596	0	0
0	0	596	0
534	33	0	29
0	596	0	0
485	2	95	14
212	189	82	113
203	127	64	202
195	66	165	170
154	173	95	174
>jaspar__MA1229.1
176	154	66	164
192	55	134	179
91	89	184	196
25	85	2	448
0	0	560	0
18	0	14	528
0	560	0	0
0	0	560	0
0	0	560	0
0	114	0	446
74	19	434	33
154	71	287	48
178	150	71	161
145	63	217	135
151	78	164	167
>jaspar__MA1234.1
217	45	183	154
127	34	53	385
47	19	403	130
0	0	599	0
291	79	42	187
0	599	0	0
0	0	599	0
0	0	599	0
43	185	0	371
27	9	524	39
160	72	306	61
195	157	84	163
136	46	292	125
192	83	226	98
>jaspar__MA1238.2
575	277	497	561
259	811	246	594
123	1622	64	101
1691	0	197	22
7	1892	4	7
11	1895	1	3
17	5	1882	6
1631	120	30	129
16	1883	4	7
1588	35	202	85
673	562	280	395
621	465	272	552
608	277	494	531
>jaspar__MA1243.1
132	194	106	165
202	102	118	175
135	214	92	156
154	218	67	158
119	86	117	275
175	202	70	150
257	329	7	4
531	0	66	0
0	597	0	0
0	597	0	0
0	0	597	0
431	164	0	2
0	597	0	0
364	31	8	194
40	106	3	448
240	74	33	250
252	65	155	125
>jaspar__MA1253.1
163	107	93	198
202	64	114	181
116	78	170	197
38	55	33	435
25	32	479	25
0	0	5	556
0	559	0	2
0	0	561	0
6	0	555	0
27	55	16	463
50	20	444	47
141	81	268	71
171	165	68	157
164	72	187	138
>jaspar__MA1258.1
166	130	102	183
138	82	243	118
155	78	204	144
103	149	76	253
166	54	146	215
360	9	162	50
219	19	35	308
0	0	581	0
18	0	226	337
2	579	0	0
0	0	581	0
1	0	580	0
0	78	0	503
16	25	413	127
145	68	267	101
212	129	67	173
127	48	270	136
149	74	258	100
160	129	108	184
149	87	225	120
182	91	206	102
>jaspar__MA1263.1
232	21	145	200
132	37	133	296
50	45	277	226
0	0	598	0
117	19	171	291
0	598	0	0
0	0	598	0
0	0	597	1
0	139	0	459
8	18	535	37
111	70	378	39
198	171	63	166
110	54	319	115
181	78	246	93
>jaspar__MA1265.2
375	146	356	341
130	594	153	341
26	1145	18	29
1121	0	73	24
3	1209	2	4
6	1209	0	3
9	1	1205	3
897	141	24	156
11	1201	3	3
1001	30	132	55
438	361	181	238
384	330	147	357
>jaspar__MA1376.1
192	143	90	172
231	61	140	165
223	7	112	255
18	6	131	442
0	0	597	0
14	1	14	568
0	597	0	0
0	0	597	0
0	0	596	1
1	71	0	525
2	1	592	2
179	100	277	41
156	180	78	183
135	84	209	169
157	112	179	149
155	160	128	154
191	76	187	143
>jaspar__MA1424.1
192	468	120	218
275	97	328	298
63	528	144	263
30	949	3	16
902	0	97	0
0	1000	0	0
0	1000	0	0
0	0	1000	0
796	127	5	70
0	1000	0	0
741	90	132	35
320	359	90	229
293	288	152	265
285	172	293	248
275	330	191	203
>jaspar__MA1679.1
216	345	123	215
266	114	272	247
98	389	186	226
46	810	17	26
810	2	78	9
4	890	3	2
5	890	0	4
5	2	890	2
738	106	10	45
2	892	1	4
739	67	44	49
229	237	71	362
214	221	121	343
254	137	239	269
236	265	154	244
>jaspar__MA1795.1
181	554	129	137
584	0	416	0
1	933	65	0
1	968	0	31
93	7	787	113
497	242	80	181
99	822	0	78
271	550	52	127
468	141	161	230
269	245	189	297
>jaspar__MA2011.1
303	128	285	283
118	465	127	289
68	858	30	43
915	0	71	13
2	993	0	4
4	992	0	3
9	1	984	5
719	144	23	113
11	983	2	3
750	107	78	64
305	331	93	270
272	308	138	281
>cisbp__M00842
16.43679872	48.88754425	11.58281629	23.09284075
48.66381086	2.106305892	42.30628474	6.923598512
0.03743063449	97.97714067	1.369895136	0.6155335624
2.950882526	96.74748011	0.2758506418	0.02578671835
0.9321589376	1.221095071	97.48982897	0.3569170259
51.06111173	11.74025089	14.48368994	22.71494743
4.402630653	92.96306255	0.5958312666	2.038475527
19.51090541	61.61920312	6.177870058	12.69202142
42.51803796	12.55260745	18.35548443	26.57387017
>cisbp__M01048
12.66447368	65.80212551	8.868927126	12.66447368
60.34762248	0.009005763689	39.63436599	0.009005763689
0.007749535028	99.20179789	0.7827030378	0.007749535028
0.007749535028	99.97675139	0.007749535028	0.007749535028
0.007749535028	0.007749535028	99.97675139	0.007749535028
65.87879727	19.3815871	5.432424055	9.307191569
0.007997440819	99.97600768	0.007997440819	0.007997440819
43.0148768	29.06787541	13.9586239	13.9586239
>cisbp__M01092
9.110169492	72.66949153	9.110169492	9.110169492
61.67091837	0.0212585034	38.28656463	0.0212585034
0.02081598668	97.85595337	2.102414654	0.02081598668
0.02081598668	99.93755204	0.02081598668	0.02081598668
0.02081598668	0.02081598668	99.93755204	0.02081598668
58.66637706	8.70981755	32.60208514	0.02172024327
0.02172024327	99.93483927	0.02172024327	0.02172024327
43.72659176	21.87890137	28.12109863	6.27340824
>cisbp__M01610
16.93063656	40.41192015	16.10491967	26.55252362
48.67595343	1.144748703	40.25302429	9.926273582
3.615942278	89.59974545	2.788078028	3.996234247
2.747403532	93.75230911	0.1108759019	3.38941146
6.355471689	0.04114372419	90.85966058	2.74372401
35.47609155	19.08416612	18.8942755	26.54546683
7.549627017	80.76132176	4.579080255	7.109970966
23.05878076	49.30604256	9.85566721	17.77950947
36.54993448	18.89088241	20.05902934	24.50015376
>cisbp__M06578
17.6667	38.8333	14	29.5
22.6667	48.5	4.8333	24
24.8333	10.1667	28.6667	36.3333
12.3333	53.8333	12.1667	21.6667
9.666690333	84.4999155	3.166696833	2.666697333
75.16662483	0.1666998333	24.66667533	0
0.5	99.3333	0	0.1667
0.1666998333	99.66660033	0.1666998333	0
0	0.1667	99.5	0.3333
48.6667	21	3.3333	27
1	98.8333	0	0.1667
38	51	3	8
52.5000525	18.33331833	3.833303833	25.33332533
30.6667	22	4.3333	43
>cisbp__M06582
19.1525	41.3559	12.5424	26.9492
19.322	51.3559	10.678	18.6441
31.5254	8.3051	31.1864	28.9831
6.1017	61.5254	12.8814	19.4915
3.8983	96.1017	0	0
73.2203	0	26.7797	0
0	100	0	0
0	100	0	0
0	0	100	0
64.4068	25.0847	0.1695	10.339
0.1695	99.8305	0	0
66.2712	10.1695	14.4068	9.1525
27.28812729	37.7966378	5.593205593	29.32202932
>cisbp__M06594
17.5943	36.4452	15.2603	30.7002
21.36447864	50.80784919	4.667895332	23.15977684
29.8025298	12.56731257	27.64812765	29.98202998
14.9013	36.9838	12.5673	35.5476
7.71990772	79.17417917	0	13.10591311
61.4004	0	29.4434	9.1562
0	100	0	0
0	100	0	0
3.2316	0	96.7684	0
32.316	21.7235	1.9749	43.9856
0.3591	94.2549	0	5.386
51.3465	4.8474	27.4686	16.3375
27.1095	34.2908	7.3609	31.2388
>cisbp__M06600
27.8057	13.5678	26.6332	31.9933
15.57788442	30.15076985	14.23788576	40.03345997
8.8777	62.3116	7.7052	21.1055
78.392	0	21.608	0
0	99.8325	0	0.1675
0	100	0	0
0	0	100	0
99.4975	0	0	0.5025
0	100	0	0
93.6348	0	6.1977	0.1675
36.8509	31.1558	10.5528	21.4405
32.32833233	17.42041742	13.06531307	37.18593719
>cisbp__M06603
31.49076851	26.96817303	14.74038526	26.8006732
34.3384	13.5678	25.2931	26.8007
9.5477	30.8208	20.4355	39.196
1.172501173	97.98999799	0.8375008375	0
95.8124	0	4.1876	0
0	100	0	0
0	100	0	0
0	0	100	0
99.33	0	0	0.67
0	100	0	0
75.5444	21.943	0.1675	2.3451
44.22114422	13.9028139	0.67000067	41.20604121
29.6482	18.593	11.2228	40.536
>cisbp__M06610
31.7647	24.7059	11.5966	31.9328
19.83191983	13.10921311	16.47061647	50.58825059
39.4958	16.9748	12.437	31.0924
58.1513	38.4874	3.3613	0
94.2857	0	5.7143	0
0	100	0	0
0	100	0	0
0	0	100	0
91.0924	8.9076	0	0
0	100	0	0
68.9076	5.8824	0.3361	24.8739
4.2017	5.2101	0	90.5882
42.85714286	4.873904874	4.201704202	48.06724807
40.6723	11.0924	23.0252	25.2101
>cisbp__M06615
22.8956229	33.67003367	16.83501684	26.5993266
26.43097357	11.95288805	27.1043729	34.51176549
7.239092761	46.2962537	15.65658434	30.80806919
5.7239	80.303	4.2088	9.7643
84.6801	0	15.3199	0
0	100	0	0
0	100	0	0
0	0	100	0
99.6633	0	0	0.3367
0	100	0	0
89.22551077	0.1683998316	8.080791919	2.525297475
33.8384	32.9966	14.4781	18.6869
29.798	20.8754	9.9327	39.3939
>cisbp__M06629
33.10923311	24.36972437	12.94121294	29.57982958
36.9748	11.5966	24.5378	26.8908
14.2857	27.8992	15.9664	41.8487
1.344501345	96.47069647	0.8403008403	1.344501345
97.9832	0	2.0168	0
0	100	0	0
0	100	0	0
0	0	100	0
98.82359882	0.3361003361	0	0.8403008403
0	100	0	0
69.41173059	28.4033716	1.008398992	1.176498824
45.3782	20.3361	3.0252	31.2605
29.07562908	22.35292235	11.76471176	36.80673681
>cisbp__M06650
28.3531	36.8421	11.0357	23.7691
30.7301	10.3565	25.2971	33.6163
11.2054	38.7097	11.545	38.5399
3.7351	88.6248	0.8489	6.7912
86.0781	0	13.9219	0
0	100	0	0
0	100	0	0
0	0	100	0
82.0034	7.9796	0	10.017
0	100	0	0
74.36322564	0.3395996604	20.03397997	5.263194737
41.93545806	20.88287912	16.46858353	20.71307929
38.5399	18.6757	11.8846	30.8998
32.42783243	14.43121443	21.22242122	31.91853192
24.7878	26.3158	15.4499	33.4465
>cisbp__M06656
25.7496	28.2187	14.2857	31.746
28.5714	32.6279	7.4074	31.3933
24.51502452	13.58021358	19.57671958	42.32804233
26.6314	34.3915	11.8166	27.1605
40.21164021	54.67375467	3.703703704	1.410901411
90.4762	0	9.5238	0
0	99.8236	0	0.1764
0	100	0	0
0.1764	0	99.8236	0
68.6067	31.2169	0	0.1764
0	100	0	0
67.5485	0.5291	1.94	29.9824
5.4674	3.8801	1.4109	89.2416
58.7302	5.291	2.9982	32.9806
47.61904762	10.40561041	22.22222222	19.75311975
>cisbp__M06732
23.5294	33.6134	15.4622	27.395
27.0588	10.5882	27.395	34.958
10.58821059	41.51264151	14.28571429	33.61343361
6.05040605	76.80677681	4.36970437	12.77311277
81.1765	0	18.8235	0
0	100	0	0
0	100	0	0
0	0	100	0
99.1597	0	0	0.8403
0	100	0	0
87.7311	0.6723	11.0924	0.5042
35.12606487	30.75626924	15.46218454	18.65548134
32.9412	17.8151	9.7479	39.4958
