>cisbp__M06850
20	10.1667	17	52.8333
15.5	7	26.6667	50.8333
13.6667	46.3333	1.8333	38.1667
62.6667	9.5	14.8333	13
0	100	0	0
0	5.5	0	94.5
0	0	0	100
0	0	0	100
12.6667	3.3333	2.1667	81.8333
12.8333	18.3333	11.6667	57.1667
19.1667	33.8333	20.1667	26.8333
26.6667	26	13.5	33.8333
12.999987	33.66666633	12.16668783	41.16665883
11.66668833	21.999978	7.666692333	58.66664133
7.6667	14.8333	4.3333	73.1667
8	16.1667	3.8333	72
12.1667	13.3333	6.3333	68.1667
17.66668233	12.66668733	12.999987	56.66664333
