>swissregulon__hs__PTF1A
2.091836735	4.642857143	1.173469388	2.091836735
4.387755102	0	3.775510204	1.836734694
1.836734694	1.020408163	7.142857143	0
0	1.836734694	8.163265306	0
5.612244898	0	4.387755102	0
7.142857143	1.020408163	1.836734694	0
8.979591837	0	0	1.020408163
2.653061224	3.673469388	1.734693878	1.93877551
3.673469388	1.734693878	0.9183673469	3.673469388
0.9183673469	3.571428571	4.489795918	1.020408163
4.591836735	2.755102041	0.9183673469	1.734693878
6.326530612	1.93877551	1.734693878	0
1.020408163	8.979591837	0	0
8.163265306	0	0	1.836734694
0	2.755102041	5.510204082	1.734693878
1.93877551	5.306122449	2.755102041	0
1.836734694	0	0	8.163265306
0	0	10	0
1.734693878	3.673469388	0	4.591836735
0	5.204081633	4.795918367	0
2.525510204	5.280612245	0.6887755102	1.505102041
>hocomoco__LYL1_HUMAN.H11MO.0.A
93	200	92	68
66	315	12	60
290	23	21	119
26	57	222	148
59	331	20	43
48	0	3	402
1	80	367	5
3	135	82	233
28	94	100	231
94	100	59	200
20	232	54	147
43	263	50	97
64	85	82	222
54	124	172	103
>hocomoco__MYOD1_HUMAN.H11MO.0.A
110	119	204	67
3	496	1	0
497	0	0	3
4	114	375	7
5	490	0	5
1	2	0	497
0	2	497	1
0	196	19	285
6	210	30	254
83	167	146	104
33	287	54	126
72	117	85	226
65	80	248	107
24	198	111	167
77	257	66	100
>hocomoco__MYOD1_MOUSE.H11MO.0.A
118	119	206	57
1	499	0	0
499	1	0	0
2	150	331	17
4	489	4	3
1	0	0	499
0	0	500	0
1	145	25	329
3	224	34	239
85	183	118	114
38	300	50	112
57	150	48	245
90	111	212	87
58	165	87	190
66	258	77	99
>hocomoco__PTF1A_HUMAN.H11MO.0.B
76	223	181	20
7	477	6	10
470	5	3	22
3	22	383	92
38	434	11	17
7	2	1	490
5	8	467	20
10	222	137	131
28	212	60	200
74	157	119	150
41	205	125	129
67	207	70	156
73	116	113	198
27	173	68	232
36	202	35	227
32	301	66	101
121	220	33	126
90	242	88	80
>dbtfbs__mm_MYOG_myocyte_ENCSR000AIW_merged_N1
256	10	229	3
356	2	140	0
0	498	0	0
498	0	0	0
6	0	492	0
3	470	25	0
0	2	0	496
0	0	498	0
>dbtfbs__mm_TCF3_myocyte_ENCSR000AIP_merged_N1
0	497	0	0
493	0	4	0
0	54	438	5
3	493	1	0
0	1	0	496
0	0	497	0
0	144	6	347
7	251	81	158
95	176	124	102
37	267	85	108
>homer__AACAGCTG_MyoG
57.2	13.1	28.2	1.5
74.1	4.6	21.2	0.1
0.1	99.7	0.1	0.1
99.7	0.1	0.1	0.1
0.4	0.1	99.4	0.1
1	92.7	5.4	0.9
0.1	0.1	0.1	99.7
0.1	0.1	99.7	0.1
>homer__GTCWGCTGTYYCTCT_ZNF317
24.5	0.1	75.3	0.1
0.1	0.1	0.1	99.7
0.1	99.7	0.1	0.1
47.2	3.7	9.4	39.7
0.1	1.8	81.1	17
0.1	75.5	3.7	20.7
35.7	9.4	0.1	54.8
0.1	0.1	99.7	0.1
13.2	9.4	0.1	77.3
3.8	47.2	9.4	39.6
18.88111888	33.96603397	5.694305694	41.45854146
20.8	43.3	7.6	28.3
20.6	18.9	0.1	60.4
0.1	94.3	0.1	5.5
7.5	30.2	13.2	49.1
>cisbp__M01153
22.63554388	22.63554388	32.09336835	22.63554388
18.60770889	26.04663282	18.60770889	36.73794939
8.603940202	16.31708896	66.47503063	8.603940202
83.9964404	15.97361197	0.01497381393	0.01497381393
0.01497381393	92.2419298	0.01497381393	7.728122577
91.72495585	0.01497381393	8.245096518	0.01497381393
7.728122577	0.01497381393	92.2419298	0.01497381393
7.728122577	84.01180709	8.245096518	0.01497381393
2.37942993	2.37942993	10.60955263	84.63158751
31.70970227	6.40726492	47.76261913	14.12041368
24.64115632	16.41103361	28.11194892	30.83586116
>cisbp__M01157
23.38774564	23.38774564	23.38774564	29.83676308
29.83676308	23.38774564	23.38774564	23.38774564
29.83676308	23.38774564	23.38774564	23.38774564
15.83349685	29.37737093	24.38745392	30.4016783
9.995799729	9.995799729	61.45864374	18.5497568
77.26354735	22.71913735	0.008657649633	0.008657649633
6.457675094	93.52500961	0.008657649633	0.008657649633
99.97402705	0.008657649633	0.008657649633	0.008657649633
1.620912011	1.620912011	95.13726397	1.620912011
1.620912011	95.13726397	1.620912011	1.620912011
1.620912011	1.620912011	1.620912011	95.13726397
16.73226084	9.1751608	64.91741756	9.1751608
15.01285792	15.01285792	30.05160301	39.92268115
>cisbp__M01163
3.735207101	3.735207101	70.30325444	22.22633136
74.30840164	20.51741803	0.0256147541	5.148565574
0.02436647173	92.61695906	2.461013645	4.897660819
99.92690058	0.02436647173	0.02436647173	0.02436647173
4.897660819	0.02436647173	95.05360624	0.02436647173
0.02436647173	95.05360624	0.02436647173	4.897660819
0.02699784017	0.02699784017	0.02699784017	99.91900648
18.52810651	11.1316568	66.60502959	3.735207101
>cisbp__M06768
35.999964	8.166691833	21.66667833	34.16666583
13.6667	6	8	72.3333
2.666697333	0	79.66662033	17.66668233
59.8333	40.1667	0	0
0	100	0	0
100	0	0	0
8	0	92	0
0.3333	89.6667	8	2
0	23.5	1.3333	75.1667
14.33331433	9.833309833	48.83334883	27.000027
17.3333	0.1667	49.1667	33.3333
