>jaspar__MA0276.1
0	220	8	35
0	291	0	3
61	21	133	10
58	54	101	12
130	0	54	0
0	11	8	147
33	150	8	35
80	0	92	26
0	8	249	19
0	0	256	18
>jaspar__MA0331.1
1692	11356	405	368
97	12733	0	971
3002	5897	3023	4309
6037	2220	3432	3681
7789	195	642	5363
936	237	0	12586
1175	3860	542	9116
6619	1176	5947	1957
612	32	13102	0
117	134	13351	16
10592	966	319	2201
12477	399	350	475
>swissregulon__sacCer__MCM1
30.65	41.84	15.87	127.38
31.52	15.54	56.45	112.22
26.66	20.54	22.78	145.77
24.39	180.27	1.68	9.4
1.99	180.06	1.29	32.39
25.92	65.6	87.67	36.55
127.18	15.7	36.75	36.1
143.19	2.27	8.41	61.87
65.87	6.41	2.27	141.19
36.1	32.75	17.7	129.18
73.32	43.69	73.86	24.87
31.39	1.29	181.06	1.99
9.4	1.68	181.27	23.39
147.83	24.24	9.05	34.62
151.36	31.11	15.19	18.07
126.12	18.38	38.83	32.4
>transfac_public__M00125
8	3	2	10
3	4	4	12
6	0	5	12
0	23	0	0
0	23	0	0
0	10	0	13
18	1	1	3
19	0	1	3
11	0	0	12
5	10	4	4
8	4	6	5
5	0	18	0
1	0	21	1
6	2	0	15
14	6	2	1
15	0	2	6
>homer__TGCAGTTCCAANAGTGGCCA_CTCF-SatelliteElement
5.105105105	1.001001001	3.303303303	90.59059059
0.3	0.5	99.1	0.1
1.5	93	0.1	5.4
93.5	0.8	0.1	5.6
20.3	6.4	70.7	2.6
2.3	2.3	1.8	93.6
24.4	4.1	16.5	55
4.9	90.5	1.3	3.3
9	73.8	0.5	16.7
37.3	32.9	13.6	16.2
38.03803804	25.42542543	26.02602603	10.51051051
30.3	31.4	20.8	17.5
39.8	14.9	15.2	30.1
29.3	15.7	37.8	17.2
5.1	31.9	4.4	58.6
27.47252747	5.694305694	51.64835165	15.18481518
24.4	4.1	63.8	7.7
4.1	95.1	0.3	0.5
0.1	99.5	0.1	0.3
92.8	0.3	1.5	5.4
>yetfasco__YMR043W_831
25.38508959	26.28191756	23.5866945	24.74629835
39.76114172	10.81315666	31.74402763	17.68167399
17.05221041	21.61085063	6.606831784	54.73010717
14.75788716	8.090411541	29.18237497	47.96932633
8.156522082	10.31554667	9.334749636	72.19318162
13.01389578	80.81742167	0.9382774215	5.230405131
1.110475987	81.25920271	0.7232639412	16.90705736
11.63979421	27.03974445	44.32229101	16.99817034
60.18553873	7.626973309	17.10887068	15.07861728
66.30707898	0.7103752701	3.569727682	29.41281807
29.41281807	3.569727682	0.7103752701	66.30707898
15.07861728	17.10887068	7.626973309	60.18553873
22.98828291	24.3076974	40.53544098	12.16857871
16.90705736	0.7232639412	81.25920271	1.110475987
5.230405131	0.9382774215	80.81742167	13.01389578
66.66720918	12.92867352	3.366878501	17.0372388
66.40386076	16.19734532	8.455229139	8.943564786
52.3640335	10.22998797	20.49362818	16.91235035
24.261449	31.41544609	27.58508447	16.73802045
48.14882569	11.14260184	15.96983869	24.73873378
>scertf__harbison.NDD1
14	11	7	66
18	8	15	57
21	15	13	50
2	91	4	2
0	96	0	2
24	34	14	27
68	8	19	3
86	0	0	12
43	1	0	54
16	21	20	41
31	13	35	19
4	0	95	0
1	2	93	2
>scertf__macisaac.ASH1
0	72	3	23
0	96	0	3
39	8	44	8
37	18	34	9
80	0	18	0
0	4	3	90
22	50	3	23
50	0	31	18
0	3	82	13
1	0	85	13
