>cisbp__M09526
27.5	9.9	7.9	54.7
4	2	89.7	4.3
8.7	81.5	1.4	8.4
97.3	0.5	1.5	0.7
91.2	0.1	2	6.7
42	11.2	35.6	11.2
1.5	52.8	3	42.7
11.4	1.5	79.6	7.5
0.1	91.9	0.1	7.9
0.1	0.1	99.7	0.1
0.1	99.7	0.1	0.1
0.1	13.1	1	85.8
0.1	98.8	0.2	0.9
0.5	56.4	1.7	41.4
76.7	1.2	19.1	3
