>hocomoco__AHR_HUMAN.H11MO.0.B
41	18	56	39
11	12	35	96
22	44	21	67
3	1	146	4
1	150	1	2
3	1	149	1
0	3	1	150
0	0	154	0
43	67	16	28
>taipale_cyt_meth__SREBF1_NTCACGCCAY_eDBD_repr
215	110	175	19
266	239	128	518
19	518	44	58
518	25	90	0
34	518	74	68
191	213	518	14
56	518	44	134
99	518	359	72
518	30	80	4
18	332	20	186
>cisbp__M00754
49.09748563	14.64073664	26.1489183	10.11285943
20.66806663	14.13409317	7.305224917	57.89261529
7.712901878	84.1747079	2.567402007	5.544988214
73.89391967	0.204462754	16.00066921	9.900948366
6.939748358	57.81599768	13.97493704	21.26931692
19.91774718	31.55118514	48.50229673	0.02877095675
13.36030522	46.63204724	0.2704381154	39.73720942
6.426360377	32.79933825	47.96196687	12.8123345
69.48159877	6.966144755	11.83500839	11.71724809
9.218980442	36.27992108	15.19952915	39.30156933
>cisbp__M01111
41.07148862	21.44119718	28.94258886	8.544725342
13.66496483	13.94101544	12.3645715	60.02944823
14.45003703	82.32682343	1.523022699	1.700116839
85.05863916	2.418967731	3.467177601	9.055215512
1.596974879	65.2425027	20.24911601	12.91140641
21.57788555	13.35203721	61.04852092	4.021556325
6.929678228	49.19605218	1.530835065	42.34343452
6.889144895	47.93984371	35.87163848	9.299372913
75.57838934	6.081007488	8.803685031	9.536918142
8.351302872	41.77999176	14.62039628	35.24830909
