>kznf__ZNF778_Imbeault2017_OM_RCADE
35.2222	10.7778	33.4444	20.5556
8.111106674	3.222218679	88.55556369	0.1111109544
4.999999	47.22219056	7.222218556	40.55559189
1.444440289	67.22221344	9.444441889	21.88890438
2.333329043	0.1111109544	96.55556041	0.99999959
0.1111110211	3.666670697	55.22221049	41.00000779
7.666673833	43.22222161	6.777783389	42.33332117
6.777777899	0.1111109656	91.66667158	1.444439552
0.1111109989	3.222219968	3.666669963	92.99999907
0.1111110422	98.33333737	1.444440549	0.1111110422
1.888890378	17.0000034	1.888890378	79.22221584
0.11111101	2.77778025	81.44440733	15.66670141
