>jaspar__MA0132.2
1483	2206	2441	999
292	2469	0	4661
4839	2291	185	78
7130	45	0	0
0	0	0	7130
0	0	0	7130
7130	0	0	0
2181	1216	2881	852
>jaspar__MA0674.1
403	695	734	381
0	573	0	1640
1407	805	0	195
2212	200	12	40
0	0	0	2212
58	45	0	2212
2212	27	132	17
1450	294	142	327
>jaspar__MA0675.1
3761	6072	5228	3874
1172	7831	814	11104
11354	7581	1053	2582
18935	310	191	546
584	0	0	18935
2468	2233	551	18935
18935	370	775	678
9971	3457	1660	3846
>jaspar__MA0706.1
8099	3821	6833	5176
3262	8942	14987	2754
1469	5055	642	23930
23930	8988	3016	900
23930	788	272	492
76	38	169	23930
1152	6039	4974	23930
23930	359	4099	1032
9634	3380	4086	6830
5918	7195	5708	5108
>jaspar__MA0722.1
447	2775	455	2479
679	995	101	5253
5253	863	189	302
5253	153	46	133
297	86	213	5253
508	321	1951	5253
5253	87	1332	398
977	1911	933	1433
>jaspar__MA0723.2
1950	4037	4256	3255
857	5691	117	7807
13498	5627	962	2652
13498	422	0	1850
357	0	0	13498
1361	133	2988	13498
13498	0	0	1082
3885	3203	4715	1695
>jaspar__MA0876.1
1449	3929	2290	1164
688	5585	103	3247
4036	2483	2197	116
8832	194	1078	66
0	0	0	8832
96	0	0	8832
8832	0	0	0
2770	2369	2417	1276
>jaspar__MA0887.1
1959	1806	3092	1037
2045	2506	2629	714
1196	2343	269	7894
3899	1752	1885	358
7894	29	236	0
0	67	267	7894
232	463	171	7894
7894	14	725	172
1333	2098	2720	1743
1432	3318	1958	1186
>jaspar__MA0888.1
4411	5113	7814	3082
5143	6306	7041	1929
2541	5669	969	20419
10108	5018	4541	752
20419	156	881	0
5	166	702	20419
303	863	445	20419
20419	0	1559	446
4090	4858	7789	3682
3778	7715	4997	3930
>jaspar__MA0892.1
331	391	209	252
164	535	258	226
124	450	48	733
781	402	60	177
1183	106	123	50
90	79	3	1183
106	106	0	1183
1183	0	9	103
448	249	313	173
350	305	214	315
>jaspar__MA0893.2
816	2277	2721	0
503	2611	400	4998
2775	2223	95	29
4998	0	708	0
0	121	0	4998
0	0	77	4998
4998	0	1005	20
2158	659	2840	918
>jaspar__MA0903.1
4500	2526	3151	2722
2554	4145	4005	2194
1744	4979	604	7920
7793	5106	838	697
12899	545	640	242
0	150	0	12899
441	839	0	12899
12899	119	0	574
4542	2119	4732	1506
3199	3995	2981	2724
>jaspar__MA0910.2
537	405	2287	399
0	2150	0	1480
3629	3006	47	0
3629	0	0	0
0	0	0	3629
178	0	507	3629
3629	0	0	0
943	1683	551	452
>jaspar__MA1496.1
1089	397	1365	94
0	967	0	2454
893	1561	176	0
2454	0	684	0
0	0	39	2454
0	173	171	2454
2454	146	260	0
636	593	840	385
>jaspar__MA1497.1
1275	1595	2728	1603
1337	1725	7201	1605
87	2967	100	4234
7201	3768	833	1482
7201	745	908	11
0	0	0	7201
1911	233	553	7201
7201	94	502	663
2700	1377	1632	1492
1234	2457	2020	1489
>jaspar__MA1500.1
1357	2468	2395	3724
0	710	0	6192
6192	647	0	564
6192	0	0	0
0	436	727	6192
403	926	4139	6192
3128	0	3064	0
691	4868	996	1324
>jaspar__MA1502.1
522	536	2779	637
0	2560	0	1914
4474	3374	89	0
4474	0	0	0
0	0	0	4474
284	0	542	4474
4474	0	0	0
1174	1704	830	766
>jaspar__MA1504.1
2731	1867	2809	1353
188	3111	0	8759
3607	5152	0	0
8759	0	583	0
0	0	0	8759
0	0	0	8759
8759	0	825	0
2776	1679	2713	1592
>jaspar__MA1507.1
1186	705	1155	359
0	1184	0	3405
1542	1862	0	0
3405	0	176	0
0	0	0	3405
0	0	0	3405
3405	0	194	0
1102	525	1147	631
>jaspar__MA1530.1
1400	2731	2723	51
0	4562	0	6906
153	6753	533	626
6906	0	0	0
0	0	0	6906
0	467	0	6906
6906	0	701	0
6906	789	379	3753
3050	1370	885	1601
>jaspar__MA1546.1
203	515	216	411
112	880	464	167
1	2	1344	126
181	79	6	1344
9	1344	23	263
1344	2	19	2
13	1344	2	201
161	1	1344	0
3	836	508	6
197	414	127	606
512	228	138	467
1344	152	353	86
50	43	24	1344
83	138	52	1344
1344	66	108	215
390	326	363	266
>swissregulon__hs__HOXB2
1887	1505	1785	1501
1431	1914	2184	1150
1046	2021	376	4658
4380	2299	723	204
6679	187	377	80
0	0	0	6679
461	742	52	6679
6679	178	34	369
2168	1309	2091	1111
1601	2146	1581	1351
>swissregulon__hs__HOXD3
439	283	410	241
245	408	479	241
82	505	16	868
1373	457	186	168
1373	117	77	162
30	0	67	1373
80	79	367	1373
1373	28	20	109
453	290	427	204
250	433	368	322
>swissregulon__hs__MNX1
213	25	214	158
127	167	191	125
1	217	7	393
610	121	0	56
610	36	0	0
8	43	0	610
140	21	65	610
610	0	0	0
319	54	112	124
264	123	109	115
>swissregulon__hs__NKX6-1
2713	3310	4488	2427
0	4163	0	8774
8543	4395	319	1205
12938	0	0	0
0	0	0	12938
461	0	0	12938
12938	0	0	0
7141	1566	1019	3212
>swissregulon__mm__Nanog
2719	163	3316	583
576	1919	3879	407
176	5168	108	1329
2048	4191	237	305
6224	129	75	353
7	20	7	6747
7	2468	20	4286
4991	787	244	759
3933	780	1627	441
1234	3235	1539	773
>swissregulon__mm__Nkx6-1
502	705	732	457
47	903	104	1492
1482	913	105	167
2395	237	0	0
0	0	0	2395
30	553	109	2395
2395	213	209	0
1206	432	217	540
>flyfactorsurvey__zen2_SOLEXA_2_FBgn0004054
443	639	473	679
681	789	731	689
421	986	412	1173
338	12	0	2642
2752	1	216	23
2963	0	3	26
17	271	21	2683
309	195	1383	1105
1803	50	900	162
288	535	320	312
>hocomoco__GSX2_HUMAN.H11MO.0.D
939	1966	959	2269
406	354	128	5245
5410	173	295	255
6077	12	31	13
158	328	118	5529
795	303	1526	3509
3485	355	1845	448
1225	1553	2536	819
1795	1213	990	2135
1915	777	943	2498
1890	605	606	3032
1162	727	544	3700
945	350	393	4445
4501	295	660	677
5184	208	337	404
709	726	626	4072
>hocomoco__HXA2_HUMAN.H11MO.0.D
3453	2572	4313	3302
2345	2167	7708	1420
533	1474	434	11199
10452	2322	685	181
13438	61	141	0
81	0	41	13518
1	92	85	13462
12944	228	183	285
4911	728	6233	1768
1871	4472	3184	4113
4175	1647	5088	2730
>hocomoco__HXD3_HUMAN.H11MO.0.D
124	148	188	137
147	41	342	67
30	127	169	271
1	1	4	591
548	0	49	0
542	0	55	0
0	0	62	535
5	5	119	468
431	12	135	19
101	108	273	115
99	93	258	147
>hocomoco__LHX2_MOUSE.H11MO.0.A
94	84	165	157
84	118	65	233
27	3	4	466
445	11	41	3
481	8	3	8
5	3	11	481
9	7	197	287
327	1	171	1
15	68	395	22
73	144	114	169
>hocomoco__MEOX2_HUMAN.H11MO.0.D
6933	7571	4945	19699
1420	2299	1095	34334
34395	389	3892	472
38747	121	169	111
78	366	249	38455
5	5	14222	24916
37178	36	1881	53
2307	15279	6120	15442
6256	8646	13314	10932
17846	4055	4135	13112
9935	4079	2950	22184
>hocomoco__NKX61_HUMAN.H11MO.0.B
122	59	263	56
353	44	75	28
84	135	46	235
156	25	59	260
304	30	133	33
493	1	4	2
15	23	62	400
21	46	280	153
189	37	200	74
63	168	216	53
167	108	79	146
230	30	53	187
195	28	21	256
149	28	24	299
69	52	26	353
298	54	127	21
490	0	7	3
63	15	35	387
77	46	199	178
>hocomoco__NKX61_MOUSE.H11MO.0.A
306	66	62	64
91	119	80	208
136	30	36	296
287	39	105	67
465	6	14	13
27	12	60	399
29	38	250	181
112	31	216	139
80	149	200	69
172	132	60	134
206	26	34	232
147	26	35	290
113	25	20	340
51	42	21	384
300	66	113	19
476	9	5	8
58	9	44	387
93	14	183	208
215	44	185	54
>hocomoco__NKX62_HUMAN.H11MO.0.D
2467	1765	1601	2228
2800	1228	1429	2604
1508	364	448	5741
149	188	101	7623
7665	4	239	153
8059	1	0	1
78	0	13	7970
890	240	2982	3949
5055	248	2470	288
731	3715	2375	1240
1564	2729	2070	1698
>hocomoco__PDX1_HUMAN.H11MO.1.A
259	21	98	120
13	80	63	342
43	6	3	446
423	14	57	4
484	4	9	1
13	3	39	443
4	4	195	295
327	8	149	14
41	143	123	191
>taipale__GSX2_DBD_NNYMATTANN
2836	2469	2083	2121
1543	3895	2235	1835
1147	4131	520	5377
6175	3332	504	1446
9508	458	640	712
663	344	0	9508
840	811	130	9508
9508	298	155	796
4398	1642	2235	1233
3588	2288	1535	2097
>taipale__HOXA2_DBD_NNYMATTANN
2196	2619	2370	1801
1574	3394	2663	1355
906	2764	513	6221
5858	3128	651	204
8985	344	491	41
0	0	6	8985
161	1247	0	8985
8985	135	31	336
2188	2849	2840	1108
1640	3786	2040	1520
>taipale__HOXB5_DBD_NNYMATTANN
318	170	235	167
225	230	220	214
68	324	8	566
589	300	24	98
889	139	0	0
0	0	0	889
0	216	13	889
889	239	0	179
329	148	230	182
232	198	232	228
>taipale__Hoxa2_DBD_NNYMATTANN
7453	5438	6024	4630
4303	8871	6774	3596
1652	5725	890	17820
16132	7413	1947	721
23545	422	878	143
64	380	134	23545
807	2134	33	23545
23545	16	0	458
6230	6604	6894	3818
5204	8830	4112	5398
>taipale__NKX6-2_DBD_NYMATTAN
3169	6240	5282	3572
756	7172	551	11090
10629	7633	906	2470
18262	198	0	124
316	0	0	18262
1908	2026	467	18262
18262	180	547	142
9540	3567	1672	3483
>taipale__PDX1_DBD_NYAATTARNNNYAATTAN
279	447	581	285
80	578	25	1015
1592	412	174	103
1592	50	24	42
17	25	16	1592
45	55	160	1592
1592	23	138	141
887	218	706	154
248	524	458	363
491	260	583	258
287	420	567	318
71	511	35	1081
1592	427	134	102
1592	49	37	42
30	23	20	1592
89	100	176	1592
1592	25	135	89
571	302	493	227
>nitta__HGTX_TAAGTA20NTGA_KH_NYMATTAN_m1_c4
1196	1380	2786	1001
318	1804	262	4560
3364	2999	417	467
6363	105	213	0
0	0	0	6363
444	914	193	6363
6363	32	256	0
2873	1262	601	1627
>nitta__HGTX_TAGCGA20NGCT_KA_NYMATTAN_m1_c7
4321	3046	6559	3123
868	5158	608	11891
10388	6661	1352	844
17049	0	0	0
0	0	0	17049
1268	1665	272	17049
17049	327	228	0
5660	3822	1401	6166
>nitta__Scr_TTAGGG20NTA_KH_NYMATTAN_m1_c3
27329	44452	71494	19682
17471	78153	8132	84805
82219	80738	9477	3800
162958	2965	10510	0
0	0	0	162958
0	9615	425	162958
162958	0	719	0
45986	52958	45331	18682
>nitta__Ubx_TATTGT20NGTG_KG_NYAATTAN_m1_c3
3394	2396	9980	3860
556	7962	82	11668
19630	7701	671	2120
19630	275	4	544
0	0	0	19630
2814	8	2217	19630
19630	0	0	565
7339	6134	2885	3272
>nitta__abd-A_TCACTT40NTTG_KU_NNTAATTACC_m1_c2
2034	3312	2261	1468
1731	2636	1691	3017
554	1572	224	9075
9075	819	188	1524
9075	80	98	1
179	1020	464	9075
477	659	3632	9075
9075	49	3996	141
1822	9075	1760	1610
2734	9075	2453	2624
>nitta__abd-A_TGTCTG40NAGG_KY_NNTAATTACC_m1_c3
2133	2525	2597	1767
1384	1760	1489	4390
245	357	0	9022
9022	249	63	1489
9022	5	6	0
78	165	330	9022
167	540	3547	9022
9022	0	4290	25
1724	9022	1646	1167
2217	9022	2398	2522
>nitta__bsh_TGTTGC20NGTG_KG_NYAATTAN_m1_c3
4122	4418	4664	4830
1310	8838	478	9194
18033	6226	6940	2123
18033	1377	1141	1586
400	351	479	18033
1043	1646	2835	18033
18033	531	253	1874
5653	3957	3949	4473
>nitta__btn_TTACGC20NTA_KI_NNTMATTANN_m1_c4
82	92	149	31
67	103	121	63
70	67	36	354
225	129	27	13
354	34	22	0
13	0	0	354
6	23	0	354
354	0	8	75
63	110	87	95
73	125	70	86
>nitta__zen2_TTATTA20NTA_KH_NTMATTAN_m1_c4
4414	9245	18913	2633
2089	8033	2400	35204
16391	18814	850	56
35204	47	5109	0
0	93	8	35204
79	1639	0	35204
35204	0	4299	652
7018	10491	14495	3201
>nitta__zen_TTATGT20NTA_KH_NTMATTAN_m1_c3
634	1047	1649	336
462	1159	483	3666
1387	2279	122	69
3666	0	593	0
0	66	0	3666
118	161	15	3666
3666	126	550	4
801	1030	1461	373
>taipale_cyt_meth__HOXB4_RTMATTAR_FL_meth
1785	802	1856	500
36	1123	0	3641
1541	2100	106	76
3641	1	1247	0
0	0	0	3641
0	136	249	3641
3641	0	102	206
1684	545	1957	822
>taipale_cyt_meth__HOXC4_NTMATTAN_FL_meth
697	632	814	377
225	1215	14	2521
968	1553	51	81
2521	0	839	0
0	0	0	2521
0	109	0	2521
2521	0	455	105
670	597	860	394
>taipale_cyt_meth__HOXD4_NTMATTAN_FL_meth
813	572	935	346
255	1410	0	2666
1025	1641	59	13
2666	0	834	0
0	0	0	2666
87	346	4	2666
2666	0	435	51
775	541	942	408
>taipale_cyt_meth__NKX6-2_NTCATTAN_FL
1180	1798	2327	285
325	874	400	5590
4948	5590	1623	382
5590	0	11	0
0	0	0	5590
0	943	106	5590
5590	31	504	0
3109	753	190	1538
>taipale_cyt_meth__NKX6-2_NTCATTAN_FL_meth
1697	2186	2216	403
458	1317	73	6502
4573	6502	1575	1366
6502	0	1221	0
0	0	0	6502
97	632	0	6502
6502	0	438	0
3346	926	333	1897
>taipale_cyt_meth__NKX6-3_NTMATTAAN_eDBD_meth_repr
673	1269	1329	11
0	2027	0	3282
72	3210	222	254
3282	0	442	0
0	0	0	3282
0	364	0	3282
3282	0	362	0
3282	380	98	2089
1532	614	401	735
>taipale_cyt_meth__POU3F1_NTAATKAKATGCRN_eDBD_repr
28	27	22	23
18	12	4	99
99	11	13	4
99	1	3	4
7	11	9	99
4	19	72	27
99	15	44	29
10	30	65	35
99	25	26	19
7	13	9	99
19	4	99	18
5	99	11	17
54	9	45	15
24	25	25	26
>transfac_public__M00018
4	4	12	7
9	5	8	8
9	7	14	4
7	7	20	7
12	9	18	6
9	18	16	12
9	13	8	32
3	0	0	76
74	3	3	6
85	0	2	1
0	3	3	82
8	4	41	21
13	3	41	2
9	23	17	8
6	17	11	20
11	11	4	22
9	14	7	11
6	5	15	4
4	3	7	10
>stark__KNVNVBYTAATKRSBHNVD
0	0	50	50
25	25	25	25
33.33333333	33.33333333	33.33333333	0
25	25	25	25
33.33333333	33.33333333	33.33333333	0
0	33.33333333	33.33333333	33.33333333
0	50	0	50
0	0	0	100
100	0	0	0
100	0	0	0
0	0	0	100
0	0	50	50
50	0	50	0
0	50	50	0
0	33.33333333	33.33333333	33.33333333
33.33333333	33.33333333	0	33.33333333
25	25	25	25
33.33333333	33.33333333	33.33333333	0
33.33333333	0	33.33333333	33.33333333
>idmmpmm__ftz
17.66991342	14.33008658	40.68722944	27.31277056
23.35551948	19.97132035	42.60010823	14.07305195
4.564393939	41.1780303	3.564393939	50.69318182
36.81764069	59.5297619	0.6628787879	2.989718615
95.39393939	3.090909091	0.5681818182	0.946969697
0.5681818182	0.5681818182	0.5681818182	98.29545455
15.80140693	2.367424242	0.8522727273	80.9788961
89.24025974	1.325757576	0.946969697	8.487012987
65.24675325	2.895021645	22.86363636	8.994588745
>cisbp__M00172
18.37885189	30.30160404	16.46440289	34.85514119
10.70980403	5.425768705	2.319054562	81.54537271
86.82193316	2.256600047	7.417627606	3.503839182
96.54112764	1.768212433	0.09071515123	1.599944772
1.828502189	9.713310441	5.070792695	83.38739468
11.30531289	9.63375216	41.89945342	37.16148153
44.75920935	6.368074958	35.92010689	12.9526088
20.49772417	31.19674816	27.39372202	20.91180566
22.77403219	28.66339715	21.02308139	27.53948927
21.27289232	24.9639704	21.06122351	32.70191377
>cisbp__M00349
15.45177236	38.00522737	21.0673345	25.47566576
19.14575454	28.84916345	21.37198593	30.63309608
53.49640575	12.67478351	19.68022785	14.14858288
82.51245059	4.405920474	6.44270961	6.638919329
4.432919942	0.02125971093	0.05229045113	95.4935299
0.8056904836	7.418258855	2.302382311	89.47366835
85.2958286	0.06627951206	5.186844681	9.451047207
32.28624265	16.03287362	33.60386921	18.07701452
21.00463706	28.63824967	23.92067686	26.43643641
>cisbp__M00350
15.5567428	39.82497249	19.97525315	24.64303156
23.6922411	22.99202955	32.30259652	21.01313282
41.00922666	18.24328527	19.76271501	20.98477305
82.41607955	3.903136882	9.410071562	4.270712002
0.02089544762	0.3109186547	0.007025394133	99.6611605
0.0696505601	10.86705203	1.204103688	87.85919372
84.32025453	0.9652405869	4.593407411	10.12109747
30.05060951	18.22661601	30.96578682	20.75698765
>cisbp__M00380
19.77115043	29.49509051	12.86131317	37.87244588
9.412204869	7.940746095	1.032524978	81.61452406
89.04336347	2.201465955	8.32383829	0.4313322871
99.40888777	0.01513480115	0.01088076775	0.5650966642
1.149952738	8.932719139	2.584987943	87.33234018
12.85096155	5.890958028	25.36622685	55.89185357
58.91842288	3.804383006	31.06723803	6.209956087
18.87588012	22.37367228	42.00904376	16.74140384
>cisbp__M00384
26.00108657	24.48690116	18.69279823	30.81921404
12.12460931	11.88452596	3.371093641	72.61977109
70.0489238	0.03334637896	27.09079249	2.82693733
96.21223971	0.9291887199	0.01074361755	2.847827953
2.477453163	11.10317476	6.802097917	79.61727416
7.57981847	8.894999374	39.46796185	44.0572203
54.15906467	6.63212562	27.71365796	11.49515174
18.35834693	34.1268459	25.53587547	21.9789317
20.17763159	32.6085539	19.9768608	27.23695371
>cisbp__M00387
31.5764594	22.03014819	20.54077402	25.85261839
15.17083027	6.81669345	2.115676296	75.89679998
84.59569124	4.942559601	10.25620958	0.2055395791
95.136465	0.02665742211	2.237395207	2.599482366
7.588672822	5.735395538	9.456068619	77.21986302
16.24528662	12.40131869	17.95381833	53.39957636
37.68297247	8.159707593	41.23173941	12.92558052
19.35289249	31.9075255	26.91925665	21.82032535
22.27145235	28.03085015	22.49528417	27.20241333
>cisbp__M00395
21.94603295	32.73963397	17.96789209	27.34644099
8.857032235	5.318608699	0.09359406994	85.730765
85.70684699	3.257411032	9.98348989	1.052252093
95.46206951	0.9692128725	0.04777412958	3.520943492
4.12064422	12.88429999	6.593006824	76.40204897
11.13284086	19.48995834	32.78264882	36.59455197
45.17035853	9.211392999	30.27859681	15.33965165
20.10615276	30.29630856	28.24809087	21.34944781
20.2148577	29.26574923	22.11857745	28.40081562
>cisbp__M00406
21.631069	29.198889	14.2126251	34.9574169
12.71427771	9.325248286	1.808912057	76.15156195
81.79176102	4.196188101	12.35642929	1.655621585
95.51466976	0.7402849099	1.082507216	2.662538115
2.175022803	12.14647675	4.46843908	81.21006137
14.5739234	8.241924427	26.82230623	50.36184594
50.90535122	6.553295484	33.78334907	8.758004221
19.69886056	23.8208392	38.1132044	18.36709584
>cisbp__M00439
22.28875544	28.05262782	20.16769993	29.49091681
13.58192888	5.690170146	1.783789708	78.94411127
74.9165874	6.661704129	11.20517054	7.216537932
95.05118772	0.03094374396	2.397473717	2.520394823
3.325358238	6.120093713	7.327082457	83.22746559
17.00866894	11.06429384	16.01816118	55.90887604
34.5558336	10.40801707	39.35316411	15.68298523
27.49024711	20.98549094	32.91180116	18.61246079
>cisbp__M00450
19.6325111	25.97636072	21.69728031	32.69384786
16.80235545	14.46192136	10.08974017	58.64598302
70.03781082	0.06647264642	21.73742112	8.158295409
96.46779574	0.02870193408	0.6765216902	2.82698064
9.975951138	2.293725406	8.672675278	79.05764818
7.938204272	13.35227907	29.71604356	48.9934731
59.29972004	3.430152036	30.95716841	6.312959508
20.94216354	32.19349846	29.71834467	17.14599333
16.0609286	34.34270171	20.62264054	28.97372914
>cisbp__M00487
24.55795332	26.60331324	17.30569721	31.53303624
11.90003294	4.248394591	2.681942025	81.16963044
77.59727293	7.039465784	9.989477453	5.373783831
95.22723504	0.05111210019	1.986284849	2.735368013
3.912383339	6.386246782	6.259790623	83.44157926
14.05467738	10.62229665	14.19592923	61.12709673
35.51446129	11.13329284	37.71055293	15.64169295
28.86058616	20.95708685	33.53121727	16.65110972
>cisbp__M00504
18.79530132	31.29964979	16.66993685	33.23511204
12.34624938	5.949768569	2.394925977	79.30905608
83.62641843	2.354573202	9.937937264	4.081071108
95.87975042	0.8547850949	0.7734415383	2.492022942
2.084502597	11.87612716	5.838829005	80.20054124
12.2113942	11.38582849	42.19785822	34.20491909
44.56551545	6.868600435	35.40879954	13.15708457
18.62199457	32.60101378	27.78075141	20.99624024
21.5547841	29.68369163	22.43445152	26.32707275
>cisbp__M00516
26.68062858	22.96422984	20.57214098	29.78300059
11.62294588	8.272867939	3.167622281	76.9365639
88.62687174	0.02744517517	9.722425309	1.62325778
95.60100213	1.616370661	0.03652286792	2.746104338
5.787272808	19.60257946	8.212531037	66.39761669
10.46953497	23.06853594	33.39711798	33.06481111
32.68878546	7.744880675	44.12524496	15.4410889
18.97303175	27.19460449	33.88656386	19.94579989
17.00118526	31.9216053	17.51894843	33.558261
>cisbp__M00532
18.0770732	31.64703493	14.94900079	35.32689108
8.772436701	5.163499839	1.152132546	84.91193091
90.34342311	1.250593479	6.577259843	1.828723571
98.32640552	0.04634196366	0.04588085341	1.581371666
1.003333987	9.238027981	5.54739496	84.21124307
9.452953901	8.218003323	43.22103398	39.10800879
50.07558074	5.225411126	34.58892274	10.11008539
17.33755639	34.56615547	26.92014895	21.17613919
20.84742911	29.88123336	20.84742911	28.42390841
>cisbp__M00545
35.12234856	19.86258158	22.62007167	22.39499819
21.0099483	24.90319365	28.93338314	25.15347491
21.72926043	48.84537806	14.85980266	14.56555885
11.24600629	9.776808186	8.166276641	70.81090888
31.57681296	47.10706945	8.605685457	12.71043214
80.03918653	9.801312906	4.273855498	5.885645067
6.542384797	1.597279304	5.51957987	86.34075603
9.365616914	6.599838693	2.00781127	82.02673312
71.64136917	4.313168088	6.901043894	17.14441885
29.22459985	17.90376123	19.58983512	33.2818038
>cisbp__M00546
33.78812464	19.30008304	23.33861766	23.57317466
21.87805157	24.66743426	27.26173097	26.19278321
21.90889464	52.29457839	13.15619437	12.64033261
8.629382942	7.808188581	6.457052867	77.10537561
31.48659701	48.40300814	7.687241171	12.42315368
83.43860217	9.432027307	3.016541748	4.112828776
4.579524385	0.5664282548	3.78707952	91.06696784
7.075198438	4.695457214	1.169522436	87.05982191
75.67179326	2.047061765	5.564490795	16.71665418
27.99273177	17.67135376	18.39253539	35.94337908
>cisbp__M00550
34.28355024	19.58307464	14.80056942	31.3328057
23.39480333	4.53812494	7.188725657	64.87834608
63.00381377	2.954103619	4.870493473	29.17158913
89.04849846	1.802511821	0.6565090164	8.492480698
2.392799807	3.569637848	0.1156096496	93.9219527
6.746985323	9.866012662	39.61056145	43.77644056
46.94050532	28.75699252	10.16429365	14.13820851
36.58598713	15.32775599	32.44885968	15.6373972
25.71894332	21.48226722	21.6981676	31.10062186
27.50253087	21.20587004	19.97093631	31.32066277
>cisbp__M00557
24.3482911	25.85390533	30.64475942	19.15304415
20.68500246	31.79817566	18.16340615	29.35341573
11.08563903	3.338930312	1.168417758	84.4070129
89.46097173	5.123318946	5.385997125	0.02971220014
94.75426743	0.09840013361	2.34265964	2.804672797
13.93440992	3.334628622	8.70903781	74.02192365
19.25694063	12.40217113	23.28644771	45.05444053
35.77751599	6.470928789	46.86727408	10.88428114
18.74309819	30.59466319	29.10254386	21.55969476
>cisbp__M00561
21.57993901	29.12987073	13.35330785	35.93688241
4.95138846	11.35511194	0.6247948236	83.06870477
96.53205085	0.001206387513	3.455181841	0.0115609191
99.00421504	0.93721968	0.001572894742	0.05699238746
2.250439167	26.07886933	4.909270627	66.76142088
14.92398783	6.910001398	23.40547197	54.7605388
69.39754937	1.161661788	27.93419472	1.506594124
9.051763309	11.05584867	71.01986163	8.872526387
15.24625865	36.02935916	31.01075682	17.71362537
>cisbp__M01503
31.22696458	21.56953648	15.66269815	31.54080079
10.8092936	8.169488363	1.150741231	79.8704768
95.1427463	0.003074473408	4.832569709	0.02160951305
99.30955771	0.2947115547	0.001870109711	0.3938606227
2.447754891	9.348082419	2.989694576	85.21446811
13.16768599	6.53887935	21.27996027	59.01347439
54.19777332	2.894000571	34.21416792	8.694058186
14.87854389	34.46416772	29.96170804	20.69558035
>cisbp__M01506
22.04459971	31.5971732	15.07545102	31.28277607
9.248466985	4.732519888	0.009508756269	86.00950437
89.09920965	3.973909872	6.751403873	0.1754766076
89.46166776	5.952493699	2.897389737	1.688448806
4.15309207	20.77713563	8.79209598	66.27767632
24.42713493	11.88996303	23.00460933	40.67829271
66.34533261	16.52498393	7.499777951	9.629905509
31.78711415	14.57140421	39.21506532	14.42641632
15.82348936	32.50830205	26.3507175	25.31749109
>cisbp__M02114
13.45844758	40.83775337	12.9307343	32.77306475
8.10073161	8.264377244	0.3760453167	83.25884583
91.7579345	3.522440113	3.740255645	0.9793697402
97.68272862	0.1575085974	0.6198515683	1.539911218
2.329568134	0.8070924158	1.691613658	95.17172579
7.844330026	4.525784721	28.49677665	59.1331086
70.64652207	1.695010407	24.47589805	3.182569473
16.8183833	35.60451772	31.89574234	15.68135665
11.87139107	36.02205515	24.88167016	27.22488362
>cisbp__M02118
26.81568717	30.23460285	27.63234642	15.31736356
15.58189064	32.65863796	16.38079125	35.37868015
10.63754399	6.387798135	2.785394818	80.18926306
86.5700443	1.285250766	6.827467726	5.317237212
90.82821246	3.521791989	1.348469099	4.301526449
4.292026994	8.139747126	2.21833988	85.349886
6.785048945	7.424026069	39.0452608	46.74566418
61.61950483	3.193056019	27.41193376	7.775505388
18.02815504	37.4098749	23.61624221	20.94572785
18.85184573	32.34989663	19.23267827	29.56557937
>cisbp__M02154
19.22731977	31.70049108	17.05310285	32.01908631
11.6674058	6.27641605	0.049627961	82.00655019
85.94252988	7.19710467	6.777977923	0.08238753043
95.94631139	0.1047465957	1.865984469	2.082957543
3.504940093	2.596523483	3.504940093	90.39359633
16.07987295	2.657985123	34.38320996	46.87893196
53.61649843	5.012109215	34.18738879	7.184003567
23.43939957	27.78283403	30.70478019	18.07298621
17.30394043	31.21610807	24.06922963	27.41072187
17.70592006	32.26228982	24.14069608	25.89109404
>cisbp__M02238
18.01491092	32.4986906	15.66141117	33.82498732
8.420397502	12.94431941	1.105897295	77.52938579
78.3421353	0.259521841	17.83362259	3.56472027
73.54500871	12.15690818	2.381897843	11.91618527
0.4056861319	12.65211642	0.6426368475	86.2995606
10.30103194	9.701146538	22.47141547	57.52640605
58.36758137	18.4813224	6.090685412	17.06041081
32.39092809	18.31789382	32.71646233	16.57471575
23.51050348	27.86711383	32.05481089	16.56757179
