>cisbp__M06810
28.4999715	15.16668483	2.666697333	53.66664633
2.166697833	87.4999125	3.666696333	6.666693333
9.5	1	79.8333	9.6667
18.6667	18.6667	8.3333	54.3333
19.6667	56.5	3.5	20.3333
52.16664783	0	28.16667183	19.66668033
10.8333	28	0.1667	61
0	98.8333	0	1.1667
0.1667	0	99.8333	0
40.16665983	6.666693333	3.999996	49.16665083
7.1667	33.6667	1.3333	57.8333
>cisbp__M07362
36.54823655	8.121808122	26.3959264	28.93402893
29.44162944	18.27411827	22.33502234	29.94922995
39.5939	17.7665	24.3655	18.2741
63.9594	4.0609	21.3198	10.6599
79.18787919	4.060904061	11.67511168	5.076105076
72.58887259	1.522801523	3.045703046	22.84262284
0	22.84262284	0.5076005076	76.64977665
0.5076005076	26.3959264	68.02036802	5.076105076
46.1929	0	47.2081	6.599
89.8477	0	9.6447	0.5076
0	86.802	0.5076	12.6904
0	0	100	0
0	0	100	0
1.5228	31.4721	0	67.0051
1.015201015	26.3959264	25.38072538	47.20814721
21.3198	18.2741	56.3452	4.0609
78.6802	4.0609	10.6599	6.599
4.5685	2.5381	87.3096	5.5838
94.9239	1.5228	3.5533	0
13.198	2.0305	1.5228	83.2487
4.568504569	11.67511168	12.18271218	71.57367157
>cisbp__M07363
69.5755	14.6226	11.3208	4.4811
79.95287995	3.066003066	0.7075007075	16.27361627
4.2453	4.9528	0.9434	89.8585
7.3113	82.783	3.3019	6.6038
7.783007783	13.20751321	4.009404009	75.000075
5.896205896	54.00945401	18.86791887	21.22642123
50.4717	18.3962	30.1887	0.9434
69.57556958	0.2358002358	29.00942901	1.179201179
1.179201179	93.3962934	0.2358002358	5.188705189
0.9434	98.5849	0	0.4717
16.7453	0	79.4811	3.7736
0.4717	12.0283	0.7075	86.7925
12.0283	37.0283	0.4717	50.4717
4.009404009	63.67926368	30.8962309	1.415101415
73.5849	1.8868	23.8208	0.7075
