>jaspar__MA0255.1
11	3	5	22
1	7	3	30
1	0	40	0
41	0	0	0
1	0	40	0
8	10	0	23
2	6	29	4
18	7	11	5
10	5	12	14
14	6	2	19
>jaspar__MA1523.1
98	269	515	117
111	211	220	456
332	272	249	145
64	723	31	180
980	0	2	16
31	896	27	45
37	7	0	954
47	862	29	60
775	140	24	59
271	568	63	96
>idmmpmm__z
51.17073171	2.43902439	7.817073171	38.57317073
29.35365854	25.19512195	9.817073171	35.63414634
8.597560976	27.41463415	13.03658537	50.95121951
5.37804878	86.30487805	7.097560976	1.219512195
77.48780488	0	13.19512195	9.317073171
0	99.5	0	0.5
0	0	0	100
0	98.2804878	0	1.719512195
78.36585366	3.658536585	14.53658537	3.43902439
71.54878049	7.097560976	6.658536585	14.69512195
>kznf__ZNF266_Imbeault2017_OM_RCADE
44.30946012	24.10487831	22.82607946	8.759582116
23.33762334	24.87212487	20.26852027	31.52173152
12.34018766	21.29157871	16.94368306	49.42455058
60.67775461	1.086960978	34.84653136	3.38875305
2.365730946	91.62403665	4.667521867	1.342710537
5.69053761	3.644498469	0.8312016509	89.83376227
8.503843402	80.37083215	2.365730946	8.759593504
99.55242967	0.06393861905	0.3196930953	0.06393861905
3.6445	92.3913	1.08696	2.87724
88.04348239	6.457798708	1.086959783	4.411759118
1.342709557	0.3196928945	93.15856926	5.179028291
11.0614	17.711	57.6087	13.6189
6.202046899	42.77487861	12.85169357	38.17138091
3.388748645	89.83376407	4.156008338	2.621478951
4.411762647	74.74424485	2.621481573	18.22251093
>kznf__ZNF266_Imbeault2017_RP_RCADE
20.3995	23.7893	23.3051	32.5061
16.76758323	23.06297694	22.33657766	37.83286217
15.07261507	29.6005296	15.07261507	40.25424025
46.30753705	24.51571961	21.36801709	7.808726247
22.5787	25.2421	19.1889	32.9903
14.5884	19.6731	12.1671	53.5714
57.44550402	0.3026630212	39.04360273	3.208230225
1.997579401	93.28087202	2.481839255	2.239709328
6.840188974	2.966099555	0.786924882	89.40678659
7.566593783	79.72153986	2.966101483	9.745764873
98.84987489	0.06053268462	1.029059739	0.06053268462
5.629541126	91.34381827	1.029060206	1.9975804
84.56416617	8.535106586	2.481839007	4.418888232
1.271190585	0.5447942506	92.31234246	5.871672701
11.4407	17.7361	58.8983	11.9249
5.145275884	38.07506954	14.58838833	42.19126625
3.208228717	91.58596337	2.72396891	2.481839007
4.418890884	74.15251483	3.692490738	17.73610355
>cisbp__M01259
9.801875455	26.91203919	51.55110986	11.73497549
11.15285499	21.15117624	22.01437211	45.68159666
33.29954975	27.26336545	24.9168399	14.52024491
6.498120626	72.34982253	3.131502749	18.02055409
98.06700156	0.01021039394	0.2312284573	1.691559586
3.144118077	89.61596006	2.733364944	4.506556923
3.702329555	0.7937094881	0.01962329755	95.48433766
4.745995106	86.25440494	2.966257707	6.033342246
77.58968571	14.03332001	2.438625358	5.938368918
27.11855021	56.83873247	6.361206136	9.681511186
