>cisbp__M06728
0	100	0	0
99.8333	0	0.1667	0
0	99.3333	0	0.6667
0.5	0	99.5	0
0.1667	0	0	99.8333
0	0	100	0
49.99995	33.16666683	6.166693833	10.66668933
9.1667	48	21.8333	21
32.83333283	19.5000195	14.33331433	33.33333333
22.3333	27.6667	14.5	35.5
23.1667	18.8333	28.6667	29.3333
11.000011	65.83336583	8.833308833	14.33331433
55.33335533	14.33331433	21.000021	9.333309333
9.8333	62.1667	7.1667	20.8333
22.5000225	18.33331833	51.33335133	7.833307833
>cisbp__M06741
56.2044	11.6788	18.9781	13.1387
8.7591	64.9635	8.0292	18.2482
10.9489	11.6788	67.1533	10.219
13.1387	11.6788	5.1095	70.073
5.109494891	20.43797956	62.04373796	12.40878759
37.22626277	34.30656569	12.40878759	16.05838394
32.11676788	16.05838394	23.35767664	28.46717153
27.0073	20.438	17.5182	35.0365
20.43797956	35.03646496	43.06565693	1.45989854
6.5693	11.6788	23.3577	58.3942
0	100	0	0
100	0	0	0
0	100	0	0
0	0	100	0
0	0	0	100
0	0	100	0
56.2043438	26.27737372	8.029191971	9.489090511
2.9197	58.3942	14.5985	24.0876
