>kznf__ZNF7_Imbeault2017_RP_RCADE
15.55820467	56.60351698	18.35680551	9.481472844
37.14731486	7.562263025	10.69370428	44.59671784
23.07459769	3.29832967	69.66299303	3.964079604
62.85359371	10.76059892	24.75359752	1.632209837
25.14049497	55.20338896	5.697118861	13.95899721
83.9887916	3.164479684	7.69610923	5.150619485
55.87086089	8.681863923	17.95698743	17.49028776
14.21210995	27.88501952	6.695734687	51.20713584
51.6720845	12.69269619	4.097928771	31.53729054
27.41827258	33.81506618	23.95397605	14.81268519
3.430428628	68.59747256	1.632209347	26.33988946
96.5687	1.63221	0.899545	0.899545
93.37030467	2.498740125	3.231410162	0.899545045
29.81710036	0.0999494012	69.98300084	0.0999494012
30.88260111	0.499747018	0.0999494036	68.51770247
0.8326188518	0.09994938221	98.96748238	0.09994938221
0.09994945057	29.15131475	29.40441488	41.34432092
24.61969261	9.494317152	2.43180927	63.45418096
6.429786785	6.762656619	72.91546354	13.89209305
52.13881043	1.69914034	40.94450819	5.217541044
2.431811216	77.77823889	1.29934065	18.49060925
