>jaspar__MA0010.1
3	1	4	1
1	1	1	6
5	2	1	1
7	0	1	1
3	0	0	6
6	0	0	3
4	1	4	0
7	0	1	1
1	8	0	0
9	0	0	0
8	0	1	0
5	0	3	1
4	0	0	5
2	3	2	2
>jaspar__MA1156.1
163	108	67	258
161	99	72	264
162	101	79	254
176	63	75	282
145	70	74	307
83	30	31	452
6	24	13	553
0	5	4	587
0	10	0	586
0	0	596	0
0	0	13	583
11	564	0	21
31	62	331	172
9	20	42	525
57	99	34	406
87	0	0	509
134	27	8	427
71	228	193	104
47	135	39	375
143	55	209	189
>jaspar__MA1157.1
139	103	87	241
141	104	90	235
151	109	83	227
170	77	84	239
127	76	85	282
70	47	42	411
8	33	19	510
0	5	8	557
0	8	0	562
0	0	570	0
0	0	5	565
0	570	0	0
18	51	381	120
3	19	33	515
63	89	46	372
74	0	3	493
148	41	15	366
56	183	202	129
24	148	55	343
131	54	227	158
>jaspar__MA1158.1
187	203	50	154
363	50	139	42
143	183	185	83
402	15	50	127
512	0	2	80
421	26	73	74
552	21	20	1
153	379	52	10
0	0	594	0
593	0	1	0
0	594	0	0
578	0	16	0
587	3	4	0
566	9	16	3
484	28	19	63
319	80	56	139
285	77	68	164
269	72	112	141
257	80	94	163
263	68	104	159
>jaspar__MA1159.1
293	126	40	141
343	57	160	40
340	48	116	96
433	0	44	123
310	16	27	247
486	22	92	0
532	4	22	42
33	0	566	1
591	6	0	3
0	599	1	0
592	1	7	0
598	1	0	1
560	10	11	19
428	34	21	117
285	83	43	189
>jaspar__MA1160.1
61	36	32	113
61	32	34	115
60	43	32	107
72	27	28	115
58	23	28	133
25	15	11	191
0	6	5	231
0	2	0	240
0	6	1	235
0	1	240	1
0	2	15	225
2	237	0	3
13	21	154	54
2	9	14	217
7	32	13	190
35	0	6	201
65	5	1	171
21	89	108	24
4	66	4	168
38	15	117	72
>jaspar__MA1370.1
40	18	20	82
29	4	8	119
1	7	4	148
0	2	7	151
0	3	0	157
0	0	159	1
0	1	0	159
0	160	0	0
3	14	111	32
1	5	8	146
3	25	10	122
17	4	8	131
53	6	0	101
13	57	75	15
6	44	3	107
31	14	78	37
>jaspar__MA1371.1
213	233	42	103
429	5	140	17
57	250	242	42
430	0	14	147
510	0	0	81
470	29	78	14
529	42	16	4
186	301	78	26
16	0	575	0
580	10	0	1
0	591	0	0
585	0	6	0
581	3	7	0
547	15	23	6
448	24	35	84
309	71	61	150
264	72	61	194
>jaspar__MA1373.1
28	37	2	27
64	4	25	1
8	34	33	19
57	1	2	34
87	0	0	7
68	6	17	3
91	2	1	0
24	67	3	0
2	0	92	0
94	0	0	0
5	89	0	0
93	0	1	0
83	11	0	0
91	0	3	0
75	7	0	12
>jaspar__MA1374.1
190	232	44	119
394	20	153	18
95	224	197	69
400	3	36	146
489	1	0	95
424	49	88	24
528	31	23	3
136	375	57	17
2	0	583	0
575	9	0	1
0	585	0	0
574	0	11	0
576	2	6	1
540	11	29	5
441	25	39	80
293	89	66	137
267	77	62	179
244	95	108	138
>cisbp__M06796
26.01347399	20.1013799	13.85138615	40.03375997
29.0541	12.8378	13.1757	44.9324
23.98647601	11.48648851	16.72298328	47.8040522
12.8378	6.0811	4.7297	76.3514
0.8445991554	4.054095946	0.8445991554	94.25670574
0	0.3378	0.5068	99.1554
0	0	0	100
0	0	100	0
0	0	0	100
0	99.6622	0	0.3378
2.027	7.7703	69.2568	20.9459
0.3378	3.2095	3.7162	92.7365
15.37158463	13.00678699	5.912194088	65.70943429
13.5135	0	0	86.4865
25.1689	8.7838	2.027	64.0203
11.6554	33.4459	32.9392	21.9595
5.5743	22.973	10.6419	60.8108
22.46622247	8.277008277	39.52703953	29.72972973
>cisbp__M06798
30.82193082	13.18491318	13.18491318	42.80824281
25	14.5548	15.5822	44.863
15.5822	8.3904	5.4795	70.5479
1.883598116	6.335593664	2.397297603	89.38351062
0.1712001712	0.6849006849	2.226002226	96.91789692
0	0.5137	0	99.4863
0	0	100	0
0	0	6.8493	93.1507
2.226	96.4041	0	1.3699
5.993194007	10.44518955	53.93834606	29.62327038
0.6849	3.4247	9.4178	86.4726
1.712301712	20.37672038	7.020507021	70.89047089
20.2055	0	0	79.7945
26.0274	1.8836	0	72.089
6.6781	40.7534	42.4658	10.1027
1.8836	30.8219	1.7123	65.5822
18.8356	7.0205	43.6644	30.4795
>cisbp__M06806
18.7291	13.2107	9.5318	58.5284
6.1873	11.3712	3.5117	78.9298
0	2.341102341	0.3344003344	97.32449732
0	0.5017	0	99.4983
0	0	100	0
0	0	0.1672	99.8328
0	94.9833	0	5.0167
7.190607191	6.521706522	0	86.28768629
0	26.4214	5.6856	67.893
31.1037	9.8662	7.3579	51.6722
23.913	7.5251	0.8361	67.7258
14.3813	21.0702	11.5385	53.01
9.866190134	26.92307308	13.54518645	49.66555033
19.5652	14.7157	19.8997	45.8194
24.7492	18.7291	22.9097	33.612
>cisbp__M06807
30.0501	10.5175	13.6895	45.7429
28.04672805	13.18861319	15.02501503	43.73964374
16.1937	10.1836	7.0117	66.611
2.6711	7.6795	3.005	86.6444
0	1.0017	0.8347	98.1636
0	0.3339	0	99.6661
0	0	100	0
0	0	11.0184	88.9816
3.171996828	87.97991202	0	8.848091152
8.013391987	9.181990818	45.74285426	37.06176294
0.6678	7.1786	10.0167	82.1369
2.337197663	18.03008197	6.510893489	73.12182688
18.6978	0	0.6678	80.6344
21.7028	2.8381	0.6678	74.7913
6.510893489	39.73286027	43.07175693	10.68448932
2.5042	27.379	2.3372	67.7796
18.3639	10.0167	42.571	29.0484
>cisbp__M06816
24.91347509	23.18337682	15.91698408	35.98616401
28.5467	13.1488	16.436	41.8685
26.2976	13.4948	18.8581	41.3495
14.01381401	10.20761021	5.363305363	70.41527042
1.0381	6.9204	2.2491	89.7924
0.173	0	1.3841	98.4429
0	0	0	100
0	0	100	0
0	0	1.0381	98.9619
0	98.0969	0	1.9031
2.595197405	9.16959083	59.68854031	28.54667145
0.8650991349	6.228393772	5.19029481	87.71621228
16.09	16.782	8.4775	58.6505
20.93427907	0	0.8650991349	78.2006218
20.58822059	10.55361055	2.076102076	66.78206678
12.8028	35.4671	27.1626	24.5675
10.7266	24.9135	14.5329	49.827
23.5294	12.2837	31.6609	32.526
>cisbp__M06823
26.9565	14.2029	12.7536	46.087
22.8986	10.4348	13.913	52.7536
13.62318638	6.086993913	6.666693333	73.62312638
1.4493	4.6377	2.3188	91.5942
0	0	3.1884	96.8116
0	0	0	100
0	0	100	0
0	0	0	100
0	99.7101	0	0.2899
2.3188	4.6377	78.8406	14.2029
0	2.029	5.5072	92.4638
4.3478	20.8696	6.6667	68.1159
11.0145	0	0	88.9855
29.56517043	6.086993913	1.449298551	62.8985371
12.7536	33.6232	35.942	17.6812
3.1884	25.2174	5.5072	66.087
21.7391	6.087	43.1884	28.9855
>cisbp__M06824
29.41177059	11.26048874	12.94118706	46.38655361
25.8824	13.9496	16.8067	43.3613
11.4286	5.042	5.042	78.4874
0.8403008403	3.361303361	1.344501345	94.45389445
0	0.5042	0.6723	98.8235
0	0.3361	0	99.6639
0	0	100	0
0	0.1681	0.5042	99.3277
0	100	0	0
2.6891	9.5798	62.6891	25.042
0.3361003361	4.033604034	4.537804538	91.09249109
14.4538	13.2773	6.2185	66.0504
17.479	0.1681	0.3361	82.0168
23.8655	9.2437	3.1933	63.6975
10.75628924	32.43696756	30.42016958	26.38657361
9.4118	23.8655	12.9412	53.7815
24.8739	10.9244	35.2941	28.9076
>cisbp__M06825
30.0341	10.0683	12.116	47.7816
21.5017	11.6041	14.6758	52.2184
10.2389	3.9249	5.4608	80.3754
0.3413	2.901	1.3652	95.3925
0	0.8532	0	99.1468
0	1.3652	0	98.6348
0	0	100	0
0	0	0	100
0	99.3174	0	0.6826
2.73039727	10.06828993	59.38564061	27.81567218
0.8532008532	2.901002901	3.924903925	92.32089232
14.16381416	12.7986128	4.266204266	68.77136877
14.3345	0	0	85.6655
21.843	7.3379	1.7065	69.1126
13.48121348	35.66553567	28.15702816	22.6962227
9.726990273	20.64847935	9.726990273	59.8975401
25.5973	10.5802	31.7406	32.0819
>cisbp__M07334
51.9164	12.1951	22.1254	13.7631
27.1777	21.777	34.3206	16.7247
62.5436	5.0523	13.4146	18.9895
73.3449	4.5296	3.8328	18.2927
58.5366	8.7108	18.1185	14.6341
76.1324	8.0139	10.453	5.4007
53.13584686	32.22996777	10.45298955	4.181195819
5.9233	0	93.3798	0.6969
99.8258	0.1742	0	0
0	99.8258	0	0.1742
98.9547	0	1.0453	0
95.99309599	1.567901568	2.439002439	0
79.0941	4.878	13.2404	2.7875
61.4982385	7.317092683	16.37628362	14.80838519
48.6063	14.1115	14.4599	22.8223
43.37984338	15.67941568	13.41461341	27.52612753
46.5157	12.3693	19.6864	21.4286
42.3345	17.4216	19.8606	20.3833
41.6376	11.6725	22.4739	24.216
45.4704	12.1951	18.8153	23.5192
43.2056	15.6794	18.1185	22.9965
>cisbp__M07335
28.547	37.094	11.2821	23.0769
62.0513	8.7179	20.8547	8.3761
21.0256	33.1624	32.3077	13.5043
68.0342	1.1966	7.1795	23.5897
84.61548462	0.1709001709	0.1709001709	15.04271504
64.1026	7.0085	14.188	14.7009
91.453	3.9316	4.1026	0.5128
20.8547	68.2051	7.5214	3.4188
0.6837993162	0	98.97430103	0.3418996581
99.1453	0.8547	0	0
0	100	0	0
100	0	0	0
95.8974	1.1966	2.3932	0.5128
88.547	3.0769	6.3248	2.0513
68.20516821	7.008507009	7.692307692	17.09401709
44.7863	14.359	11.7949	29.0598
48.2051	11.6239	10.9402	29.2308
36.9231	15.2137	22.735	25.1282
