>kznf__ZNF324_Imbeault2017_RP_RCADE
7.424241485	8.636361727	74.09091482	9.84848197
1.969701576	81.36366509	10.45450836	6.21212497
89.24241785	4.393940879	1.969700394	4.393940879
69.24241662	0.7575761818	21.96970527	8.030301927
3.181818409	0.1515149242	96.51515174	0.1515149242
0.7575759167	3.18181965	95.90908945	0.1515149833
78.9394	8.63636	3.18182	9.24242
14.69699118	2.575758455	1.969698818	80.75755155
6.212119317	0.1515149833	92.87878978	0.7575759167
0.1515149318	0.1515149318	99.5454552	0.1515149318
1.969700394	34.09090682	3.787880758	60.15151203
4.39394	2.57576	15.9091	77.1212
14.6969853	29.84847015	17.72728227	37.72726227
31.0606	2.57576	65	1.36364
75.30304518	4.393942636	8.030304818	12.27270736
