>jaspar__MA1989.1
12474	8738	9184	9395
12446	9140	9828	8377
24743	5084	3712	6252
31408	2339	3044	3000
36130	1397	1662	602
1391	36798	762	840
1058	37476	416	841
36734	940	796	1321
1718	35985	1217	871
36053	1397	1246	1095
23689	3546	7120	5436
10421	7498	16303	5569
12181	9924	9372	8314
12097	10060	8218	9416
>swissregulon__hs__CBFB
0.3484848485	6.063636364	4.112121212	12.47575758
0.9757575758	9.618181818	3.066666667	9.339393939
0.696969697	0	1.115151515	21.18787879
0	3.484848485	18.67878788	0.8363636364
0	5.715151515	0	17.28484848
1.672727273	0	21.32727273	0
0.8363636364	0	22.16363636	0
0	0	5.436363636	17.56363636
1.254545455	9.757575758	1.115151515	10.87272727
8.781818182	0.8363636364	4.321212121	9.060606061
1.254545455	7.387878788	7.806060606	6.551515152
>hocomoco__PEBB_HUMAN.H11MO.0.C
1	6	4	12
1	10	3	9
1	0	1	21
0	3	19	1
0	6	0	17
2	0	21	0
1	0	22	0
0	0	5	18
1	10	1	11
9	1	4	9
1	7	8	7
>hocomoco__RUNX1_HUMAN.H11MO.0.A
57	106	151	186
75	235	19	171
35	4	13	448
1	3	488	8
16	43	5	436
0	0	497	3
2	1	495	2
2	43	17	438
14	78	20	388
142	20	56	282
69	176	123	132
>hocomoco__RUNX2_HUMAN.H11MO.0.A
86	38	158	218
46	65	261	128
57	65	146	232
61	199	88	152
34	5	8	453
4	8	462	26
17	14	13	456
1	0	499	0
1	2	487	10
9	73	56	362
16	69	80	335
88	13	96	303
57	55	194	194
49	65	190	196
>homer__CAAACCACAG_RUNX
16.4	38.2	29.3	16.1
51.8	11.5	0.1	36.6
74.7	2	23.2	0.1
97.2	0.1	2.6	0.1
0.1	99.7	0.1	0.1
0.1	99.7	0.1	0.1
88.1	0.1	11.7	0.1
0.1	99.7	0.1	0.1
99.7	0.1	0.1	0.1
31.2	6.6	49.7	12.5
>kznf__ZNF558_Imbeault2017_OM_RCADE
21.46380644	8.63487259	56.9901171	12.91120387
79.02957629	4.029608791	14.88489553	2.055919383
4.358550872	26.72700535	1.39803028	67.5164135
20.80590832	42.84541714	9.292763717	27.05591082
1.726970228	1.069080141	0.08223681086	97.12171282
4.687499681	0.08223679441	92.84539369	2.384869838
3.371709663	13.56909864	11.92429881	71.13489289
36.92430738	9.621711924	51.06911021	2.384870477
6.332236201	2.055918766	72.45065653	19.1611885
54.68751641	13.24010397	23.43750703	8.63487259
6.003294803	7.648036118	11.26640901	75.08226007
7.648027706	10.60859682	19.49009415	62.25328132
6.661174671	55.34535572	14.88488809	23.10858151
82.31905061	1.398029161	14.88489107	1.398029161
6.661180666	5.674340567	8.634870863	79.0296079
18.83221883	11.26641127	58.96385896	10.93751094
8.63487	37.5822	1.39803	52.3849
2.055920822	93.17433727	2.384870954	2.384870954
0.4111839145	27.71379424	0.08223678289	71.79278507
6.003288199	6.3322381	19.16119425	68.50327945
10.2796	14.8849	12.2533	62.5822
18.50330555	73.76642213	4.029611209	3.70066111
86.92433477	2.055920822	6.332242533	4.687501875
10.2796	13.5691	16.5296	59.6217
>kznf__ZNF558_Imbeault2017_RP_RCADE
15.86539841	18.55769814	3.942309606	61.63459384
15.09618641	3.557686798	31.24997188	50.09615491
9.711543885	2.019230808	79.71153188	8.557693423
21.2499915	9.711536115	58.55767658	10.48079581
85.48076581	3.173078731	9.711536115	1.634619346
3.557688577	25.48078981	2.403849038	68.55767258
18.94228106	40.48075952	10.48078952	30.0961699
1.634619121	3.173078293	0.09615374827	95.09614884
7.403848238	0.09615377712	90.86537837	1.634619611
4.711542827	12.01920721	13.55770813	69.71154183
36.25001088	8.942312683	52.01921561	2.788460837
7.019231404	2.403850481	76.63461533	13.94230279
53.17307873	12.01919519	25.09618996	9.711536115
7.40385074	7.788460779	8.173080817	76.63460766
8.173080817	8.942310894	24.32690243	58.55770586
7.788463115	53.17312127	19.32690773	19.71150788
78.17304919	3.173077937	17.78848844	0.8653844375
6.634617346	4.326918269	13.17309473	75.86536965
18.5577	12.4038	57.7885	11.25
8.557688288	34.32689313	2.019229596	55.09618898
2.019229798	90.86539091	2.019229798	5.09614949
0.8653853981	23.94231101	0.4807692212	74.71153437
6.25	10.4808	16.25	67.0192
9.711541942	18.55770371	9.711541942	62.0192124
17.40381218	74.32695203	5.096153567	3.173082221
85.09616596	3.942308423	5.865377654	5.096147962
7.403853702	10.86540543	17.4038087	64.32693216
>cisbp__M01307
25.69925014	23.48734614	21.25222964	29.56117408
35.29857059	15.86067016	7.417502944	41.42325631
52.09431862	10.41300906	22.26588965	15.22678267
83.68181918	8.060872008	5.139838919	3.117469891
5.362081693	89.95884382	0.3326555448	4.346418946
5.439859113	88.56645389	1.120475515	4.873211484
29.75448116	1.065005271	62.99023711	6.190276461
5.9772349	89.8335101	0.4906413188	3.698613686
77.09107487	4.549364323	10.85892708	7.500633727
45.62488243	13.33581449	25.54529715	15.49400593
