>kznf__ZNF212_Imbeault2017_OM_MEME
3.636396364	3.636396364	92.72720727	0
92.72720727	0	2.727297273	4.545495455
3.636396364	4.545495455	91.81810818	0
95.4545	0.9091	0	3.6364
0	10.9091	89.0909	0
95.4545	0	1.8182	2.7273
4.545495455	10.90908909	82.72721727	1.818198182
90.90900909	3.636396364	0.9090990909	4.545495455
6.363606364	5.454505455	86.36368636	1.818201818
94.54540545	2.727297273	2.727297273	0
3.636396364	4.545495455	91.81810818	0
91.81810818	4.545495455	2.727297273	0.9090990909
10.9091	7.2727	80	1.8182
95.4545	2.7273	0	1.8182
4.5455	6.3636	87.2727	1.8182
90.9091	3.6364	5.4545	0
6.363606364	6.363606364	85.45458545	1.818201818
91.8182	0	6.3636	1.8182
0.9091	5.4545	91.8182	1.8182
90	7.2727	0	2.7273
10	5.4545	84.5455	0
92.7273	0	0.9091	6.3636
2.727297273	3.636396364	90.90900909	2.727297273
92.7273	0.9091	0.9091	5.4545
6.363606364	7.272707273	86.36368636	0
91.8182	8.1818	0	0
2.727297273	4.545495455	92.72720727	0
97.2727	0	1.8182	0.9091
3.636396364	1.818198182	94.54540545	0
95.4545	3.6364	0	0.9091
