>jaspar__MA0030.1
1	10	7	9
10	7	5	5
17	4	2	4
13	5	5	5
3	11	8	0
7	0	20	0
0	0	0	27
27	0	0	0
27	0	0	0
27	0	0	0
0	25	0	2
27	0	0	0
16	4	2	5
7	4	6	10
>jaspar__MA0047.3
112241	34080	63806	52026
93740	12432	38538	117443
18770	2928	236311	4144
3737	2037	1890	254489
243805	9424	2641	6283
223061	22429	6484	10179
248214	3329	2805	7805
2411	196969	3603	59170
246665	3086	2984	9418
76950	50576	50527	84100
85410	53633	56632	66478
>jaspar__MA0148.4
134110	53261	64510	70922
115096	16071	53682	137954
23286	5935	281612	11970
11061	13932	6092	291718
297679	14648	5243	5233
294900	13410	3774	10719
312906	2452	3652	3793
7396	272943	4805	37659
308904	3674	3226	6999
42299	23038	27283	230183
82540	60571	94376	85316
88104	64037	70936	99726
>jaspar__MA0157.3
6750	5288	5749	6125
7694	2514	5437	8267
3470	590	19202	650
1546	435	1199	20732
22240	968	328	376
22288	803	333	488
22551	483	464	414
403	21237	361	1911
22141	587	361	823
10324	4625	5165	3798
7049	5693	6558	4612
6552	5902	5692	5766
>jaspar__MA0480.2
4303	3190	3569	3054
4263	1677	3373	4803
1411	481	11670	554
945	555	1025	11591
12408	934	478	296
12663	849	384	220
12972	387	508	249
293	12710	356	757
13332	277	153	354
3621	3681	4051	2763
4061	3427	3494	3134
>jaspar__MA0481.3
26982	13908	16635	17193
26879	6209	14136	27494
10463	1573	59571	3111
1209	727	920	71862
69603	2095	1073	1947
65236	5067	1830	2585
70030	1487	1132	2069
1336	61094	1493	10795
68456	1904	749	3609
20210	17235	15846	21427
25974	14312	12809	21623
>jaspar__MA0846.1
8939	1279	454	11517
20456	1652	5093	2080
11301	3476	3129	9155
6418	440	14038	136
2005	3773	321	20456
20456	6759	87	122
20456	344	81	107
20456	105	279	242
31	14435	68	6021
20456	101	328	215
13296	2087	1710	7160
10995	3080	2649	9461
>jaspar__MA0929.1
326	225	225	225
225	225	225	326
320	127	230	323
150	55	741	55
111	0	0	889
803	101	0	96
999	0	0	0
898	0	0	101
26	521	26	428
923	26	26	26
438	219	124	219
413	196	196	196
>jaspar__MA1103.2
6548	2872	3471	3788
4861	2198	3423	6197
2697	551	12737	694
360	210	327	15782
15913	277	148	341
14387	1291	436	565
15593	330	391	365
499	14282	426	1472
15709	295	170	505
4836	3877	3950	4016
4855	3788	5012	3024
>jaspar__MA1446.1
466	329	350	417
389	341	350	482
135	20	1393	14
77	79	38	1368
1437	95	23	7
1421	86	12	43
1534	6	5	17
26	1481	2	53
1526	6	16	14
323	925	148	166
557	319	365	321
466	349	329	418
>jaspar__MA1606.1
23159	10753	12462	13166
17275	7560	8287	26418
18534	3754	33599	3653
568	446	1158	57368
57293	899	445	903
53942	2249	811	2538
57167	475	1067	831
437	54394	522	4187
56436	745	443	1916
18673	12643	14294	13930
20323	11715	12844	14658
>jaspar__MA1683.1
18375	8520	12744	9298
16693	3627	9296	19321
4481	1464	40396	2596
758	903	690	46586
45178	1980	636	1143
43099	3883	977	978
46046	973	934	984
951	39509	1205	7272
45552	933	614	1838
13442	9975	11451	14069
14902	9884	11103	13048
>jaspar__MA1859.1
249	218	250	283
151	409	205	236
323	425	181	71
51	401	52	496
106	36	23	835
749	43	177	31
463	42	43	452
31	14	935	19
14	21	10	956
969	11	10	10
966	7	12	14
977	7	9	7
10	800	6	185
835	51	50	64
696	74	73	157
552	82	70	296
250	258	273	219
307	275	261	156
322	252	210	216
303	215	199	284
>swissregulon__hs__FOXJ1
15.560501	73.937943	50.527688	50.349155
59.275527	64.905836	42.388555	23.805369
104.767334	20.784476	28.476291	36.347186
108.432394	21.092811	40.953644	19.896438
54.841624	60.136127	68.855782	6.541754
80.421927	0	109.010223	0.943137
1.844452	1.799479	0.899363	185.831993
184.678233	3.771389	1.925665	0
187.582979	2.792308	0	0
189.420697	0	0.95459	0
0.947851	172.244088	0	17.183348
188.555358	1.819929	0	0
122.225229	30.236524	22.853126	15.060408
77.15848	28.437877	41.298841	43.480089
>swissregulon__hs__FOXP1
250	268	250	338
181	372	199	354
51	426	254	375
1	1	1	1103
24	1	1080	1
1	1	1	1103
1	1	1	1103
1	1	1	1103
1103	1	1	1
1	966	2	137
312	344	109	341
346	218	248	294
>swissregulon__sacCer__FKH2
188.78	43.27	51	62.81
211.59	38.81	42.67	52.35
182.89	43.45	53.63	72.54
135.33	49.7	61.45	106.72
111.83	1.96	407.32	0.36
2.51	9.31	0.16	502.24
503.73	9.98	0.13	0.26
508.97	1.97	2.12	1.37
508.73	2.12	2.58	2.64
0.3	453.41	0.22	65.13
504.39	0.21	10.76	0.94
269.81	18.25	20.87	41.58
118.33	4.34	18.43	31.84
>hocomoco__FOXC1_HUMAN.H11MO.0.C
4	12	4	6
9	2	9	6
7	4	2	13
0	0	0	26
0	0	26	0
1	0	0	25
1	0	0	25
0	0	1	25
25	0	0	1
0	19	0	7
6	3	0	17
0	5	0	21
17	0	0	9
12	5	7	2
1	7	15	3
>hocomoco__FOXD1_HUMAN.H11MO.0.D
3	12	3	4
8	2	2	10
8	4	2	8
1	1	2	18
1	5	15	1
1	1	1	19
0	0	1	21
0	0	1	21
20	0	1	1
0	19	2	1
7	5	2	8
5	2	0	15
9	5	2	6
9	5	5	3
6	5	11	0
>hocomoco__FOXO6_HUMAN.H11MO.0.D
1516	411	547	909
1215	586	502	1080
399	1256	1224	504
1305	72	298	1708
2	1	4	3376
6	0	3377	0
0	1	1	3381
5	1	132	3245
0	1	353	3029
3174	66	30	113
17	2983	33	350
919	398	1567	499
728	542	354	1759
>nitta__fd59A_TTCGCG20NTA_KI_NWANGTAAACAWW_m1_c4
26	78	5	144
61	0	11	192
253	3	87	0
94	24	34	101
119	0	253	4
38	12	5	253
253	33	1	0
253	0	1	0
253	8	15	0
0	253	0	87
253	2	21	0
147	75	1	106
94	60	17	159
>transfac_public__M00290
1	10	7	9
10	7	5	5
17	4	2	4
13	5	5	4
3	11	8	5
7	0	20	0
0	0	0	27
27	0	0	0
27	0	0	0
27	0	0	0
0	25	0	2
27	0	0	0
16	4	2	5
7	4	6	10
9	11	4	3
6	9	7	5
>transfac_public__M00292
0	14	6	0
2	6	0	12
8	0	0	12
15	0	5	0
11	0	3	6
1	0	19	0
0	0	0	20
19	1	0	0
20	0	0	0
20	0	0	0
0	20	0	0
20	0	0	0
7	2	4	7
7	3	1	9
4	4	11	1
3	6	8	3
>yetfasco__YIL131C_2002
30.72613854	24.25687298	23.95821491	21.05877357
19.86165157	18.38661079	29.26185255	32.48988509
23.95289339	0.07604695482	75.89516449	0.07589516449
5.92749278	0.09027967741	3.70255013	90.27967741
77.31082042	22.53455794	0.07731082042	0.07731082042
83.30528722	16.52810221	0.08330528722	0.08330528722
99.70089731	0.09970089731	0.09970089731	0.09970089731
0.08444733442	84.44733442	0.08444733442	15.38377091
96.90232343	2.903871926	0.09690232343	0.09690232343
46.34046992	12.10093325	25.50222643	16.0563704
20.59844493	23.50577423	44.91818153	10.9775993
18.53684147	34.8148927	32.93307812	13.71518772
>scertf__foat.FKH1
13	1	85	1
4	3	3	90
74	24	1	1
83	15	1	1
97	1	1	1
1	80	1	17
89	4	6	1
55	10	12	23
20	17	54	9
>cisbp__M00665
29.02896601	21.1014537	28.76812659	21.1014537
24.33704444	8.617284938	8.617284938	58.42838569
21.54783961	6.002571617	66.44701716	6.002571617
15.12813727	7.629861215	0.01210553898	77.22989597
91.96679059	8.008998329	0.01210553898	0.01210553898
92.29701049	7.678778434	0.01210553898	0.01210553898
99.96368338	0.01210553898	0.01210553898	0.01210553898
0.01210553898	66.80172324	0.01210553898	33.17406568
88.26804448	3.910651841	3.910651841	3.910651841
50.8155382	16.3948206	16.3948206	16.3948206
42.97139823	19.00953392	19.00953392	19.00953392
>cisbp__M00836
20.04838241	27.60918404	24.73324951	27.60918404
24.07970945	6.057938463	68.12672366	1.735628429
11.36978395	5.760125747	5.317266234	77.55282407
69.76163437	24.16932357	0.6219374267	5.447104637
79.77291362	10.58231296	4.175290844	5.469482576
86.76611869	2.9541655	2.866856715	7.412859099
3.712460641	72.36298428	3.602740847	20.32181424
87.07039988	2.577234658	3.276307369	7.076058091
43.33959844	23.78527593	14.71793372	18.15719191
32.06383629	19.44769978	24.97134081	23.51712313
>cisbp__M01984
32.44135233	22.51954922	22.51954922	22.51954922
39.44516202	20.18494599	20.18494599	20.18494599
12.27775018	12.27775018	22.57985314	52.8646465
43.27957308	4.804775959	47.110875	4.804775959
9.339096032	9.038141691	0.02205825643	81.60070402
89.73532757	10.22055592	0.02205825643	0.02205825643
99.93382523	0.02205825643	0.02205825643	0.02205825643
99.93382523	0.02205825643	0.02205825643	0.02205825643
2.502509032	83.17543513	2.502509032	11.81954681
85.48866321	4.837112263	4.837112263	4.837112263
31.87517888	23.3807814	12.74430808	31.99973164
39.34815311	20.2172823	20.2172823	20.2172823
>cisbp__M09083
11.53846154	57.69230769	26.92307692	3.846153846
7.692307692	26.92307692	19.23076923	46.15384615
34.61538462	0	0	65.38461538
80.76923077	0	19.23076923	0
65.38461538	0	11.53846154	23.07692308
26.92307692	0	73.07692308	0
3.846153846	0	0	96.15384615
96.15384615	3.846153846	0	0
96.15384615	0	0	3.846153846
96.15384615	0	0	3.846153846
0	100	0	0
100	0	0	0
50	7.692307692	15.38461538	26.92307692
23.07692308	34.61538462	7.692307692	34.61538462
21.15384615	17.30769231	48.07692308	13.46153846
