>cisbp__M06840
13.6667	13.3333	20.1667	52.8333
9.5	20.6667	8	61.8333
19.3333	25.6667	9.5	45.5
46.1667	22.8333	18.3333	12.6667
0	100	0	0
0	6.3333	0	93.6667
0	0	0	100
0	0	0	100
25.1667	0	0	74.8333
1.3333	13	0.1667	85.5
17	30.8333	32.5	19.6667
21	27.8333	15.6667	35.5
15.8333	23.8333	17.6667	42.6667
15.83331583	23.33332333	10.00001	50.83335083
22	14.5	7.5	56
