>swissregulon__hs__FLI1
167	108	107	88
301	0	94	75
0	470	0	0
378	92	0	0
0	0	470	0
0	0	470	0
470	0	0	0
470	0	0	0
304	0	166	0
0	145	0	325
>swissregulon__mm__Erg
193	2	26	0
0	34	0	187
0	0	0	221
0	0	0	221
0	221	0	0
0	221	0	0
0	0	9	212
0	23	178	20
43	61	12	105
49	59	61	52
>flyfactorsurvey__Eip74EF_FlyReg_FBgn0000567
6	0	1	1
2	5	0	1
0	0	0	8
0	0	0	8
0	7	1	0
0	7	0	1
0	0	2	6
0	0	5	3
2	0	2	4
2	0	1	5
>dbtfbs__ELF3_HepG2_ENCSR770AOR_merged_N1
275	27	97	26
0	298	14	113
8	0	0	417
0	0	0	425
0	425	0	0
0	425	0	0
0	8	104	313
0	123	231	71
72	91	192	70
63	15	16	331
>homer__AVCAGGAAGT_EHF
62.7	0.5	12.3	24.5
22.6	37.2	24.1	16.1
25.8	47.4	26.7	0.1
62.5	35.6	1.8	0.1
0.1	0.1	99.7	0.1
0.4	0.1	99.4	0.1
99.7	0.1	0.1	0.1
99.7	0.1	0.1	0.1
28.8	2.8	68.3	0.1
13.2	18.5	6.6	61.7
>cisbp__M00155
40.01578347	14.14376602	19.2839658	26.55648471
34.62227091	15.40199649	20.17606787	29.79966473
25.27260551	21.53589381	38.46393399	14.72756669
32.21031388	28.28372945	30.63939834	8.866558328
16.91288353	3.380675938	74.29737866	5.409061869
4.875172903	2.39685047	89.49256691	3.235409717
90.61215165	0.2291423917	0.9385570174	8.220148944
83.32941971	3.791651458	0.035893526	12.84303531
17.04800201	30.75439813	43.20831755	8.989282307
18.56253379	22.67232997	11.718224	47.04691224
>cisbp__M00156
41.13493162	14.10963191	19.04601091	25.70942557
25.62277627	28.60214325	21.40194175	24.37313873
25.56894126	34.51446056	28.54204841	11.37454977
36.07246518	38.68801402	17.7348182	7.504702599
14.31504448	2.804740569	74.5381478	8.342067153
12.51281754	2.332063556	75.69813485	9.456984054
88.81873399	0.00172349271	3.96140039	7.218142126
78.76956662	0.002813085694	2.934469574	18.29315072
39.03160648	11.07147234	41.44518623	8.451734957
22.29557875	19.77440444	14.35916474	43.57085207
>cisbp__M00158
49.79290144	9.65882913	14.55409552	25.99417391
23.95022912	27.54932104	25.94497348	22.55547636
23.86663298	40.14433657	29.73965599	6.24937447
33.94016987	55.40108979	9.342737141	1.316003201
0.9336341734	0.1238516755	98.62545616	0.3170579879
0.6696691575	0.3195084739	98.39879084	0.6120315268
97.94965218	0.4379956038	0.54577613	1.066576082
86.81986846	1.981463069	0.4601676017	10.73850087
35.23158244	9.601726335	53.08757501	2.07911622
12.37425698	24.42527031	8.294712511	54.9057602
>cisbp__M01475
44.43151443	11.86922603	18.06450571	25.63475383
34.93192549	12.47094055	21.61529534	30.98183862
25.58404493	19.53033528	42.18095906	12.70466073
30.76316548	31.07234043	31.70004335	6.464450734
11.02998943	1.234440554	85.67986703	2.055702986
1.741508073	1.215008954	96.03872022	1.004762753
94.7248007	0.1865559386	0.6914087153	4.397234644
90.32506617	2.145590939	0.04049466714	7.488848221
14.18020714	32.51973476	48.03102366	5.269034446
13.10101	23.16608432	8.437527593	55.29537809
>cisbp__M01477
31.33344586	20.58754096	24.15970312	23.91931006
38.76414498	16.07870493	24.71711012	20.44003998
19.78178884	34.97948543	24.64962677	20.58909896
26.59191006	49.92925164	14.88876701	8.590071301
4.851843057	0.2723570594	90.86352395	4.012275932
6.056569352	2.250479999	88.33562901	3.357321644
95.2352883	0.1932734119	0.06119746877	4.51024082
57.1190843	8.981242961	2.237005827	31.66266691
38.11708922	13.60806617	40.88089003	7.393954581
17.34100746	27.74551124	13.1060515	41.80742979
>cisbp__M01484
49.13833177	9.920858087	14.50711789	26.43369225
24.37386286	27.75764684	25.36857907	22.49991123
23.57521884	40.4552373	29.67177066	6.297773204
33.98870155	54.92827054	9.641032053	1.441995853
1.022192614	0.04651176172	98.68667581	0.2446198127
0.669173024	0.3424215764	98.32589076	0.6625146411
97.75602666	0.4978158008	0.5339115191	1.212246017
86.33799983	2.010271574	0.537014504	11.11471409
35.87044485	9.973321653	51.93088464	2.225348858
12.9493055	25.05421702	8.423641001	53.57283647
>cisbp__M01486
28.57123689	23.15939451	25.3404139	22.92895469
40.88281634	14.89029765	25.29760777	18.92927824
17.99226363	49.39957727	20.90402798	11.70413112
25.66260248	63.75418161	8.714904981	1.868310929
0.6066814602	0.1108307072	98.51891854	0.7635692918
0.9551884436	0.3806607826	97.92024927	0.7439015079
91.81348853	1.506455019	2.58508715	4.094969304
62.15839489	7.611695027	3.125786351	27.10412373
36.69122958	12.33619656	43.49029242	7.482281439
14.68913389	29.28595441	12.77011952	43.25479218
>cisbp__M01490
46.20390153	10.94698683	15.37994278	27.46916886
22.86027323	30.24710903	22.86027323	24.0323445
25.6189594	35.99329528	30.67146302	7.716282289
38.08395072	42.51227903	16.27764921	3.126121044
4.21202433	0.09422623541	95.387102	0.3066474297
0.9356705322	2.810909622	94.0200577	2.233362148
92.69890822	1.115560195	2.291843913	3.893687669
78.34976414	3.785518853	1.235138314	16.62957869
32.70189322	13.03232713	49.27579431	4.989985346
18.30283033	23.50129934	12.26875407	45.92711625
>cisbp__M01491
33.44662337	16.60910163	23.10273101	26.84154399
31.0817514	22.12306823	24.44977162	22.34540876
18.01554774	37.38371375	29.70261676	14.89812176
26.86125854	50.4349832	14.44986462	8.253893643
1.725345662	0.1159527399	97.0695191	1.089182499
3.284795929	2.558201642	91.77175103	2.385251401
92.62270618	2.456000759	1.951375131	2.96991793
87.95738686	3.845303208	1.532426547	6.664883388
36.9583702	8.583074216	51.92457315	2.533982434
14.22099825	25.91234827	8.204802244	51.66185124
>cisbp__M01492
35.27042502	18.78473919	21.82475323	24.12008256
29.54170082	28.38335416	18.83662009	23.23832493
20.08643216	42.95034023	24.78019066	12.18303695
28.95233299	52.22967331	11.8894421	6.928551606
13.89808323	1.325448554	79.18215305	5.594315168
10.98632756	6.338559602	77.21946403	5.455648808
90.208675	0.4458046615	0.7423945775	8.603125763
78.97232077	1.220300844	0.5268167161	19.28056167
27.82983599	16.87964878	44.52757598	10.76293925
20.84259724	25.45720576	12.14598712	41.55420987
>cisbp__M01494
37.28439694	15.77734305	21.94578133	24.99247868
28.20394727	27.37039466	18.90567124	25.51998683
17.77791518	46.43051837	25.73770318	10.05386328
26.03036503	59.10193957	11.23758252	3.630112875
4.830723471	0.2265014899	94.16007344	0.7827015982
2.643191402	1.844092067	93.87715359	1.635562941
87.73998533	1.962811196	2.495222065	7.801981414
76.57985832	4.656825983	1.504309662	17.25900603
28.17050465	15.77261954	48.8266122	7.230263612
18.27912913	24.42873063	11.42449717	45.86764306
>cisbp__M01495
28.15731837	23.28495161	25.73385135	22.82387868
41.48655481	14.95984175	24.91249274	18.6411107
17.9961631	49.41028366	21.11869303	11.47486021
25.9488696	63.82392038	8.551682507	1.675527512
0.4798247088	0.1474399313	98.06843657	1.304298787
0.8733292428	0.3277701578	97.95981509	0.8390855134
91.60148568	1.533338664	2.738601781	4.12657387
61.76143317	7.563084512	3.200410591	27.47507173
36.50422468	12.27332243	43.70349162	7.518961266
14.54338782	28.99537821	12.7704824	43.69075157
>cisbp__M01496
31.79101977	19.67175504	24.2686126	24.2686126
41.07235844	14.51721739	24.41836105	19.99206313
17.66154206	38.14480254	24.08019	20.1134654
26.82491341	56.22328869	10.90619592	6.045601972
5.53218194	0.2040443927	90.97477783	3.288995839
5.786682442	0.0001057491422	94.21309138	0.0001204301247
95.03136394	0.0003402625563	1.498114001	3.4701818
63.50256288	5.160741474	0.7342397022	30.60245595
40.63862349	9.921646963	42.72221027	6.717519283
15.28800695	28.99341286	10.24785752	45.47072268
>cisbp__M02678
63.26530612	0	0	36.73469388
8.163265306	28.57142857	59.18367347	4.081632653
48.97959184	32.65306122	14.28571429	4.081632653
4.081632653	0	95.91836735	0
2.040816327	0	95.91836735	2.040816327
97.95918367	0	0	2.040816327
95.91836735	0	0	4.081632653
