>jaspar__MA0329.1
55	10	18	17
0	100	0	0
15	0	85	0
0	88	0	12
0	2	98	0
35	17	9	39
33	30	18	18
>cisbp__M01514
26.91094494	24.35002994	23.39525161	25.34377351
25.91649	22.08457599	28.07499846	23.92393556
25.22099066	18.68416943	21.70790784	34.38693207
29.28870193	12.64424084	30.48399653	27.58306071
48.49813192	12.32371285	12.82665311	26.35150213
3.330574827	80.89442499	11.62484839	4.150151792
24.25544851	1.550598947	71.42452323	2.769429309
0.08222408295	85.77202968	1.570969523	12.57477671
0.1919959395	1.322757991	98.46675155	0.01849451541
21.46216402	19.41976908	10.87309699	48.24496991
>cisbp__M01654
26.79342311	21.71832667	26.00155778	25.48669244
25.32708707	23.61481946	20.73606507	30.3220284
24.40187778	20.17935571	29.50796088	25.91080563
55.53101223	0.1732432928	21.26242954	23.03331494
3.164885521	84.10927818	0.01929550495	12.7065408
31.95368427	0.7220127279	66.97286168	0.3514413242
9.71804418	80.96236215	0.7004616808	8.619131989
5.40951019	1.534429347	87.19600803	5.860052431
29.27636798	17.75701479	15.74905931	37.21755792
>cisbp__M08472
18.1387	18.4759	30.4358	32.9496
38.6457	9.1376	17.2992	34.9175
0.2035997964	97.77940222	1.783498217	0.2334997665
12.1673	0	87.8327	0
0	85.1711	0	14.8289
0.1221	0.1506	99.5872	0.1401
17.284	18.2402	9.5864	54.8894
