>jaspar__MA0942.1
722	2	276	1
3	993	1	4
4	993	2	2
4	2	992	1
989	3	1	7
2	993	2	2
901	4	88	8
262	220	207	312
>jaspar__MA0986.1
110	757	121	13
809	3	185	3
4	985	3	8
7	986	3	4
8	3	984	4
776	158	47	19
5	977	5	13
806	50	27	117
>jaspar__MA1008.1
292	180	180	348
144	79	288	489
0	0	1000	0
0	0	0	1000
0	1000	0	0
0	0	1000	0
0	0	1000	0
0	76	0	924
70	70	789	70
292	246	291	171
>jaspar__MA1223.1
200	65	177	143
197	88	122	178
198	104	72	211
236	41	75	233
74	76	213	222
3	16	0	566
0	0	585	0
0	0	0	585
0	585	0	0
0	0	585	0
0	0	585	0
0	78	0	507
56	19	472	38
161	71	323	30
>jaspar__MA1230.1
47	307	65	179
37	446	31	84
443	0	155	0
0	598	0	0
0	598	0	0
0	0	598	0
589	3	0	6
0	598	0	0
529	0	62	7
232	199	70	97
229	110	39	220
188	79	112	219
154	142	101	201
136	213	62	187
>jaspar__MA1241.1
174	184	82	151
169	81	153	188
29	352	83	127
18	537	14	22
540	0	51	0
0	591	0	0
0	591	0	0
0	0	591	0
588	0	0	3
0	591	0	0
567	0	23	1
215	202	81	93
222	97	38	234
197	86	97	211
161	138	96	196
137	191	73	190
>jaspar__MA1259.1
161	75	222	114
171	90	168	143
195	116	63	198
204	47	124	197
103	73	184	212
12	64	7	489
0	0	572	0
40	1	26	505
0	572	0	0
0	0	572	0
0	0	572	0
1	46	0	525
17	7	540	8
162	67	308	35
165	149	70	188
>jaspar__MA1260.1
101	80	237	123
136	86	191	128
139	129	117	156
113	77	255	96
125	79	209	128
128	143	92	178
122	46	270	103
136	85	194	126
147	153	57	184
141	53	202	145
128	39	233	141
59	82	10	390
0	0	541	0
111	5	133	292
0	540	0	1
0	0	541	0
0	0	541	0
4	11	0	526
3	0	538	0
104	45	351	41
198	128	60	155
>jaspar__MA2012.1
30	155	46	87
27	253	16	22
284	0	32	2
0	317	1	0
1	317	0	0
5	0	310	3
277	18	8	15
1	314	1	2
297	2	6	13
109	108	37	64
106	67	38	107
>cisbp__M06572
26.0067	7.2148	27.5168	39.2617
2.1812	68.6242	7.5503	21.6443
2.349	96.6443	0	1.0067
73.32217332	0	21.47652148	5.201305201
0.5033994966	97.81870218	0	1.677898322
0	99.8322	0	0.1678
9.2282	0	89.2617	1.5101
24.16107584	50.33554966	5.033594966	20.46977953
0	100	0	0
59.2282	3.6913	30.2013	6.8792
16.6107	62.5839	3.6913	17.1141
20.97317903	58.22144178	6.208093792	14.5972854
33.8926	6.8792	37.2483	21.9799
12.2483	56.8792	11.0738	19.7987
11.07381107	69.96646997	5.536905537	13.42281342
>cisbp__M06583
22.3368	33.3333	14.2612	30.0687
21.6495	44.6735	10.4811	23.1959
26.11682612	12.02751203	30.06873007	31.78693179
10.996589	44.5016555	14.94848505	29.55327045
4.9828	90.378	1.3746	3.2646
75.4296	0	24.5704	0
0	100	0	0
0	100	0	0
0	0	100	0
78.1787	15.8076	0.1718	5.8419
0	100	0	0
69.244	13.9175	9.2784	7.5601
32.9897	21.134	6.1856	39.6907
28.6942	26.8041	12.3711	32.1306
29.20962921	10.82471082	27.49142749	32.47423247
24.91412491	34.02063402	16.49481649	24.57042457
21.6495	40.7216	15.1203	22.5086
29.38142938	24.22682423	23.53952354	22.85222285
23.5395	31.9588	14.7766	29.7251
20.44672045	36.42613643	15.46391546	27.66322766
>cisbp__M06619
7.692307692	47.49164749	16.05351605	28.76252876
2.173902174	94.48169448	2.341102341	1.003301003
92.9766	0	7.0234	0
0	100	0	0
0	100	0	0
0	0	100	0
100	0	0	0
0	100	0	0
98.9967	0	1.0033	0
39.7993	31.4381	12.3746	16.388
39.1304	12.3746	5.3512	43.1438
34.9498	14.0468	15.7191	35.2843
27.42472742	22.24082224	12.70901271	37.62543763
23.57862358	27.42472742	14.04681405	34.94983495
>cisbp__M06632
28.30822831	29.64822965	13.56781357	28.47572848
27.3032	14.5729	25.2931	32.8308
5.0251	58.124	15.0754	21.7755
1.675001675	92.12739213	1.507501508	4.69010469
92.1273	0	7.8727	0
0	100	0	0
0	100	0	0
0	0	100	0
100	0	0	0
0	100	0	0
97.6549	0	2.3451	0
38.52596147	35.84586415	10.72028928	14.90788509
38.02346198	14.74038526	4.522595477	42.71355729
34.17086583	15.07538492	14.57288543	36.18086382
25.12562513	24.62312462	16.41541642	33.83583384
21.77552178	29.31322931	13.73531374	35.17593518
>cisbp__M06634
14.0496	33.4711	14.876	37.6033
10.74381074	84.71078471	0.4132004132	4.132204132
90.4959	0.4132	9.0909	0
0.4132	99.5868	0	0
0	100	0	0
2.8926	0.8264	96.281	0
98.3471	0	0	1.6529
1.652901653	96.69429669	0.8264008264	0.8264008264
66.52896653	21.9008219	4.132204132	7.438007438
44.62814463	16.94211694	4.132204132	34.2975343
30.5785	17.7686	9.9174	41.7355
>cisbp__M06649
6.2395	61.0455	9.4435	23.2715
1.686301686	94.77239477	0	3.541303541
83.3052	0	15.683	1.0118
0	100	0	0
0	100	0	0
0	0	100	0
65.2614	17.3693	0.8432	16.5261
0	100	0	0
72.0067	1.1804	20.5734	6.2395
37.2681	33.2209	12.6476	16.8634
37.43676256	29.17367083	5.733594266	27.65597234
34.2327	10.2867	24.7892	30.6914
23.1029	36.5936	13.9966	26.3069
19.05561906	48.06074806	6.408106408	26.47552648
32.2091	16.0202	29.511	22.2597
24.2833	35.0759	16.0202	24.6206
18.0438	46.7116	13.1535	22.0911
30.5228	19.0556	28.6678	21.7538
25.801	32.5464	16.8634	24.7892
25.1265	39.1231	13.828	21.9224
>cisbp__M06651
29.4613	29.2929	13.468	27.7778
26.2626	15.3199	24.2424	34.1751
7.912492088	53.36694663	12.96298704	25.75757424
5.8923	84.3434	3.0303	6.734
88.3838	0	11.6162	0
0	100	0	0
0	100	0	0
0	0	100	0
100	0	0	0
0	100	0	0
95.4545	0	4.0404	0.5051
38.3838	32.8283	13.6364	15.1515
40.5724	16.1616	4.8822	38.3838
37.037	13.6364	13.2997	36.0269
26.431	23.2323	16.4983	33.8384
25.25252525	27.27272727	13.8047138	33.67003367
>cisbp__M06731
9.7315	51.6779	12.0805	26.5101
5.2013	76.3423	5.0336	13.4228
76.1745	0	23.8255	0
0	100	0	0
0	99.8322	0	0.1678
0	0	100	0
92.953	3.6913	0	3.3557
0	100	0	0
82.2148	0	14.4295	3.3557
33.3893	34.0604	15.4362	17.1141
35.0671	22.9866	9.7315	32.2148
31.7114	10.5705	24.8322	32.8859
24.4966	25.5034	20.8054	29.1946
22.8188	35.0671	10.906	31.2081
