>jaspar__MA1357.1
132	38	103	322
104	18	429	44
1	594	0	0
595	0	0	0
595	0	0	0
0	0	595	0
0	0	0	595
1	0	235	359
0	0	595	0
146	277	81	91
235	140	49	171
>jaspar__MA1358.1
65	14	54	52
31	33	68	53
0	184	1	0
98	87	0	0
185	0	0	0
1	184	0	0
1	0	0	184
4	0	0	181
0	0	185	0
18	105	17	45
79	52	19	35
>jaspar__MA1739.1
246	137	201	415
203	229	243	325
365	75	270	290
166	209	355	270
12	988	0	0
551	436	0	13
1000	0	0	0
0	995	5	0
0	0	2	998
2	0	0	998
2	0	998	0
127	506	137	229
353	281	132	233
285	248	114	353
>cisbp__M06723
29.0435	6.9565	21.0435	42.9565
9.391309391	11.3043113	52.17395217	27.13042713
0.1739	99.6522	0.1739	0
60.3478	39.6522	0	0
100	0	0	0
0	98.2609	1.7391	0
0	0	0	100
0	0	0	100
0	0	100	0
1.2174	88.1739	1.0435	9.5652
66.43473357	11.47828852	6.608693391	15.47828452
>cisbp__M06725
27.8863	7.8153	29.6625	34.6359
13.67671368	20.95912096	40.85264085	24.51152451
0	99.8224	0.1776	0
55.77265577	44.04974405	0	0.1776001776
100	0	0	0
0	99.4671	0	0.5329
0	0	0	100
0	0	0	100
0	0	100	0
7.2824	65.1865	6.9272	20.6039
47.9574	23.9787	12.611	15.4529
