>dbtfbs__ERF_HepG2_ENCSR159DQO_merged_N1
1	1	8	100
0	108	1	1
0	109	0	1
55	10	40	5
17	26	10	57
3	1	106	0
0	0	110	0
1	0	0	109
2	12	90	6
0	109	0	1
0	0	0	110
3	0	106	1
89	8	13	0
76	19	4	11
>kznf__ZNF701_Imbeault2017_RP_RCADE
1.463960205	0.1126130158	98.31081376	0.1126130158
96.50900386	0.1126130045	2.815320113	0.5630630225
0.5630630788	1.463960205	97.40991364	0.5630630788
30.29280303	62.72520627	2.815320282	4.166670417
92.00450644	1.013510071	6.869370481	0.1126130079
0.1126129854	55.96849272	27.59009641	16.32879788
6.418918716	62.27478755	10.92339782	20.38289592
45.1577	19.0315	10.0225	25.7883
52.81534225	8.220726577	23.53601883	15.42791234
46.05859079	8.220718356	35.24769295	10.47299791
12.72520942	0.1126130833	87.04956442	0.1126130833
1.013509666	1.013509666	97.86036771	0.1126129628
>cisbp__M07846
4.8218	7.7568	10.0629	77.3585
1.8868	88.0503	4.6122	5.4507
1.2579	89.5178	5.0314	4.1929
38.78406122	14.25578574	35.84906415	11.11108889
15.51361551	17.4004174	11.74001174	55.34595535
5.2411	1.0482	92.4528	1.2579
0	0	100	0
0.6289	0	0	99.3711
2.725397275	11.32078868	82.18021782	3.773596226
0	99.5807	0	0.4193
0	0	0	100
2.7254	0	97.065	0.2096
83.22858323	6.289306289	10.27251027	0.2096002096
63.73163627	19.70648029	7.547192453	9.014690985
