>jaspar__MA1765.1
244	225	129	401
131	284	103	482
309	169	250	272
197	101	108	593
923	0	77	0
3	997	0	0
0	1000	0	0
94	0	82	824
1000	0	0	0
735	258	0	7
42	719	0	239
274	168	33	525
297	154	87	462
339	143	101	417
>jaspar__MA1769.1
157	169	197	477
50	309	94	547
67	352	74	508
34	670	17	279
993	0	7	0
138	856	0	5
0	1000	0	0
169	0	0	831
1000	0	0	0
554	439	0	7
46	470	0	484
253	79	0	668
224	207	55	515
253	219	92	436
>jaspar__MA1772.1
133	325	217	325
0	361	84	554
145	217	48	590
24	542	12	422
1000	0	0	0
24	976	0	0
0	1000	0	0
349	0	0	651
1000	0	0	0
398	602	0	0
0	663	12	325
289	157	24	530
241	169	24	566
>jaspar__MA1775.1
236	314	162	287
171	296	111	422
147	434	164	255
0	529	7	465
1000	0	0	0
204	796	0	0
0	1000	0	0
427	69	0	503
1000	0	0	0
307	691	0	2
0	860	0	140
456	93	184	267
220	326	122	333
>jaspar__MA1777.1
198	218	220	363
68	302	94	536
123	319	78	480
19	568	29	384
1000	0	0	0
72	925	2	2
0	1000	0	0
169	0	0	831
1000	0	0	0
449	551	0	0
5	717	0	278
370	92	10	527
324	230	67	379
275	232	116	377
>jaspar__MA1778.1
158	153	318	371
62	242	136	560
101	297	64	538
62	471	66	402
998	0	0	2
229	771	0	0
0	1000	0	0
212	8	5	775
1000	0	0	0
627	371	0	2
81	392	8	519
217	69	7	708
294	195	29	482
227	155	168	450
257	197	139	407
>jaspar__MA1780.1
198	262	150	390
209	305	118	369
144	380	70	406
968	32	0	0
0	1000	0	0
0	1000	0	0
118	0	0	882
1000	0	0	0
701	299	0	0
91	642	64	203
>jaspar__MA2028.1
49	33	51	55
37	46	25	80
15	32	9	132
11	43	17	117
182	1	1	4
7	175	2	4
1	187	0	0
12	2	1	173
188	0	0	0
164	18	1	5
12	142	4	30
29	12	5	142
82	29	10	67
56	35	28	69
51	44	30	63
>cisbp__M07105
9.2308	29.2308	20.7692	40.7692
4.6154	40.7692	10	44.6154
21.53847846	26.92307308	9.99999	41.53845846
9.230790769	41.53845846	4.615395385	44.61535538
100	0	0	0
0	98.4615	0	1.5385
0	100	0	0
1.5385	0	0	98.4615
100	0	0	0
50	50	0	0
9.2308	61.5385	3.0769	26.1538
33.07693308	14.61541462	6.153806154	46.15384615
43.07694308	20.76922077	3.076903077	33.07693308
32.3077	26.9231	8.4615	32.3077
>cisbp__M07107
23.45677654	17.63668236	25.22047478	33.68606631
12.6984	31.0406	9.5238	46.7372
11.6402	30.6878	7.0547	50.6173
9.876509877	56.26105626	3.527303527	30.33513034
100	0	0	0
13.4038866	85.18511481	0.1763998236	1.234598765
0	100	0	0
28.9242	0.8818	0.5291	69.6649
100	0	0	0
53.6155	45.8554	0.3527	0.1764
7.7601	51.8519	0	40.388
26.1022739	11.28748871	1.234598765	61.37563862
28.3951	18.8713	6.1728	46.5608
24.3386	27.5132	8.1129	40.0353
29.2769	23.9859	11.6402	35.097
36.6843	20.8113	11.2875	31.2169
34.9206	32.9806	11.6402	20.4586
29.2769	27.3369	10.582	32.8042
34.0388	24.1623	8.2892	33.5097
44.26805573	19.4003806	14.28568571	22.04587795
39.50616049	26.27867372	7.054692945	27.16047284
>cisbp__M07127
13.25301325	32.53013253	21.68672169	32.53013253
0	36.1446	8.4337	55.4217
14.45781446	21.68672169	4.819304819	59.03615904
2.4096	54.2169	1.2048	42.1687
100	0	0	0
2.4096	97.5904	0	0
0	100	0	0
34.9398	0	0	65.0602
100	0	0	0
39.759	60.241	0	0
0	66.2651	1.2048	32.5301
28.9157	15.6627	2.4096	53.012
24.0964	16.8675	2.4096	56.6265
>cisbp__M07141
17.0068	16.3265	28.4014	38.2653
8.5034	26.5306	12.9252	52.0408
10.54421054	23.80952381	6.122406122	59.52385952
2.7211	55.7823	5.7823	35.7143
99.8299	0	0	0.1701
9.6939	89.7959	0.3401	0.1701
0	100	0	0
23.63947636	0	0.1700998299	76.19042381
100	0	0	0
55.27215527	42.85714286	0	1.870701871
11.56461156	52.72115272	0.8503008503	34.86393486
30.4422	7.1429	0.8503	61.5646
33.16326684	15.64628435	4.931995068	46.25845374
24.1497	16.8367	13.2653	45.7483
>cisbp__M07151
25.1282	29.4017	15.7265	29.7436
10.4274	42.735	6.8376	40
13.5042865	35.72646427	7.521392479	43.24785675
9.743590256	61.53843846	1.196598803	27.52137248
100	0	0	0
8.547	91.453	0	0
0	100	0	0
31.6239	1.5385	0	66.8376
100	0	0	0
42.0513	57.6068	0	0.3419
2.5641	60.6838	0	36.7521
21.8803	31.2821	7.6923	39.1453
25.4701	36.4103	8.2051	29.9145
