>swissregulon__sacCer__SNT2
0	0.89	3.13	28.17
0	0	31.36	0
14.05	2.69	17.21	0
0	0	0	31.36
31.2	0	0.35	0
0.07	0	31.3	0
0	31.36	0	0
0	0	31.36	0
0.08	30.72	0.75	0
1.68	29.69	0	0
>yetfasco__YGL131C_612
44.6356221	9.902925811	9.902925811	35.55852628
16.23860066	8.767020452	8.767020452	66.22735844
3.589700032	0.01219636038	96.37549739	0.02260621536
56.99978467	8.120765716	31.28969666	3.58975296
0.01744953648	0.009420789786	0.009420789786	99.96370888
99.96248991	0.008906325999	0.008753320649	0.01985044187
0.02208660775	0.01192428744	99.9439178	0.02207130379
0.02210192077	99.94391075	0.01191602418	0.02207130223
0.02187328855	0.01243926585	99.94379899	0.02188845521
0.02217864989	99.94389638	0.01189951479	0.02202545077
0.02207130169	99.94390829	0.01194910796	0.02207130169
32.62297218	1.145158684	62.619823	3.612046141
20.7806481	34.89382743	8.765886184	35.55963829
33.28064169	18.99229769	16.71814123	31.00891938
18.5098447	36.02563835	9.90359343	35.56092351
>scertf__badis.STP4
19	11	55	15
40	28	24	7
1	1	1	97
97	1	1	1
1	1	97	1
1	97	1	1
1	1	97	1
1	72	17	10
>scertf__macisaac.SNT2
44	9	9	35
16	8	8	66
3	0	96	0
56	8	31	3
0	0	0	99
99	0	0	0
0	0	99	0
0	99	0	0
0	0	99	0
0	99	0	0
0	99	0	0
32	1	62	3
20	34	8	35
33	19	16	31
18	36	9	35
