>kznf__ZNF433_Imbeault2017_OM_RCADE
83.22703704	0.5739802554	16.13520718	0.06377552838
69.19643218	0.06377552966	30.42091415	0.3188781483
3.12499875	8.737236505	2.869898852	85.26786589
8.227036709	2.614798954	34.7576861	54.40047824
98.78826493	0.3188778868	0.06377547736	0.8290817057
1.339290429	59.24741896	0.318878102	39.09441251
2.104590726	55.9311193	0.063775522	41.90051446
68.176	3.125	25.574	3.125
3.380100828	82.20662014	0.06377551563	14.34950352
71.7474574	5.420924337	3.380102704	19.45151556
11.0332	33.9923	43.4311	11.5434
3.124999688	28.63519714	4.145409585	64.09439359
57.71681991	0.063775522	40.8801141	1.339290462
1.084179593	0.8290816891	98.02296324	0.06377547608
0.8290816725	0.8290816725	0.06377547481	98.27806118
