>dbtfbs__TCF3_GM12878_ENCSR000BQT_merged_N1
109	109	194	0
0	412	0	0
400	1	11	0
0	54	358	0
20	256	136	0
0	0	0	412
0	0	412	0
0	120	172	120
>homer__MCAGCTGBYH_Twist2
36	42.7	21	0.3
0.1	99.7	0.1	0.1
99.7	0.1	0.1	0.1
0.1	0.2	71.4	28.3
35.8	64	0.1	0.1
0.1	0.1	0.1	99.7
0.1	0.1	99.7	0.1
0.1	27.7	30.1	42.1
17.8	29.9	7.9	44.4
24	33.9	18.1	24
>homer__NAMCAGCTGK_BHLHA15
25	23.7	26.8	24.5
43.95604396	21.27872128	22.37762238	12.38761239
35.1	48.6	16.2	0.1
0.1	99.7	0.1	0.1
99.7	0.1	0.1	0.1
0.1	0.1	63.8	36
36.7	63.1	0.1	0.1
0.1	0.1	0.1	99.7
0.1	0.1	99.7	0.1
0.1	13.5	46.3	40.1
>homer__VCAKCTGGNNNCCAGMTGBN_Twist
30.6	32.9	24.7	11.8
9	90.8	0.1	0.1
87.4	0.1	1.8	10.7
3.2	22.2	40.4	34.2
24.3	49.1	23.9	2.7
9.8	0.1	0.1	90
0.1	0.1	90.5	9.3
6.7	25.9	42.3	25.1
21.47852148	27.57242757	22.07792208	28.87112887
24.5	25.2	25.9	24.4
28.7	22.5	27.8	21
24.92492492	41.84184184	25.62562563	7.607607608
9.6	90.2	0.1	0.1
90.5	0.1	0.1	9.3
2.697302697	24.37562438	48.85114885	24.07592408
33.96603397	40.45954046	22.37762238	3.196803197
12.7	1.3	0.1	85.9
0.1	6.8	83.6	9.5
12.9	26.7	30.4	30
18.7	29.1	26.4	25.8
>cisbp__M09481
35.6	18.6	24.7	21.1
26.6	33.5	23.5	16.4
58.8	3.4	37.7	0.1
51.7	13.3	21.3	13.7
0.1	99.7	0.1	0.1
95.7	0.1	0.1	4.1
25	13.1	53.7	8.2
13.2	46.8	12.9	27.1
0.1	0.1	0.1	99.7
0.1	0.1	99.7	0.1
19.1	18.2	14.8	47.9
0.1	38.5	11.1	50.3
