>jaspar__MA0068.2
37	333	47	105
58	30	120	333
333	2	0	3
333	0	0	0
0	0	5	333
18	11	10	333
333	89	11	12
150	93	333	41
>jaspar__MA0075.3
778	6720	1613	1933
122	2008	131	4711
6720	29	3	0
6720	0	0	0
0	0	0	6720
0	0	0	6720
6720	1	399	0
2291	1271	1862	1295
>jaspar__MA0158.2
142	832	1759	397
0	1052	0	2078
3130	1632	81	0
3130	0	0	0
0	0	0	3130
0	0	885	3130
3130	0	0	0
480	1463	1133	54
>jaspar__MA0178.1
2	4	0	13
2	0	0	17
17	0	0	2
19	0	0	0
0	0	1	18
0	0	1	18
15	0	4	0
>jaspar__MA0179.1
2	6	2	13
0	0	0	23
23	0	0	0
23	0	0	0
0	0	0	23
0	0	2	21
12	0	10	1
>jaspar__MA0180.1
1	1	5	6
2	2	0	9
0	0	0	13
13	0	0	0
13	0	0	0
0	0	0	13
0	0	0	13
10	0	3	0
1	2	10	0
>jaspar__MA0181.1
1	8	1	12
0	0	0	22
22	0	0	0
22	0	0	0
0	0	0	22
2	0	3	17
15	0	6	1
>jaspar__MA0220.1
2	8	2	11
0	0	0	23
23	0	0	0
23	0	0	0
0	0	0	23
0	0	2	21
13	0	10	0
>jaspar__MA0236.1
1	6	2	11
0	1	0	19
20	0	0	0
20	0	0	0
0	0	0	20
0	1	4	15
15	0	3	2
>jaspar__MA0240.1
1	4	4	19
1	0	0	27
27	0	0	1
28	0	0	0
0	0	0	28
0	0	0	28
21	0	7	0
>jaspar__MA0245.1
3	5	1	13
0	1	0	21
22	0	0	0
21	0	1	0
0	0	0	22
2	1	5	14
11	0	11	0
>jaspar__MA0251.1
1	6	4	10
1	0	0	20
21	0	0	0
21	0	0	0
0	0	0	21
0	0	2	19
14	0	7	0
>jaspar__MA0433.1
1	25	7	66
0	0	0	100
100	0	0	0
100	0	0	0
0	0	0	100
0	0	0	100
62	3	15	21
54	13	13	19
>jaspar__MA0612.2
1276	3425	3066	1777
19	2263	0	7281
9544	1235	0	0
9544	0	0	0
0	0	0	9544
0	0	933	9544
9544	0	0	0
1333	2633	4516	1062
>jaspar__MA0644.2
1070	11980	2110	7690
589	7595	0	12075
19670	634	821	181
19670	95	0	0
0	0	0	19670
47	1009	225	19670
19670	0	925	557
5004	4935	6366	3365
>jaspar__MA0661.1
906	704	986	405
150	1637	1363	115
64	406	53	3000
3000	848	151	39
3000	0	2	3
8	29	0	3000
14	242	328	3000
3000	0	338	6
956	911	449	683
572	1309	614	506
>jaspar__MA0701.2
390	6075	1056	1219
0	2093	0	3983
6075	505	0	20
6075	0	0	0
0	0	0	6075
0	0	170	6075
6075	0	305	0
2261	1013	1946	856
>jaspar__MA0704.1
422	817	495	1161
217	912	0	2896
2896	428	309	255
2896	0	0	155
0	0	0	2896
0	446	57	2896
2896	39	316	135
1314	449	857	275
>jaspar__MA0705.1
472	2588	925	1108
0	1996	0	5092
5092	160	1670	0
5092	0	0	0
0	0	0	5092
0	2083	88	5092
5092	0	1929	0
1366	1156	2156	414
>jaspar__MA0710.1
5631	5682	6529	3563
774	13986	617	7419
7097	4001	573	21405
15096	6310	0	139
21405	0	0	0
0	0	0	21405
374	62	422	21405
21405	0	2057	1904
7038	3856	7679	2832
4078	7711	5493	4124
>jaspar__MA0725.1
756	8453	561	5119
1836	3131	572	13572
13572	626	553	554
13572	154	172	90
172	199	103	13572
898	761	984	13572
13572	516	3337	1372
2626	3555	3658	3732
>jaspar__MA0726.1
427	9554	445	4255
1080	2725	363	13809
13809	397	343	402
13809	124	123	63
118	186	92	13809
626	567	447	13809
13809	321	2109	1014
2891	3243	4288	3387
>jaspar__MA0886.1
10479	8412	12802	5569
5704	13337	10582	7639
834	7761	0	29501
37262	4938	678	1236
37262	0	0	0
0	0	0	37262
0	0	4025	37262
37262	0	0	0
9139	7124	17672	3328
5970	13054	10195	8043
>jaspar__MA0900.2
8880	19452	22686	5931
0	3636	0	56949
39674	17275	290	0
56949	0	0	0
0	0	0	56949
0	0	0	56949
56949	0	2052	0
10641	16330	22246	7731
>jaspar__MA0902.2
807	2038	2925	1056
51	2834	0	3993
6827	3276	199	0
6827	0	0	0
0	0	0	6827
0	0	1876	6827
6827	0	0	0
1273	2031	2933	589
>jaspar__MA0904.2
381	1120	1273	294
0	537	0	3067
3067	1031	0	0
3067	0	0	0
0	0	0	3067
6	26	1061	3067
3067	0	564	0
253	1219	1146	450
>jaspar__MA0912.2
276	11615	827	2947
0	94	0	14562
14562	742	0	0
14562	0	0	0
0	0	0	14562
0	0	4453	14562
14562	0	2198	0
714	8987	3187	1674
>jaspar__MA0919.1
330	199	296	174
114	405	146	334
63	138	13	787
817	53	66	63
960	12	16	12
12	16	12	960
63	66	53	817
787	13	138	63
334	146	405	114
174	296	199	330
>jaspar__MA0927.1
212	600	153	35
18	117	0	865
787	165	32	16
992	8	0	0
0	24	8	969
8	24	136	832
894	0	97	9
613	227	53	107
>jaspar__MA1463.1
3893	1750	4467	6479
2558	16589	1748	4423
270	1130	96	16589
16589	46	0	4
16589	0	0	0
0	0	0	16589
0	44	0	16589
16589	499	1492	1048
10340	563	6249	900
6983	4098	2351	3158
>jaspar__MA1481.1
1172	8180	2692	6687
1079	5997	1111	8870
14867	501	2037	0
14867	0	0	0
0	0	0	14867
0	813	209	14867
14867	17	962	144
3117	4651	3995	3105
>jaspar__MA1495.1
1167	2244	2667	1328
0	1546	0	7406
7406	2083	1244	0
7406	0	0	0
0	0	0	7406
0	1310	2265	7406
7406	0	1576	0
1175	2811	2237	1182
>jaspar__MA1501.1
188	144	380	116
0	0	828	87
0	359	51	828
828	222	0	0
828	29	0	0
0	0	31	828
79	3	0	828
828	0	151	0
324	165	268	71
132	354	250	92
>jaspar__MA1505.1
1766	1552	3724	2230
0	4555	0	9273
9273	2727	19	983
9273	20	0	0
0	0	211	9273
961	99	2656	9273
9273	0	4325	0
2265	3851	1469	1687
>jaspar__MA1519.1
394	3420	3721	1215
0	2093	0	5049
7142	187	0	0
7142	0	0	0
0	0	0	7142
0	144	28	7142
7142	0	160	0
2749	1576	1483	1333
>jaspar__MA1577.1
997	2572	1851	2379
1435	7799	1112	8156
7799	0	80	0
7799	0	0	0
0	0	0	7799
0	0	0	7799
7799	0	0	0
2184	1323	3439	852
>swissregulon__hs__DLX3
5.894891228	4.366142505	22.48886407	1.308645058
14.04913418	13.76855599	6.240852679	0
0	0.7643743617	0	33.29416849
33.29416849	0	0.7643743617	0
34.05854286	0	0	0
0	0	0	34.05854286
0	0	1.528748723	32.52979413
18.47084247	0	12.40434516	3.183355232
5.476478317	17.5904278	9.462888011	1.528748723
15.19324135	5.256374651	3.485727841	10.12319901
>swissregulon__hs__PDX1
26.67415532	10.66848692	30.75058527	10.66848692
4.011923362	19.78498497	53.74607961	1.218726479
1.176701428	4.118454999	0	73.466558
51.77090222	21.15226814	5.838544072	0
78.76171443	0	0	0
0	0	0	78.76171443
0	0	0	78.76171443
78.76171443	0	0	0
12.0883014	7.801746198	55.39556287	3.476103962
>swissregulon__mm__Lmx1a
798	1417	1208	2693
587	1352	103	6116
6116	375	434	401
6116	43	33	120
173	63	37	6116
962	389	476	6116
6116	123	878	394
3348	841	1353	575
>swissregulon__mm__Uncx
214	3077	180	2517
920	1311	1116	5594
5594	280	303	154
5594	31	35	21
95	63	11	5594
328	524	252	5594
5594	638	1266	463
1892	1432	1191	1080
>hocomoco__DLX3_HUMAN.H11MO.0.C
6	4	22	2
14	14	6	0
0	1	0	33
33	0	1	0
34	0	0	0
0	0	0	34
0	0	2	32
18	1	12	3
5	18	9	2
15	5	4	10
>hocomoco__MIXL1_HUMAN.H11MO.0.D
40	29	130	21
27	59	47	87
6	5	5	204
209	1	8	2
216	3	1	0
0	0	1	219
2	12	6	200
114	31	49	26
76	30	97	17
119	28	41	32
20	40	40	120
>hocomoco__NOTO_HUMAN.H11MO.0.D
7315	4655	10571	3304
1246	7143	1872	15584
536	558	357	24394
25288	132	176	249
25705	11	70	59
14	14	54	25763
590	10	4721	20524
18234	444	2935	4232
4212	1326	19156	1151
5366	5143	8219	7117
3106	5129	4001	13609
>hocomoco__PO6F2_HUMAN.H11MO.0.D
254	229	543	272
413	225	197	463
27	30	21	1220
1297	0	1	0
1294	0	3	1
0	0	8	1290
4	0	470	824
1268	7	7	16
31	28	1220	19
88	573	454	183
236	283	167	612
>yetfasco__YML027W_498
19.1176471	13.2352941	13.2352941	54.4117647
20.58823528	14.70588239	2.941176497	61.76470584
100	0	0	0
100	0	0	0
0	0	0	100
0	0	0	100
100	0	0	0
66.1764706	7.3529412	25	1.4705882
>scertf__badis.YOX1
1	25	7	67
1	1	1	97
97	1	1	1
97	1	1	1
1	1	1	97
1	1	1	97
61	3	15	21
55	13	13	19
>kznf__ZNF525_Imbeault2017_OM_RCADE
58.65383519	4.807692885	27.88461673	8.653855192
8.653845673	8.653845673	8.653845673	74.03846298
4.807691635	0.9615383269	0.9615383269	93.26923171
66.34614162	24.03847885	8.653842385	0.9615371538
0.9615376346	81.73076894	8.653846712	8.653846712
4.807691058	8.653851904	0.9615382115	85.57691883
77.88457819	0.9615377308	4.807688654	16.34619542
74.03844373	0.9615372692	24.03848173	0.9615372692
0.9615383269	4.807691635	0.9615383269	93.26923171
20.19227981	16.34618365	39.42306058	24.03847596
47.11537644	16.34619183	27.88458606	8.653845673
77.88457819	0.9615377308	4.807688654	16.34619542
0.9615378654	0.9615378654	97.1153864	0.9615378654
20.1923	16.3462	20.1923	43.2692
4.807690962	4.807690962	12.5000025	77.88461558
>kznf__ZNF525_Imbeault2017_RP_RCADE
63.93673606	1.293098707	21.98277802	12.78738721
9.913786034	2.442529023	6.465517414	81.17816753
1.293099871	4.166669583	3.017239698	91.52299085
62.21261991	27.72990887	9.913793172	0.143678046
3.591951078	84.05172522	3.591951078	8.764372629
0.143678046	5.316091701	1.293100414	93.24712984
63.93677443	8.764366494	4.166668333	23.13219075
78.30463289	0.1436780603	16.81030706	4.741381991
0.7183909138	2.442529707	0.7183909138	96.12068847
24.2816	10.4885	45.546	19.6839
60.4884879	21.9827956	11.06319779	6.465518707
76.00579273	0.1436781753	11.6379142	12.2126149
0.7183910072	0.1436780014	96.69540097	2.442530024
12.78738721	19.68388032	21.98277802	45.54595445
13.36209198	9.339074397	9.339074397	67.95975922
>cisbp__M00265
20.89797136	5.98150358	20.89797136	52.2225537
2.160361135	17.20765262	0.01074806535	80.62123818
98.13829787	0.009170946442	0.9262655906	0.9262655906
99.05539252	0.009170946442	0.9262655906	0.009170946442
0.9262655906	0.009170946442	0.009170946442	99.05539252
0.9348389485	0.9348389485	0.009255831174	98.12106627
65.53753887	2.232341182	29.99777876	2.232341182
2.998210024	14.93138425	65.6473747	16.42303103
>cisbp__M00287
27.65327176	27.41384654	27.25615532	17.67672638
9.656927933	20.07375967	9.656927933	60.61238446
0.003903247854	0.003903247854	0.003903247854	99.98829026
99.98829026	0.003903247854	0.003903247854	0.003903247854
99.98829026	0.003903247854	0.003903247854	0.003903247854
0.003903247854	0.003903247854	0.003903247854	99.98829026
0.003903247854	0.003903247854	0.003903247854	99.98829026
99.98829026	0.003903247854	0.003903247854	0.003903247854
18.73231097	7.327176871	66.61333529	7.327176871
24.8700804	25.07394703	24.78694122	25.26903136
>cisbp__M00305
25.92455621	11.1316568	40.71745562	22.22633136
0.02323420074	11.64033457	0.02323420074	88.31319703
97.85595337	2.102414654	0.02081598668	0.02081598668
99.93755204	0.02081598668	0.02081598668	0.02081598668
0.02081598668	0.02081598668	0.02081598668	99.93755204
0.02081598668	6.26561199	4.184013322	89.5295587
69.5264987	0.02172024327	30.43006082	0.02172024327
16.22570194	10.82613391	64.82181425	8.126349892
>cisbp__M00309
19.77789936	30.39438364	10.02017542	39.80754158
0.008998850847	0.008998850847	0.008998850847	99.97300345
99.97300345	0.008998850847	0.008998850847	0.008998850847
99.97300345	0.008998850847	0.008998850847	0.008998850847
0.008998850847	0.008998850847	0.008998850847	99.97300345
0.008998850847	0.008998850847	0.008998850847	99.97300345
50.5959489	0.008998850847	49.3860534	0.008998850847
10.44208655	0.008998850847	89.53991575	0.008998850847
14.98882343	34.79646399	14.98882343	35.22588915
>cisbp__M00316
21.7752338	2.426636569	18.55046759	57.24766204
4.492437836	12.18277365	0.006408613176	83.3183799
96.55507313	0.00571297989	2.290904936	1.148308958
97.72367826	0.5704925441	1.135336647	0.5704925441
0.5704925441	0.5704925441	0.00564844103	98.85336647
2.929139383	2.929139383	1.175163704	92.96655753
65.61230865	0.788815995	25.78100594	7.817869416
4.50359389	13.48831986	64.02740341	17.98068284
>cisbp__M00318
16.9141429	3.68274037	17.64922082	61.75389591
5.26777362	11.11435921	0.005846585594	83.61202058
94.16525603	2.121244181	2.121244181	1.592255607
98.39716462	0.5342784596	1.063267033	0.005289885738
0.5342784596	0.005289885738	0.005289885738	99.45514177
4.328793774	2.707522698	4.869217466	88.09446606
66.42197987	1.405201342	24.47567114	7.697147651
6.869854959	13.72990984	61.750294	17.6499412
>cisbp__M00319
18.88282998	4.201621924	18.88282998	58.03271812
4.976800707	10.50044189	0.005523641184	84.51723376
94.4304181	2.024843466	2.024843466	1.519894971
98.97495455	0.5099979802	0.005049484953	0.5099979802
0.5099979802	0.005049484953	0.005049484953	99.47990305
3.650281191	2.088106644	4.691730889	89.56988127
64.81660232	2.76475455	23.44870381	8.969939327
5.776624375	13.46597463	62.48558247	18.27181853
>cisbp__M00328
4.833149476	16.55405405	14.48565913	64.12713734
1.068921506	11.17315465	0.005318017443	87.75260583
86.2819732	10.66280958	1.020097442	2.035119773
97.44721884	1.020097442	1.527608607	0.005075111652
1.020097442	2.035119773	0.5125862769	96.43219651
5.763190955	3.145938023	19.3729062	71.71796482
74.31099703	0.0067549311	23.64901378	2.033234261
6.548953662	15.89125561	24.29932735	53.26046338
>cisbp__M00330
5.041714614	16.54919448	14.391542	64.01754891
1.635514019	10.32927624	0.005433601391	88.02977614
85.47969333	11.91980937	0.5232076254	2.077289681
98.43037712	0.5232076254	1.041234977	0.005180273518
1.041234977	2.077289681	0.5232076254	96.35826772
4.791533716	3.727930228	19.68198256	71.7985535
73.67140226	0.006577216522	25	1.322020521
6.313040346	19.82168588	22.52341499	51.34185879
>cisbp__M00362
31.86423248	21.72427695	34.21823594	12.19325463
18.10233553	58.30636547	16.49356258	7.097736413
0.01223494521	0.01223494521	0.01223494521	99.96329516
90.43227285	9.543257261	0.01223494521	0.01223494521
99.96329516	0.01223494521	0.01223494521	0.01223494521
0.01223494521	0.01223494521	0.01223494521	99.96329516
0.01223494521	0.01223494521	0.01223494521	99.96329516
99.96329516	0.01223494521	0.01223494521	0.01223494521
51.92357809	12.81898032	12.81898032	22.43846128
17.91449853	27.45469706	27.50302509	27.12777932
>cisbp__M00392
14.30099857	10.73466476	3.601997147	71.36233951
0.02497502498	2.522477522	0.02497502498	97.42757243
97.42757243	0.02497502498	0.02497502498	2.522477522
99.92507493	0.02497502498	0.02497502498	0.02497502498
0.02497502498	0.02497502498	0.02497502498	99.92507493
0.02497502498	0.02497502498	12.51248751	87.43756244
80.49389567	0.02774694784	19.45061043	0.02774694784
3.878648233	57.64208909	15.39938556	23.07987711
>cisbp__M00556
22.54033237	22.54033237	32.37900289	22.54033237
12.55760329	23.13474653	41.8331337	22.47451648
0.01150627495	0.01150627495	0.01150627495	99.96548118
99.96548118	0.01150627495	0.01150627495	0.01150627495
99.96548118	0.01150627495	0.01150627495	0.01150627495
0.01150627495	0.01150627495	0.01150627495	99.96548118
0.01150627495	0.01150627495	0.01150627495	99.96548118
99.96548118	0.01150627495	0.01150627495	0.01150627495
32.28048041	12.06936328	53.17898241	2.471173905
21.98167396	22.98755251	22.37081617	32.65995736
>cisbp__M02078
31.7983756	22.7338748	22.7338748	22.7338748
29.63103676	29.23589133	20.56653595	20.56653595
7.180032565	30.2020444	7.180032565	55.43789047
0.01427528947	0.01427528947	0.01427528947	99.95717413
99.95717413	0.01427528947	0.01427528947	0.01427528947
99.95717413	0.01427528947	0.01427528947	0.01427528947
0.01427528947	0.01427528947	0.01427528947	99.95717413
0.01427528947	0.01427528947	0.01427528947	99.95717413
57.29842646	2.28040049	38.14077256	2.28040049
16.58307239	4.447739335	74.52144894	4.447739335
17.83424272	26.71480059	17.83424272	37.61671396
>cisbp__M02091
5.577136515	2.802441731	13.90122087	77.71920089
0.01998401279	6.01518785	0.01998401279	93.94484412
99.94448557	0.01850481125	0.01850481125	0.01850481125
99.94448557	0.01850481125	0.01850481125	0.01850481125
0.01850481125	0.01850481125	0.01850481125	99.94448557
0.0192159877	3.862413528	13.47040738	82.64796311
75.51065719	0.02220248668	24.44493783	0.02220248668
5.73630137	20.00570776	54.25228311	20.00570776
>cisbp__M02105
5.725299829	10.00856653	14.29183324	69.9743004
5.007996801	4.008396641	0.009996001599	90.97361056
80.71349963	4.594644167	14.68268525	0.009170946442
99.05539252	0.9262655906	0.009170946442	0.009170946442
0.009170946442	0.009170946442	0.009170946442	99.97248716
0.009170946442	5.511738811	21.10234776	73.37674248
86.14419396	0.01063377286	9.581029349	4.264142918
4.23704955	14.09065315	68.9893018	12.6829955
>cisbp__M02112
24.86520636	15.60392423	43.92694519	15.60392423
23.55588632	40.94257972	24.38560947	11.11592449
0.01395979381	0.01395979381	0.01395979381	99.95812062
99.95812062	0.01395979381	0.01395979381	0.01395979381
99.95812062	0.01395979381	0.01395979381	0.01395979381
0.01395979381	0.01395979381	0.01395979381	99.95812062
0.01395979381	0.01395979381	0.01395979381	99.95812062
99.95812062	0.01395979381	0.01395979381	0.01395979381
27.01605386	30.97395177	21.2725719	20.73742248
22.76944364	22.76944364	22.76944364	31.69166907
>cisbp__M02121
29.23286164	22.90785456	28.8643581	18.99492571
13.64269146	33.68767102	15.65249773	37.01713979
3.451264783	11.80591968	0.9674072127	83.77540833
80.15710302	7.26922515	9.320097006	3.253574822
97.07813944	0.7893752629	0.8025131341	1.329972161
1.329972161	0.8025131341	0.7893752629	97.07813944
3.253574822	9.320097006	7.26922515	80.15710302
83.77540833	0.9674072127	11.80591968	3.451264783
37.01713979	15.65249773	33.68767102	13.64269146
18.99492571	28.8643581	22.90785456	29.23286164
>cisbp__M02129
32.26435377	22.73630583	34.25946999	10.73987041
14.3724162	14.3724162	4.880808235	66.37435936
1.503963925	1.136671482	0.9981060352	96.36125856
96.4759964	0.8430695986	1.820833268	0.8601007342
97.83347839	0.8809687137	0.340706742	0.9448461529
0.6494690736	0.2437529517	0.7698188437	98.33695913
1.100657677	1.057500272	1.691994295	96.14984776
70.50525608	0.5197991782	27.81811039	1.156834346
24.67118132	8.294858079	64.43363723	2.600323381
>cisbp__M02162
19.59605512	2.708727371	19.59605512	58.09916239
4.214902126	9.476952221	0.005262050095	86.3028836
90.27858668	4.372937294	3.40225199	1.946224034
99.01951314	0.4878284389	0.004829984544	0.4878284389
0.004829984544	0.4878284389	0.004829984544	99.50251159
1.512258842	2.517081994	6.536374598	89.43428457
72.65395894	1.339642762	20.00133298	6.005065316
5.562754535	12.96741947	59.24657534	22.22325065
>cisbp__M02166
20.00333111	53.31445703	5.01332445	21.66888741
0.01281394157	6.419784726	0.01281394157	93.55458739
84.30876686	15.66714836	0.01204238921	0.01204238921
98.75963391	0.01204238921	0.01204238921	1.21628131
0.01204238921	3.624759152	0.01204238921	96.35115607
1.21628131	0.01204238921	32.52649326	66.24518304
76.89646335	0.01281394157	23.07790876	0.01281394157
10.01199041	75.95923261	6.01518785	8.013589129
>cisbp__M02175
12.96741947	3.711588301	16.66975194	66.65124028
0.6642988687	10.53012365	0.006577216522	88.79900026
86.21288314	11.38050766	0.6046455939	1.801963602
99.39426017	0.5939778876	0.005880969184	0.005880969184
0.5939778876	0.5939778876	0.5939778876	98.21806634
2.52137827	0.006287726358	20.75578471	76.7165493
74.58743256	0.00793398921	24.60330054	0.8013329102
4.048869144	16.16518578	59.58198708	20.203958
>cisbp__M02200
15.79915878	5.283911672	18.42797056	60.48895899
0.01885369532	11.33107089	0.01885369532	88.63122172
99.94740533	0.0175315568	0.0175315568	0.0175315568
99.94740533	0.0175315568	0.0175315568	0.0175315568
0.0175315568	0.0175315568	0.0175315568	99.94740533
0.0175315568	0.0175315568	0.0175315568	99.94740533
69.19677171	0.0192159877	30.76479631	0.0192159877
5.426565875	16.22570194	59.42224622	18.92548596
>cisbp__M02215
41.62699153	21.98660898	23.18573656	13.20066293
5.42690974	61.76710726	17.708218	15.097765
0.01656971428	0.01656971428	0.01656971428	99.95029086
91.63522681	8.33163376	0.01656971428	0.01656971428
99.95029086	0.01656971428	0.01656971428	0.01656971428
0.01656971428	0.01656971428	0.01656971428	99.95029086
0.01656971428	0.01656971428	0.01656971428	99.95029086
99.95029086	0.01656971428	0.01656971428	0.01656971428
21.28795802	45.73857515	21.15756005	11.81590678
30.00198656	30.81869349	19.58965997	19.58965997
>cisbp__M02217
21.43874644	7.193732194	14.31623932	57.05128205
5.03992016	0.0499001996	0.0499001996	94.86027944
94.86027944	0.0499001996	0.0499001996	5.03992016
99.8502994	0.0499001996	0.0499001996	0.0499001996
0.0499001996	0.0499001996	0.0499001996	99.8502994
10.02994012	0.0499001996	0.0499001996	89.87025948
77.66075388	0.05543237251	16.68514412	5.598669623
6.296758105	56.17206983	18.76558603	18.76558603
