>kznf__ZNF214_Schmitges2016_RCADE
39.0127	17.9936	32.0064	10.9873
29.4586	12.2611	11.6242	46.6561
16.08280161	12.89810129	3.980890398	67.0382067
17.993609	63.85353193	7.802553901	10.35030518
91.87898346	5.891718939	0.7961778567	1.433119742
7.802546879	3.980888408	10.98729561	77.22926911
0.7961781752	64.49041419	11.62420256	23.08920508
79.14008892	0.1592359777	19.90449721	0.7961778885
91.2420365	1.433120573	4.617831847	2.707011083
14.8089	22.4522	42.1975	20.5414
23.72610712	2.070060621	67.03822011	7.16561215
9.076428185	8.439488312	15.44589691	67.03818659
7.802555618	73.40765285	17.99361296	0.7961785732
0.159235949	97.61146876	2.070059338	0.159235949
2.070060083	10.35030041	0.1592360064	87.4204035
0.159236086	84.87264583	2.707011462	12.26110662
94.42675468	0.7961776178	1.433119312	3.343948395
76.59236936	3.980888408	3.343948662	16.08279357
28.18469718	32.64329674	32.0063968	7.165609283
90.60510181	0.7961780159	6.528660131	2.070060041
83.59872508	4.617831385	5.891721768	5.891721768
6.528662611	19.26750771	31.36941255	42.83441713
19.26749422	9.076427277	38.37578849	33.28029002
23.0892	21.1783	33.9172	21.8153
