>homer__AGAAATGACTTCCCT_ZNF528
78.5	0.1	18.2	3.2
12.4	0.5	85.4	1.7
69.2	27	2.7	1.1
94	0.1	5.8	0.1
72.8	5.8	17	4.4
0.1	1.5	0.1	98.3
1.6	0.1	88	10.3
47	15.9	22.4	14.7
0.1	98.8	0.1	1
2.7	15.3	1.1	80.9
0.5	0.5	0.5	98.5
0.1	88.5	0.5	10.9
2.7	75.2	0.1	22
19.1	47.3	6.4	27.2
19.9	24.1	10.3	45.7
>kznf__ZNF85_Imbeault2017_RP_RCADE
46.89354689	22.04142204	15.53251553	15.53251553
53.99404601	12.57398743	19.67458033	13.75738624
53.4024	16.716	14.9408	14.9408
22.6331	40.9763	23.8166	12.574
15.5325	2.51479	3.10651	78.8462
0.1479290192	0.1479290192	99.55621294	0.1479290192
29.142	65.2367	1.33136	4.28994
32.69230327	3.69822037	9.023670902	54.58580546
0.1479290192	0.1479290192	99.55621294	0.1479290192
7.840236864	6.656797337	60.5029758	24.99999
75.88757799	10.79879687	13.16569618	0.1479289571
87.13018257	6.656798669	3.106509379	3.106509379
0.1479289275	7.248516448	12.57399384	80.02956079
0.7396451109	88.31361325	3.698220555	7.248521087
14.94080299	14.94080299	1.923080385	68.19531364
12.57398994	50.44375964	35.05917195	1.923078462
32.6923	27.3669	15.5325	24.4083
27.9586	11.9822	39.2012	20.858
