>jaspar__MA0395.1
180	258	175	385
288	242	293	174
438	193	211	157
276	209	176	336
126	405	143	325
238	111	567	81
113	11	829	45
34	647	5	312
2	5	987	4
0	849	148	1
1	866	128	3
8	13	948	29
14	520	4	460
618	12	338	30
86	433	139	341
218	312	359	109
326	240	205	227
231	427	161	179
158	237	344	259
342	265	122	268
>jaspar__MA1244.1
122	57	317	104
145	75	281	99
140	230	96	134
100	64	308	128
181	79	285	55
237	149	79	135
225	26	186	163
253	18	193	136
103	97	14	386
59	15	308	218
150	27	401	22
2	590	0	8
0	0	598	2
0	12	588	0
4	584	0	12
5	10	550	35
33	105	445	17
196	298	30	76
66	36	421	77
>jaspar__MA1261.1
34	47	15	42
26	20	42	50
39	7	57	35
40	30	14	54
10	35	16	77
55	0	80	3
0	120	0	18
0	0	136	2
0	0	138	0
0	106	0	32
0	3	89	46
25	0	106	7
41	53	9	35
0	10	91	37
25	26	67	20
>jaspar__MA1804.1
249	390	267	94
137	720	133	10
384	1	615	1
1	795	187	17
1	956	1	43
202	9	712	77
164	679	79	78
348	352	155	145
253	163	426	158
184	239	172	406
>swissregulon__sacCer__STP2
30.58	14.33	72.62	10.45
14.56	1.42	106.12	5.88
4.41	82.91	0.71	39.95
0.28	0.73	126.43	0.54
0.12	108.69	19.02	0.15
0.21	110.89	16.39	0.49
1.11	1.67	121.4	3.8
1.8	66.63	0.58	58.96
79.15	1.63	43.32	3.89
>scertf__zhu.STP2
24	11	56	8
11	1	83	5
3	64	1	31
1	1	97	1
1	83	15	1
1	85	13	1
1	1	95	3
1	52	1	46
62	1	34	3
>cisbp__M01603
24.87621963	39.01367838	26.67994907	9.430152916
13.69918449	72.04826952	13.2943124	0.9582335947
38.4131225	0.06777235802	61.46077294	0.05833220913
0.1028982933	79.51818811	18.6526043	1.726309301
0.1118864563	95.55760832	0.0685445963	4.261960624
20.18645694	0.918523244	71.16576905	7.729250759
16.41659815	67.91744374	7.911306235	7.754651876
34.84695563	35.19717335	15.5019493	14.45392172
25.30962313	16.3003191	42.5714859	15.81857187
18.40698469	23.87257225	17.16255877	40.55788428
>cisbp__M06653
13.8333	65	7	14.1667
12.8333	6.5	52	28.6667
3.8333	64.8333	27.6667	3.6667
5.4999945	94.16660583	0.1666998333	0.1666998333
0	0	99.8333	0.1667
0	100	0	0
0.3333	99.6667	0	0
0.6666993333	0	99.16660083	0.1666998333
5.8333	52.5	5.1667	36.5
42.33334233	39.33333933	0.8333008333	17.5000175
67.6667	0.8333	7	24.5
17.83331783	16.83331683	1.000001	64.33336433
23.66667633	21.999978	8.166691833	46.16665383
23.16667683	16.66668333	18.16668183	41.999958
13.83331383	38.83333883	16.5000165	30.83333083
>cisbp__M06654
27.3356	31.1419	11.5917	29.9308
34.083	14.8789	22.6644	28.3737
20.41522042	33.91003391	17.3010173	28.37372837
18.3391	52.2491	9.5156	19.8962
15.2249	8.6505	44.2907	31.8339
5.1903	60.8997	29.9308	3.9792
9.5156	90.4844	0	0
0	0	100	0
0	100	0	0
0.346	99.654	0	0
0	0	100	0
5.8824	56.7474	2.4221	34.9481
45.5017	35.2941	0	19.2042
71.1073	0.346	2.2491	26.2976
12.9758	10.7266	0	76.2976
18.3391	24.2215	5.3633	52.0761
18.16608183	16.08998391	17.99308201	47.75085225
15.917	35.8131	18.1661	30.1038
23.52942353	35.64013564	15.05191505	25.77852578
