>jaspar__MA0172.1
0	3	0	12
0	2	0	13
15	0	0	0
15	0	0	0
0	0	0	15
0	0	0	15
15	0	0	0
>jaspar__MA0621.1
312	229	229	229
345	150	261	244
130	146	46	679
0	0	0	1000
1000	0	0	0
1000	0	0	0
0	0	0	1000
0	0	0	1000
938	21	21	21
228	100	488	184
205	205	290	301
>jaspar__MA0703.2
1894	617	890	663
2005	680	756	2058
1109	548	936	2955
0	599	190	3465
0	0	0	4064
4064	0	0	0
4064	0	0	0
0	0	0	4064
0	0	0	4064
4064	12	0	0
2319	785	350	609
>jaspar__MA0928.1
322	226	226	226
345	233	266	155
61	213	61	665
0	0	0	1000
1000	0	0	0
1000	0	0	0
0	0	0	1000
0	0	0	1000
928	24	24	24
202	95	609	95
270	189	270	270
>jaspar__MA1442.1
783	81	81	54
78	98	39	783
34	34	0	931
999	0	0	0
982	0	0	16
35	0	17	946
80	20	60	839
761	0	190	47
>jaspar__MA1807.1
255	296	160	289
307	64	167	463
0	28	0	972
828	0	172	0
1000	0	0	0
0	0	0	1000
0	0	0	1000
1000	0	0	0
628	0	372	0
92	172	138	598
225	160	245	371
>swissregulon__mm__Lhx4
679.313754	81.317245	41.652985	17.604661
400.548818	31.782859	110.412035	277.144933
8.668913	5.30194	60.954769	744.963023
8.048937	6.643767	16.281852	788.914089
804.900143	8.654939	2.400544	3.933019
812.54378	0.734599	1.368708	5.241558
5.253785	11.001884	2.359325	801.273651
45.293243	43.603259	32.151485	698.840658
703.091573	10.158382	3.449409	103.189281
458.058637	70.666045	134.98525	156.178713
>flyfactorsurvey__Antp_Cell_FBgn0000095
1	5	2	8
1	1	0	14
0	0	0	16
16	0	0	0
16	0	0	0
0	0	0	16
0	0	9	7
15	0	1	0
>flyfactorsurvey__Hgtx_Cell_FBgn0040318
4	1	5	10
4	2	3	11
0	0	0	20
20	0	0	0
20	0	0	0
0	0	0	20
1	0	6	13
15	0	5	0
>flyfactorsurvey__Repo_Cell_FBgn0011701
6	3	6	13
1	4	4	19
1	0	0	27
27	0	0	1
28	0	0	0
0	0	0	28
0	0	0	28
21	0	7	0
>hocomoco__LHX3_HUMAN.H11MO.0.C
39	6	13	14
38	3	15	16
57	7	7	1
42	2	11	17
1	1	2	68
0	0	1	71
72	0	0	0
71	0	1	0
0	0	0	72
2	1	1	68
67	0	2	3
33	7	24	8
12	19	11	30
>nitta__dve_TCTTAG20NGA_KI_NCTAATTANN_m1_c4
13876	10086	14004	2999
10039	40965	5572	10439
122	3125	95	40965
40965	4376	984	104
40965	19	0	0
0	23	0	40965
131	57	4652	40965
40965	0	1830	55
20038	4993	5767	10168
3896	15244	10137	11687
>nitta__otp_TGAAAC20NAAA_KG_NYAATTAN_m1_c3
5269	12781	6857	18849
2246	12571	678	31184
43755	1423	1511	114
43755	0	0	0
0	0	0	43755
0	1225	764	43755
43755	423	0	2089
20234	5270	13578	4673
>nitta__repo_TATCGC20NGCG_KH_NYTAATTAAN_m1_c3
10974	6362	12289	4396
2471	20577	4392	13444
2009	18865	1401	34021
34021	2027	2030	656
34021	442	586	305
187	480	246	34021
309	2064	882	34021
34021	1182	13137	2116
34021	9411	6075	5717
4211	13951	7436	8423
>nitta__repo_TGATGG20NGTA_KA_NYTAATTAAN_m1_c5
12416	8430	13134	3966
1661	21618	2828	16328
506	8728	150	37946
37946	140	0	0
37946	0	10	0
0	9	0	37946
0	0	14	37946
37946	43	3969	80
37946	4440	3554	2331
4646	14373	9689	9238
>transfac_public__M00510
32	5	2	1
22	2	5	11
0	0	4	36
0	0	0	40
40	0	0	0
40	0	0	0
0	1	0	39
1	2	1	36
34	1	0	5
23	4	6	7
>elemento__TAATTAA
0	0	0	100
100	0	0	0
100	0	0	0
0	0	0	100
0	0	0	100
100	0	0	0
100	0	0	0
>cisbp__M00276
30.90826207	20.18572616	28.72028561	20.18572616
9.225995858	61.74562618	9.225995858	19.8023821
4.658477619	4.658477619	4.658477619	86.02456714
91.25748462	0.01707355801	0.01707355801	8.708368263
99.94877933	0.01707355801	0.01707355801	0.01707355801
0.01707355801	0.01707355801	0.01707355801	99.94877933
8.38089742	0.01707355801	0.01707355801	91.58495546
91.58495546	0.01707355801	0.01707355801	8.38089742
54.43976534	4.831347394	19.0952807	21.63360657
24.15490156	15.7910777	15.7910777	44.26294304
29.04989064	20.35859594	20.35859594	30.23291748
>cisbp__M00337
17.55588773	17.55588773	37.80880564	27.0794189
39.71675477	40.45440881	9.914418214	9.914418214
4.853554797	4.853554797	4.853554797	85.43933561
99.916492	0.02783600141	0.02783600141	0.02783600141
99.916492	0.02783600141	0.02783600141	0.02783600141
0.02783600141	0.02783600141	0.02783600141	99.916492
0.02783600141	0.02783600141	0.02783600141	99.916492
99.916492	0.02783600141	0.02783600141	0.02783600141
47.8990082	17.1516394	17.40132833	17.54802406
15.11341779	15.11341779	15.11341779	54.65974664
29.58257132	20.1742812	30.06886627	20.1742812
>cisbp__M00451
74.5049505	0.2475247525	0.2475247525	25
20.03968254	0.1984126984	0.1984126984	79.56349206
0.1984126984	0.1984126984	0.1984126984	99.4047619
79.56349206	0.1984126984	0.1984126984	20.03968254
99.4047619	0.1984126984	0.1984126984	0.1984126984
0.1984126984	0.1984126984	0.1984126984	99.4047619
20.03968254	0.1984126984	0.1984126984	79.56349206
99.25742574	0.2475247525	0.2475247525	0.2475247525
>cisbp__M01850
27.00629527	27.03496159	18.93068899	27.02805415
9.464679921	60.86811903	9.464679921	20.20252112
2.393170722	2.393170722	2.393170722	92.82048784
99.98674258	0.004419138491	0.004419138491	0.004419138491
99.98674258	0.004419138491	0.004419138491	0.004419138491
0.004419138491	0.004419138491	0.004419138491	99.98674258
0.004419138491	0.004419138491	0.004419138491	99.98674258
99.98674258	0.004419138491	0.004419138491	0.004419138491
66.53615088	6.073730149	21.31638882	6.073730149
15.53973922	26.61485514	23.3341168	34.51128885
22.61124842	22.61124842	22.61124842	32.16625475
>cisbp__M02052
31.0488647	22.98371177	22.98371177	22.98371177
31.77705073	24.28200717	21.87712472	22.06381738
4.768080136	16.3565898	4.768080136	74.10724992
2.102061579	2.102061579	2.102061579	93.69381526
99.96955769	0.01014743632	0.01014743632	0.01014743632
99.96955769	0.01014743632	0.01014743632	0.01014743632
0.01014743632	0.01014743632	0.01014743632	99.96955769
0.01014743632	0.01014743632	0.01014743632	99.96955769
93.92069299	2.026435669	2.026435669	2.026435669
23.0833527	11.40155918	54.11352895	11.40155918
20.2420673	20.2420673	20.2420673	39.2737981
31.27574243	22.90808586	22.90808586	22.90808586
>cisbp__M02067
7.41392077	6.488337653	19.4465013	66.65124028
5.115294804	18.25014594	0.007297139521	76.62726211
82.53488996	2.690552872	10.07112185	4.703435319
97.98053852	0.006664889363	0.6731538256	1.339642762
3.339109571	0.006664889363	0.006664889363	96.64756065
6.716317767	6.045356951	3.361513688	83.87681159
70.29834427	0.007810059356	22.65698219	7.03686348
5.564193692	17.78098623	14.44913372	62.20568636
>cisbp__M02079
30.2241603	23.25861323	23.25861323	23.25861323
30.71445334	16.15278395	28.67626128	24.45650144
5.879281444	20.06782457	5.879281444	68.17361255
0.002247087077	0.002247087077	0.002247087077	99.99325874
99.99325874	0.002247087077	0.002247087077	0.002247087077
99.99325874	0.002247087077	0.002247087077	0.002247087077
0.002247087077	0.002247087077	0.002247087077	99.99325874
0.002247087077	0.002247087077	0.002247087077	99.99325874
94.76909844	1.743633853	1.743633853	1.743633853
23.27063536	8.84946314	59.03043836	8.84946314
25.60769563	19.12296564	25.99369755	29.27564118
>cisbp__M02097
30.03766858	28.34621719	20.80805712	20.80805712
45.05882195	28.63767017	9.538391556	16.76511632
7.200647226	20.24740959	0.008680577457	72.54326261
0.008680577457	0.008680577457	0.008680577457	99.97395827
99.97395827	0.008680577457	0.008680577457	0.008680577457
99.97395827	0.008680577457	0.008680577457	0.008680577457
0.008680577457	0.008680577457	0.008680577457	99.97395827
0.008680577457	0.008680577457	0.008680577457	99.97395827
87.39812962	4.200623459	4.200623459	4.200623459
31.03575719	15.47028902	38.02366477	15.47028902
>cisbp__M02128
69.94007989	3.362183755	3.362183755	23.3355526
15.22589053	6.537793223	4.365768897	73.87054735
5.371163455	1.802284083	0.01784439686	92.80870807
82.10206995	0.01784439686	0.01784439686	17.86224126
96.37758744	0.01784439686	0.01784439686	3.586723769
7.155603141	0.01784439686	0.01784439686	92.80870807
10.9193314	0.01816860465	3.651889535	85.41061047
87.18112245	0.0212585034	8.524659864	4.272959184
>cisbp__M02173
29.19112909	20.50436359	20.50436359	29.80014373
42.36069121	12.35929931	12.35929931	32.92071017
11.99485457	2.150955722	2.150955722	83.70323399
9.847286202	0.003387358659	0.003387358659	90.14593908
90.14593908	0.003387358659	0.003387358659	9.847286202
99.98983792	0.003387358659	0.003387358659	0.003387358659
0.003387358659	0.003387358659	0.003387358659	99.98983792
18.33413075	0.003387358659	0.003387358659	81.65909454
77.46796545	4.499023766	4.499023766	13.53398702
24.01029721	30.67711518	23.63353631	21.6790513
31.44270509	22.85243164	22.85243164	22.85243164
>cisbp__M02205
29.19539248	30.79584943	20.00437905	20.00437905
52.14151022	12.84025673	22.17797633	12.84025673
3.051806684	21.55231212	12.75788757	62.63799363
0.01289960781	0.01289960781	0.01289960781	99.96130118
99.96130118	0.01289960781	0.01289960781	0.01289960781
99.96130118	0.01289960781	0.01289960781	0.01289960781
0.01289960781	0.01289960781	0.01289960781	99.96130118
0.01289960781	0.01289960781	10.80436998	89.1698308
74.9627801	5.008520558	15.02017878	5.008520558
22.42563491	53.22907932	12.17264288	12.17264288
21.96109292	34.11672123	21.96109292	21.96109292
>cisbp__M02232
78.89064143	2.655099895	13.170347	5.283911672
8.940042827	16.07780157	5.371163455	69.61099215
0.01448435689	11.60196987	0.01448435689	88.36906141
98.55011261	1.421734234	0.01407657658	0.01407657658
98.55011261	0.01407657658	1.421734234	0.01407657658
0.01427755568	4.29754426	1.442033124	94.24614506
0.01561524047	3.138663335	10.94628357	85.89943785
79.20437406	0.01885369532	18.87254902	1.904223228
>cisbp__M06916
73.384	0	12.1673	14.4487
31.1787	11.7871	39.1635	17.8707
0	5.3232	0	94.6768
0	0	0	100
100	0	0	0
95.4373	0	4.5627	0
0	11.0266	0	88.9734
0	2.2814	5.3232	92.3954
79.8479	0	20.1521	0
47.9087	20.1521	31.9392	0
24.3346	12.1673	16.3498	47.1483
>cisbp__M09137
41.61710497	15.88472048	25.79318344	16.70499111
10.66793466	33.00205509	9.435320527	46.89468972
3.515445596	2.109267358	0	94.37528705
95.01757723	1.757722798	1.054633679	2.170066295
100	0	0	0
0	1.054633679	0	98.94536632
0	0	0	100
98.94536632	1.054633679	0	0
96.13300984	2.109267358	0.7030891193	1.054633679
23.50151927	15.65035744	2.109267358	58.73885594
0.8202706392	10.19920858	9.496119465	79.48440131
22.45130194	21.33586933	4.101353196	52.11147553
20.11845493	18.18716802	7.224071384	54.47030567
