>swissregulon__hs__PAX3
41.39628	10.154821	10.324122	13.339577
34.831216	21.993646	11.527687	6.862251
35.466053	13.138388	22.171991	4.438368
26.036505	13.683488	18.671722	16.823085
13.100003	7.605267	21.519237	32.990293
13.913354	21.402081	5.207544	34.691821
7.381617	47.028613	7.635601	13.168969
2.415516	3.255557	63.181659	6.362068
1.276434	1.177309	0	72.761057
0	73.837133	0.897772	0.479895
70.093204	3.486133	0	1.635463
0	66.184317	0	9.030483
13.769128	0	48.641902	12.80377
0	45.257842	19.675522	10.281436
13.821262	8.79616	0.57664	52.020738
0	15.388765	0	59.826035
12.816879	26.62754	17.282773	18.487608
20.632253	18.340401	8.521526	27.72062
18.296334	12.39763	35.244306	9.27653
16.390865	22.40042	23.177569	13.245946
43.616992	7.228578	5.776394	18.592836
>flyfactorsurvey__Poxn_SOLEXA_5_FBgn0003130
73	1722	175	164
4	1	2036	130
132	25	0	2798
0	2436	0	519
2698	257	0	0
0	2893	0	62
61	0	2894	0
0	1749	1206	0
234	942	113	1666
>flyfactorsurvey__gsb_SOLEXA_5_FBgn0001148
534	456	518	692
294	492	824	1073
594	396	844	960
771	229	1240	554
1183	76	1004	531
7	862	1918	7
1	2676	1	115
69	0	2721	3
8	5	156	2625
290	2	2496	6
2508	14	79	193
51	2737	0	6
144	209	1651	790
1251	153	1088	207
1334	231	735	331
>flyfactorsurvey__prd_NAR_FBgn0003145
5	6	4	15
3	14	4	9
8	16	3	3
0	1	25	4
4	0	0	26
0	27	0	3
28	1	0	1
0	30	0	0
2	0	28	0
0	18	12	0
5	8	0	17
>flyfactorsurvey__prd_SOLEXA_5_FBgn0003145
704	760	354	866
603	1198	196	796
415	1794	380	289
9	0	2702	167
309	115	7	2447
12	2528	7	331
2766	96	4	12
0	2826	0	52
117	0	2761	0
25	1900	953	0
448	886	172	1372
576	1116	412	774
753	989	609	527
928	717	516	322
>taipale_cyt_meth__PAX7_NNATTCGTCACGSTN_FL
202	1553	487	609
684	597	1503	67
2850	253	426	307
69	139	84	2850
102	271	221	2850
1269	2850	317	28
0	0	2850	3
76	73	0	2850
26	2850	5	566
2850	0	12	6
15	2850	0	365
183	0	2850	3
17	1290	1561	31
929	899	480	2850
671	642	710	827
>taipale_cyt_meth__PAX7_NNATTMGTCACGSTN_eDBD
0	68	20	36
46	11	62	4
123	13	8	0
0	0	2	123
0	8	4	123
14	109	13	0
0	3	123	1
4	11	5	123
4	123	11	25
123	8	7	4
5	123	1	0
15	0	123	7
0	44	79	0
53	34	23	123
16	44	26	37
>taipale_cyt_meth__PAX7_NNATTMGTCACGSTN_eDBD_meth
34	94	37	42
63	43	89	13
207	12	39	27
10	1	7	207
5	16	4	207
129	78	44	16
10	0	207	6
9	16	8	207
18	207	7	54
207	0	68	5
7	207	3	32
11	1	207	0
0	101	106	6
45	74	28	207
53	40	42	72
>cisbp__M00345
21.58555185	28.18666875	21.58555185	28.64222755
10.56406198	52.15904471	26.71283134	10.56406198
0.007120331466	0.007120331466	99.97863901	0.007120331466
5.754295874	0.007120331466	0.007120331466	94.23146346
0.007120331466	99.97863901	0.007120331466	0.007120331466
99.97863901	0.007120331466	0.007120331466	0.007120331466
0.007120331466	99.97863901	0.007120331466	0.007120331466
0.007120331466	0.007120331466	99.97863901	0.007120331466
3.421568481	43.12752727	50.02933577	3.421568481
14.44305835	20.23416634	14.44305835	50.87971695
>cisbp__M00346
13.98876938	39.18346397	29.91185291	16.91591374
1.968212606	0.03641137056	80.40897694	17.58639908
19.38023435	3.54044951	0.0447910785	77.03452506
5.792047689	71.27074169	0.3702732209	22.5669374
96.27679762	3.695912029	0.00111069132	0.02617965629
3.195955014	73.10420957	0.08474453257	23.61509088
17.63225421	0.006736127	81.42886769	0.9321419686
1.679229908	45.07533945	51.33307596	1.912354682
18.49258891	21.05988513	12.15049673	48.29702923
19.78142721	25.65512811	19.58459872	34.97884596
>cisbp__M00706
56.58021636	2.10783086	26.19737959	15.11457319
27.78938281	49.13905	11.07459819	11.996969
0.191805814	36.18802253	63.35337588	0.2667957741
2.029025347	86.2763531	5.091413803	6.603207745
22.79433208	3.843993932	67.79659091	5.565083074
0.223989497	6.644861724	12.98563677	80.14551201
18.22566829	7.26327585	66.8753839	7.635671966
88.15508722	3.892679036	3.384132577	4.568101165
11.49137913	85.76380921	2.615870983	0.1289406722
9.721453227	24.39394916	60.60243756	5.28216006
>cisbp__M05874
89.7	1.3	3.6	5.4
1	0.8	0.1	98.1
0.6	5.1	0.6	93.7
45.3	35.7	10.8	8.2
0.7	0.1	96.2	3
14.1	6.9	1.5	77.5
2.4	63.4	1	33.2
82.9	11.2	2.6	3.3
2.4	77.1	0.9	19.6
15.01501502	0.5005005005	84.28428428	0.2002002002
0.9	45.4	52.2	1.5
15.88411588	19.98001998	10.08991009	54.04595405
20.22022022	21.32132132	17.41741742	41.04104104
