>jaspar__MA0434.1
11	36	11	41
0	0	100	0
9	26	0	65
63	26	0	11
40	0	60	0
100	0	0	0
0	0	0	100
0	100	0	0
36	30	17	17
>jaspar__MA0435.1
75	242	144	537
158	204	341	295
382	170	173	274
376	240	137	245
274	50	462	212
552	169	240	37
16	747	17	218
4	4	988	2
2	16	3	978
983	7	3	5
884	1	109	4
986	2	4	6
5	2	2	989
4	983	1	9
326	575	55	43
86	221	77	613
258	190	196	354
450	110	173	266
281	396	62	260
333	330	68	266
>swissregulon__sacCer__YPR013C
70.09	10.65	31.06	16.19
56.85	27.31	28.88	14.94
15.94	112.95	15.41	110.41
0.28	0.29	254.97	0.44
11.93	35.29	0.28	208.48
204.93	36.14	0.11	14.8
142.41	0.29	112.23	1.05
254.71	0.11	0.84	0.32
0.25	0.32	0.37	255.04
0.28	254.9	0.28	0.52
128.45	76.41	24.52	26.6
>swissregulon__sacCer__YPR015C
35.14	6.47	59.18	27.19
70.71	21.7	30.77	4.8
2.09	95.71	2.22	27.96
0.52	0.59	126.51	0.36
0.32	2.05	0.4	125.22
125.91	0.97	0.43	0.67
113.19	0.19	14.07	0.54
126.32	0.28	0.53	0.85
0.68	0.27	0.35	126.68
0.62	125.94	0.21	1.2
41.76	73.66	7.05	5.51
11.12	28.37	9.98	78.51
>yetfasco__YPR013C_859
23.01189234	16.57413133	27.24400617	33.16997015
21.32240228	19.60555057	26.21775245	32.85429469
29.59289208	15.0736581	29.86026518	25.47318464
54.75823565	8.320623141	24.26886135	12.65227986
44.41940768	21.33963403	22.56906255	11.67189574
1.454420726	52.24453805	1.042084739	45.25895648
0.2232782845	0.2337520463	99.19934128	0.3436283914
0.3270457417	1.573132943	0.2204852657	97.87933605
97.10173774	2.240835815	0.09126781477	0.5661586345
71.259374	0.2284363496	27.68387981	0.8283098373
98.99401186	0.09293128481	0.657377247	0.2556796115
0.2020126648	0.2514389495	0.2947830521	99.25176533
0.2238791653	99.1439235	0.2219211941	0.4102761449
64.35418437	29.69934244	2.164193838	3.782279356
13.2429903	46.89859395	9.005015526	30.85340022
35.81444835	12.33909504	12.71035429	39.13610231
25.64624366	15.40528004	12.79205832	46.15641797
20.38680884	29.30184842	14.19283917	36.11850357
31.02003525	26.62562982	19.64303514	22.7112998
22.03818157	20.17881266	29.37077487	28.4122309
>scertf__zhu.YPR013C
55	8	24	13
44	21	23	12
1	52	1	45
1	1	97	1
1	2	1	96
96	2	1	1
71	1	27	1
97	1	1	1
1	1	1	97
1	97	1	1
64	30	2	4
>cisbp__M01539
17.81386274	16.45984331	29.00519614	36.72109781
4.900637986	2.61837406	91.06488756	1.41610039
99.96251041	2.00257017e-09	2.058889686e-09	0.03748958664
1.59533359	1.580396571	0.3435178995	96.48075194
9.855537824	45.63306017	8.29627718	36.21512483
18.76039729	6.633549825	26.16641068	48.4396422
54.62020051	8.584708294	24.30592065	12.48917055
2.871303866	90.69350532	1.775161718	4.660029094
32.86765788	15.02716207	40.56409237	11.54108768
19.41440653	29.50194892	26.76075526	24.32288929
