>hocomoco__ZN528_HUMAN.H11MO.0.C
76	175	60	60
76	163	66	66
103	169	57	42
265	20	65	21
62	10	271	28
17	1	352	1
22	1	348	0
361	5	3	2
339	5	24	3
1	2	360	8
17	199	29	126
54	310	3	4
329	10	24	8
8	54	8	301
8	48	8	307
2	56	54	259
4	353	2	12
13	65	6	287
34	101	173	63
197	49	61	64
>homer__GGYAGCAYDTGCTDCCCNNN_EBNA1
0.1	0.1	99.7	0.1
23.5	0.1	76.3	0.1
21.8	39	0.3	38.9
99.7	0.1	0.1	0.1
1.1	0.1	98.7	0.1
0.7	62.3	14.4	22.6
69.1	17.4	11	2.5
18.1	28.2	10.7	43
37.7	12.2	23.8	26.3
3.7	12.4	13	70.9
24.6	19.6	55	0.8
0.1	97.6	0.1	2.2
0.1	0.1	0.1	99.7
38.3	0.1	36.3	25.3
0.1	76	0.1	23.8
0.1	99.7	0.1	0.1
18.1	55.5	3.3	23.1
28.6	19.8	23.1	28.5
24.5	22.4	33.7	19.4
24.8	26.1	26.8	22.3
