>jaspar__MA0024.3
254	115	89	565
241	46	100	638
208	36	145	627
54	71	888	1
0	32	950	0
0	599	0	2
0	1	1009	0
2	588	17	0
0	577	46	50
524	171	20	119
510	80	58	182
493	59	112	219
>jaspar__MA0470.2
4332	1036	1772	9141
3440	926	968	12851
2541	476	3027	12536
946	489	1561	13460
318	2176	13671	20
10	50	13939	0
15	13954	2	11
9	7	13950	25
0	13939	53	0
29	13730	3993	577
12269	4540	1062	2504
4886	2001	524	8279
4627	906	846	8792
5354	2863	2397	6866
>jaspar__MA0864.2
1371	681	1951	671
1926	316	811	2567
1329	528	1082	3641
1251	314	876	3872
1129	163	927	4386
282	1370	4565	33
2	32	4653	1
20	4669	0	0
17	0	4673	4
3	4645	26	1
348	4434	1102	229
4319	1192	271	1123
1764	579	118	2759
1645	516	528	2678
2183	1016	575	2187
726	1710	803	1435
>jaspar__MA1749.1
913	87	0	0
348	0	130	522
391	0	217	391
348	0	217	435
261	0	217	522
174	43	783	0
0	43	783	174
217	783	0	0
0	0	1000	0
0	1000	0	0
0	1000	0	0
913	87	0	0
826	87	0	87
913	0	87	0
696	0	261	43
>swissregulon__hs__E2F3
265.095	268.267	222.997	243.641
200.676	255.224	341.788	202.312
178.293	362.068	104.617	355.022
351.308	49.8703	101.991	496.832
114.543	445.994	8.58396	430.879
113.589	20.8544	846.807	18.7496
4.66064	132.01	859.24	4.0885
30.8964	962.007	4.01694	3.07984
6.19424	2.09003	965.564	26.1519
8.00894	911.831	77.0089	3.15118
29.5188	830.096	11.3325	129.053
764.71	16.4055	88.6271	130.257
530.327	265.186	100.721	103.765
331.689	153.148	308.482	206.682
332.536	311.591	232.118	123.755
175.189	233.372	375.563	215.876
183.884	334.856	283.993	197.267
>taipale__E2F1_DBD_AATGGCGCCAAA
469	146	123	413
437	80	161	491
165	24	168	565
22	57	758	2
0	7	790	0
0	725	0	0
2	0	813	0
0	705	6	0
0	685	41	16
568	143	10	117
579	46	27	142
535	47	83	139
>taipale__E2F2_DBD_AAAAATGGCGCCAAAANN
121	23	18	17
137	1	22	7
144	0	0	13
143	1	0	7
140	2	9	16
43	0	22	159
0	5	229	6
0	0	232	0
0	115	0	1
0	0	235	0
0	115	0	0
0	115	0	0
142	2	0	1
145	0	0	3
143	1	0	9
131	2	0	41
49	23	0	79
47	10	102	29
>taipale__E2F3_DBD_NNAAATGGCGCCAAAANN_repr
14836	2518	4831	2338
19063	374	3719	450
21577	44	75	1831
22031	43	53	3968
20106	30	854	5368
4901	63	10400	21178
501	5049	34974	1726
5	11	35721	0
10	24105	0	15
21	18	36551	6
7	23427	0	0
10	23428	406	21
21554	282	0	239
21631	23	51	848
21677	9	24	968
20878	56	47	2485
6227	6249	3615	9645
3794	5728	9709	8492
>taipale__E2F4_DBD_AATGGCGCCAAA
230	0	0	15
230	0	8	38
30	0	57	230
1	1	230	2
0	0	230	0
0	230	0	0
0	0	230	0
0	230	0	0
0	230	0	0
230	0	0	0
230	3	2	2
230	0	0	9
>taipale_cyt_meth__E2F1_NWTTTGGCGCCAWWWN_FL
1965	668	1886	1338
1657	260	327	3962
790	320	373	5226
405	199	242	5519
745	183	1081	5170
151	839	5773	0
0	26	5830	0
2	5852	0	0
0	0	5855	0
0	5839	43	0
6	5785	1539	261
4828	1942	184	1566
2978	230	183	2650
2174	402	292	3397
2286	566	377	3142
1004	1666	757	2430
>taipale_cyt_meth__E2F2_NWTTTGGCGCCAWWWN_eDBD_meth
1735	357	1498	1223
1458	174	355	3221
656	241	212	4480
334	105	133	4635
387	384	464	4398
356	32	4498	345
3	58	4786	0
122	4759	0	5
0	0	4641	274
0	4811	50	2
732	4382	44	667
4169	1026	302	1033
2508	154	190	2178
2279	266	234	2390
2138	306	440	2426
798	1369	431	2215
>taipale_cyt_meth__E2F3_NTTTTGGCGCCAAAAN_eDBD_meth
5283	844	3485	2874
3386	87	128	10989
1532	87	44	12239
807	103	66	12107
682	112	635	11814
91	189	12461	48
7	2	12474	6
102	12401	5	11
13	5	12386	122
1	12476	18	5
39	12455	208	44
11749	647	161	670
12099	55	92	762
12292	61	45	1493
11066	97	111	3393
2884	3455	831	5316
>elemento__TGGCGCC
0	0	0	100
0	0	100	0
0	0	100	0
0	100	0	0
0	0	100	0
0	100	0	0
0	100	0	0
>elemento__TTGGCGCC
0	0	0	100
0	0	0	100
0	0	100	0
0	0	100	0
0	100	0	0
0	0	100	0
0	100	0	0
0	100	0	0
>cisbp__M02954
32.76283619	9.046454768	10.75794621	47.43276284
27.76523702	8.35214447	12.64108352	51.24153499
27.63157895	1.973684211	6.578947368	63.81578947
16.48177496	0.4754358162	23.93026941	59.11251981
4.295302013	12.08053691	82.95302013	0.6711409396
0	3.144654088	96.85534591	0
0.5509641873	98.34710744	0	1.101928375
0	0	99.56521739	0.4347826087
0.4962779156	93.30024814	5.955334988	0.2481389578
0.4357298475	83.66013072	11.76470588	4.139433551
69.17808219	19.8630137	2.054794521	8.904109589
66.83168317	8.168316832	0	25
53.69928401	6.443914081	12.17183771	27.6849642
46.26865672	5.721393035	9.950248756	38.05970149
>cisbp__M02955
84.21052632	5.263157895	5.263157895	5.263157895
85	10	0	5
65.38461538	0	7.692307692	26.92307692
12	0	28	60
5.555555556	0	88.88888889	5.555555556
0	0	100	0
3.703703704	96.2962963	0	0
0	0	100	0
0	100	0	0
0	100	0	0
82.60869565	13.04347826	0	4.347826087
35	0	5	60
21.05263158	0	0	78.94736842
40	0	5	55
>cisbp__M06870
91.3043	8.6957	0	0
34.7826	0	13.0435	52.1739
39.13043913	0	21.73912174	39.13043913
34.7826	0	21.7391	43.4783
26.087	0	21.7391	52.1739
17.3913	4.3478	78.2609	0
0	4.3478	78.2609	17.3913
21.7391	78.2609	0	0
0	0	100	0
0	100	0	0
0	100	0	0
91.3043	8.6957	0	0
82.60861739	8.695691304	0	8.695691304
91.3043	0	8.6957	0
69.5652	0	26.087	4.3478
>cisbp__M06871
37.75863776	12.75861276	13.96551397	35.51723552
35.6897	8.6207	15.1724	40.5172
38.1034381	7.931007931	15.34481534	38.62073862
28.9655	3.9655	17.2414	49.8276
10.8621	19.1379	70	0
0	6.8966	93.1034	0
0	100	0	0
0	0	100	0
0	100	0	0
0	99.4828	0.1724	0.3448
96.5517	0.6897	0.1724	2.5862
59.8276	15	3.1034	22.069
61.0345	7.7586	11.2069	20
55.34485534	6.551706552	13.79311379	24.31032431
>cisbp__M06872
38.8514	11.1486	13.8514	36.1486
39.8649	8.4459	14.0203	37.6689
41.8919	5.5743	13.3446	39.1892
25.3378	3.2095	16.5541	54.8986
6.5878	21.4527	71.9595	0
0	9.7973	90.2027	0
0	100	0	0
0	0	100	0
0	100	0	0
0	99.4932	0	0.5068
96.2838	1.5203	0	2.1959
65.3716	13.0068	2.7027	18.9189
67.7365	5.4054	9.2905	17.5676
58.4459	5.2365	15.0338	21.2838
