>jaspar__MA0135.1
9	0	3	8
16	2	2	0
19	0	0	1
0	0	0	20
0	0	0	20
19	0	0	1
20	0	0	0
2	2	0	16
0	1	0	19
16	1	0	3
9	0	3	8
2	8	0	10
2	9	3	6
>jaspar__MA0356.1
52	0	8	41
12	0	0	88
100	0	0	0
56	0	0	44
23	0	0	77
63	0	0	37
>jaspar__MA0853.1
16	59	15	11
10	24	56	10
19	44	16	21
40	15	29	16
2	34	1	62
1	8	0	92
99	1	1	0
98	0	1	1
1	1	0	98
0	1	1	99
92	0	8	1
62	1	34	2
17	23	18	42
29	28	13	30
36	23	19	22
23	29	25	23
12	43	21	24
>jaspar__MA0854.1
19	44	17	20
7	21	65	7
38	33	14	15
43	9	31	17
5	40	2	53
1	7	0	92
98	0	1	0
98	0	1	1
1	1	0	98
0	1	0	98
92	0	7	1
53	2	40	5
15	21	11	53
23	32	16	29
39	31	12	17
24	29	23	24
15	40	14	31
>jaspar__MA0874.1
24	22	40	14
13	16	19	52
16	37	29	19
22	56	13	10
50	6	38	7
1	38	1	60
1	13	0	86
98	0	0	1
99	0	1	1
1	1	0	99
1	0	0	98
86	0	13	1
60	1	38	1
16	16	14	54
18	11	44	27
9	36	37	18
53	10	7	30
>jaspar__MA0934.1
872	26	53	49
616	4	6	375
207	4	3	786
225	3	2	770
770	2	3	225
786	3	4	207
375	6	4	616
49	53	26	872
>jaspar__MA1328.1
241	11	11	337
152	45	17	386
226	52	4	318
332	92	66	110
221	76	102	201
138	137	55	270
174	182	93	151
242	175	127	56
15	225	19	341
4	1	0	595
600	0	0	0
599	0	1	0
4	9	0	587
0	222	6	372
539	13	32	16
>jaspar__MA1329.2
834	351	309	978
967	422	333	750
1813	246	193	220
386	1155	193	738
47	24	9	2392
2412	14	26	20
2417	15	18	22
25	29	9	2409
19	43	12	2398
2382	14	25	51
2233	73	60	106
562	402	473	1035
691	423	370	988
>jaspar__MA1330.1
368	45	29	158
357	63	54	126
260	76	88	176
179	153	76	192
217	35	242	106
12	13	2	573
411	14	175	0
585	0	13	2
0	0	0	600
0	0	0	600
598	0	2	0
394	7	192	7
75	108	142	275
167	73	160	200
286	53	95	166
>swissregulon__hs__DBX2
138.747	266.314	268.669	326.27
241.422	88.1612	317.712	352.705
221.541	241.89	202.87	333.699
444.413	290.33	40.7658	224.491
695.709	72.8487	81.6662	149.776
175.734	117.077	96.0012	611.188
57.0141	123.886	2.90452	816.195
933.149	8.56447	17.3634	40.923
954.413	5.27209	18.4281	21.8863
25.9391	4.82489	6.13719	963.099
28.739	17.7629	286.425	667.073
725.662	9.75102	154.352	110.235
443.259	108.138	204.468	244.136
36.2428	90.1958	279.863	593.698
273.703	158.37	142.573	425.353
281.198	352.994	170.669	195.139
>swissregulon__hs__HLX
184.573	487.329	159.369	168.728
267.013	435.025	133.493	164.47
453.638	215.483	159.15	171.729
68.4891	133.089	51.3437	747.078
755.54	81.4556	49.1139	113.89
714.641	14.4787	71.4948	199.385
38.3576	63.7876	22.6191	875.236
163.501	117.322	32.6471	686.531
632.592	30.551	250.129	86.728
875.236	22.6191	63.7876	38.3576
199.385	71.4948	14.4787	714.641
113.89	49.1139	81.4556	755.54
747.078	51.3437	133.089	68.4891
156.894	411.683	152.357	279.066
416.155	272.462	87.6064	223.777
>swissregulon__hs__HMGA1
24.57053942	17.0186722	33.41701245	19.28423237
29.88381743	7.875518672	0	56.53112033
79.94190871	3.77593361	0	10.57261411
0	0	0	94.29045643
1.941908714	0.9709543568	0	91.37759336
22.54771784	5.825726141	8.846473029	57.07053942
19.33817427	10.59958506	11.03112033	53.32157676
>swissregulon__hs__HOXA7
186.841	449.539	249.722	113.898
223.463	205.831	481.456	89.2497
367.581	359.936	125.934	146.549
261.677	203.24	296.601	238.482
152.252	103.805	244.337	499.606
67.0945	105.584	4.74283	822.578
904.338	35.3645	6.59455	53.7031
942.269	4.13122	10.9819	42.6174
42.6174	10.9819	4.13122	942.269
53.7031	6.59455	35.3645	904.338
822.578	4.74283	105.584	67.0945
499.606	244.337	103.805	152.252
137.299	191.697	130.352	540.652
342.117	164.229	220.781	272.873
361.122	190.681	205.495	242.702
205.884	237.554	305.285	251.277
187.149	554.889	118.916	139.046
>swissregulon__hs__HOXB4
150.225	589.034	173.305	87.4362
247.713	218.543	315.982	217.762
313.054	315.762	161.875	209.309
342.14	122.587	414.986	120.287
84.4526	167.557	64.7135	683.277
15.0119	97.4967	0.784257	886.707
935.516	59.8423	2.98081	1.66086
983.764	3.20448	4.7618	8.26935
8.26935	4.7618	3.20448	983.764
1.66086	2.98081	59.8423	935.516
886.707	0.784257	97.4967	15.0119
683.277	64.7135	167.557	84.4526
96.0659	224.323	168.399	511.212
323.465	181.304	126.555	368.677
519.714	200.929	182.027	97.3295
303.077	315.972	90.4054	290.546
157.7	404.295	156.562	281.443
>swissregulon__hs__HOXC4
141.234	692.028	96.6555	70.0818
217.226	204.182	433.004	145.587
357.356	353.858	125.468	163.318
442.67	142.752	255.622	158.955
105.647	76.927	58.8725	758.553
19.9915	59.5653	0.879301	919.564
954.936	39.5487	3.11041	2.40454
982.26	4.49798	4.04023	9.20197
9.20197	4.04023	4.49798	982.26
2.40454	3.11041	39.5487	954.936
919.564	0.879301	59.5653	19.9915
758.553	58.8725	76.927	105.647
112.219	362.494	221.575	303.712
352.534	203.9	178.138	265.428
526.263	237.739	150.472	85.5265
262.929	241.936	161.991	333.143
296.492	258.285	199.538	245.685
>swissregulon__hs__HOXC5
129.045	615.361	167	88.5946
175.227	211.855	463.476	149.443
462.717	342.49	88.3065	106.487
507.587	91.24	316.346	84.8273
81.2059	244.475	126.432	547.887
20.8284	98.6679	2.25377	878.25
942.384	48.5375	3.33627	5.74182
974.114	2.22719	6.9944	16.664
16.664	6.9944	2.22719	974.114
5.74182	3.33627	48.5375	942.384
878.25	2.25377	98.6679	20.8284
547.887	126.432	244.475	81.2059
100.484	215.127	103.932	580.457
343.115	170.821	133.573	352.491
675.639	147.68	97.0289	79.6527
233.152	288.843	190.159	287.847
248.693	216.952	198.008	336.347
>swissregulon__hs__HOXC6
141.005	449.493	156.825	252.678
455.858	113.781	308.929	121.431
477.197	168.033	129.172	225.598
426.456	217.567	282.209	73.7686
102.862	36.6636	396.71	463.765
28.5073	88.2703	6.65066	876.572
913.819	22.4387	8.52114	55.2211
960.448	5.99948	14.0989	19.4541
19.4541	14.0989	5.99948	960.448
55.2211	8.52114	22.4387	913.819
876.572	6.65066	88.2703	28.5073
463.765	396.71	36.6636	102.862
118.434	218.634	240.53	422.402
383.597	94.3392	159.853	362.211
460.387	156.122	231.061	152.43
319.517	271.629	212.544	196.309
316.985	182.398	232.158	268.459
>swissregulon__hs__HOXD8
125.413	120.907	200.343	553.338
604.959	122.401	108.041	164.599
599.593	81.9648	204.643	113.798
330.015	48.4084	286.845	334.731
68.5752	230.328	14.3233	686.773
723.431	122.426	30.752	123.391
916.525	21.7565	22.3964	39.322
35.2301	13.2562	12.1299	939.384
47.4328	10.7943	4.82658	936.946
952.666	3.48611	12.288	31.5596
794.645	51.4957	22.2694	131.59
70.7112	89.1391	49.8113	790.338
354.541	41.2554	466.791	137.412
243.842	65.4597	563.307	127.391
186.363	499.738	76.7256	237.174
187.64	91.5714	135.427	585.362
364.787	207.143	182.549	245.52
>swissregulon__hs__LHX1
315.209	366.241	224.448	94.1021
226.797	179.144	492.088	101.972
381.904	174.944	190.109	253.043
579.946	93.4506	164.863	161.74
33.8573	165.951	23.9367	776.255
10.5621	80.3367	0.381599	908.72
983.678	7.67098	7.26201	1.38947
976.701	1.03921	4.28294	17.9768
17.9768	4.28294	1.03921	976.701
1.38947	7.26201	7.67098	983.678
908.72	0.381599	80.3367	10.5621
776.255	23.9367	165.951	33.8573
372.268	146.397	84.8849	396.45
497.647	117.799	91.325	293.229
643.159	113.094	55.6304	188.117
275.637	292.31	136.698	295.355
149.905	181.595	349.326	319.174
>swissregulon__hs__LHX5
192.127	348.816	300.474	158.583
251.871	201.197	314.74	232.192
469.24	195.84	137.749	197.171
620.351	63.061	196.615	119.973
26.3568	96.8379	24.9282	851.877
10.301	66.1144	0.301383	923.283
980.649	7.66256	10.8856	0.802463
981.397	1.29383	4.6539	12.6553
12.6553	4.6539	1.29383	981.397
0.802463	10.8856	7.66256	980.649
923.283	0.301383	66.1144	10.301
851.877	24.9282	96.8379	26.3568
528.438	142.302	71.5367	257.724
296.647	115.284	62.6879	525.382
401.193	235.971	157.675	205.16
309.966	315.367	145.959	228.708
89.7611	287.439	205.359	417.441
>swissregulon__hs__LHX9
143.124	546.306	136.465	174.105
54.9042	381.029	348.884	215.184
201.68	481.386	62.9913	253.942
664.155	69.8351	143.813	122.196
98.3412	270.84	37.8242	592.994
17.2213	154.123	0.658117	827.998
958.292	25.8116	15.0239	0.872676
974.484	1.00804	15.6705	8.83783
8.83783	15.6705	1.00804	974.484
0.872676	15.0239	25.8116	958.292
827.998	0.658117	154.123	17.2213
592.994	37.8242	270.84	98.3412
182.339	98.9037	107.628	611.129
211.792	356.256	161.489	270.462
509.308	264.569	151.044	75.0792
160.962	437.401	207.749	193.888
93.7568	367.023	178.331	360.89
>swissregulon__hs__LMX1A
163.027	506.393	246.327	84.2542
173.471	211.164	477.036	138.33
431.859	182.416	155.298	230.427
420.56	127.574	126.915	324.951
60.8421	128.686	37.0748	773.398
32.2355	35.9668	1.35821	930.439
938.541	8.35158	7.05072	46.0567
964.464	1.59553	3.36214	30.5786
30.5786	3.36214	1.59553	964.464
46.0567	7.05072	8.35158	938.541
930.439	1.35821	35.9668	32.2355
773.398	37.0748	128.686	60.8421
498.149	57.2417	91.9235	352.686
520.755	121.277	54.1201	303.848
483.29	175.07	69.6827	271.957
221.557	366.894	153.619	257.93
167.92	342.643	169.856	319.581
>swissregulon__hs__NKX6-3
211.08	172.311	431.247	185.362
384.982	234.092	223.039	157.886
310.057	205.88	172.143	311.92
457.713	100.792	100.76	340.735
675.53	25.7639	22.8716	275.835
177.571	16.0032	29.5715	776.854
5.09099	70.2908	0.804747	923.813
985.078	3.25198	5.3328	6.33686
983.499	2.12062	5.02769	9.35268
19.4386	4.50341	2.27314	973.785
8.77075	16.7796	249.674	724.776
843.445	3.54973	123.087	29.9178
296.529	352.616	228.921	121.934
89.1091	193.31	157.449	560.132
136.822	217.266	312.594	333.318
192.396	261.72	233.534	312.35
80.2533	215.905	453.925	249.917
>swissregulon__hs__OTP
230.993	375.169	212.909	180.928
308.053	197.96	335.842	158.144
146.999	355.311	118.315	379.375
411.189	175.886	183.79	229.135
473.168	101.553	388.483	36.7958
7.58851	115.608	1.55508	875.248
8.81718	35.4173	0.300692	955.465
983.825	8.43008	6.60378	1.14077
983.066	1.25586	10.9768	4.70097
4.70097	10.9768	1.25586	983.066
1.14077	6.60378	8.43008	983.825
955.465	0.300692	35.4173	8.81718
875.248	1.55508	115.608	7.58851
59.5296	422.614	86.8194	431.037
234.91	104.731	282.998	377.362
222.053	180.868	345.763	251.316
124.269	122.352	604.547	148.832
>swissregulon__hs__PAX7
319.726	364.826	139.786	175.663
196.863	233.046	399.587	170.505
413.896	213.393	83.3564	289.355
290.983	289.961	207.158	211.898
111.144	442.4	17.4663	428.989
61.7015	203.357	10.7521	724.189
906.83	12.0878	76.3461	4.73607
949.032	3.07281	19.6835	28.2114
28.2114	19.6835	3.07281	949.032
4.73607	76.3461	12.0878	906.83
724.189	10.7521	203.357	61.7015
428.989	17.4663	442.4	111.144
120.376	197.008	289.215	393.401
399.438	214.942	131.909	253.711
308.633	334.845	209.117	147.405
262.828	146.608	265.22	325.344
369.767	189.138	227.154	213.941
>swissregulon__hs__PHOX2B
270.312	380.127	282.721	66.8405
311.438	198.757	357.591	132.214
166.453	217.463	312.35	303.735
604.298	151.111	94.7274	149.864
577.367	199.873	198.382	24.3781
53.1167	151.891	10.3589	784.633
18.5601	37.0005	3.20806	941.231
974.725	6.07023	16.7969	2.40781
975.412	0.844605	11.275	12.4685
12.4685	11.275	0.844605	975.412
2.40781	16.7969	6.07023	974.725
941.231	3.20806	37.0005	18.5601
784.633	10.3589	151.891	53.1167
64.7191	315.444	226.411	393.427
379.871	88.1678	289.727	242.234
205.449	280.466	296.675	217.411
161.998	172.365	502.39	163.246
>swissregulon__hs__POU1F1
295.263	137.8	328.645	238.292
387.209	237.69	259.236	115.864
268.499	186.022	204.498	340.981
90.539	48.7645	208.432	652.264
800.74	97.7753	22.5556	78.9292
887.622	39.7013	22.0229	50.6537
55.749	14.4749	10.0969	919.679
33.2187	15.4376	20.9215	930.422
930.422	20.9215	15.4376	33.2187
919.679	10.0969	14.4749	55.749
50.6537	22.0229	39.7013	887.622
78.9292	22.5556	97.7753	800.74
791.767	93.5569	16.5684	98.1082
434.075	114.564	205.969	245.392
241.512	188.802	333.256	236.431
223.047	136.482	196.481	443.99
153.804	483.207	182.12	180.869
>swissregulon__hs__RHOXF2
360.624	52.7452	50.5109	536.12
313.286	209.809	395.358	81.5472
236.253	426.218	145.895	191.635
277.45	393.062	182.036	147.452
80.3919	361.677	39.4429	518.488
30.7361	25.3594	14.986	928.919
861.156	54.9947	13.5383	70.3111
934.728	27.9035	34.2326	3.13596
3.13596	34.2326	27.9035	934.728
70.3111	13.5383	54.9947	861.156
928.919	14.986	25.3594	30.7361
518.488	39.4429	361.677	80.3919
65.9791	224.32	121.03	588.671
78.6302	234.912	420.487	265.971
103.547	400.488	392.739	103.225
252.475	235.031	240.995	271.499
214.482	344.839	137.535	303.144
>swissregulon__hs__SHOX2
201.913	423.734	231.41	142.943
193.674	158.201	329.22	318.905
320.46	347.864	161.415	170.261
246.887	268.244	287.863	197.006
24.9959	419.602	15.0907	540.311
16.6836	63.7236	0.780525	918.812
974.679	6.84573	15.0228	3.45263
977.668	1.96091	5.69856	14.6724
14.6724	5.69856	1.96091	977.668
3.45263	15.0228	6.84573	974.679
918.812	0.780525	63.7236	16.6836
540.311	15.0907	419.602	24.9959
195.976	146.709	248.943	408.371
122.598	261.504	196.59	419.309
308.38	212.41	360.122	119.088
246.262	174.325	272.213	307.2
122.513	314.857	330.178	232.452
>swissregulon__mm__Esx1
324.58	239.94	173.01	262.471
256.076	176.795	145.2	421.929
174.945	335.23	177.958	311.868
208.421	351.489	231.077	209.014
420.892	67.7995	408.902	102.406
29.965	471.251	8.29145	490.492
9.65873	73.0321	1.64886	915.66
976.642	1.65925	11.157	10.542
983.979	1.4578	9.59583	4.96729
4.96729	9.59583	1.4578	983.979
10.542	11.157	1.65925	976.642
915.66	1.64886	73.0321	9.65873
490.492	8.29145	471.251	29.965
95.2321	155.695	153.111	595.961
218.377	124.035	299.17	358.418
107.876	258.374	445.193	188.557
523.388	67.8341	40.0448	368.733
>swissregulon__mm__Hoxc8
207.757	224.76	242.606	324.877
281.324	192.775	88.9625	436.938
244.12	97.1116	411.478	247.291
315.658	98.1354	358.617	227.589
285.73	169.686	369.841	174.744
128.507	66.1457	562.148	243.199
10.2608	77.0353	2.96005	909.744
913.373	45.7999	4.32255	36.5041
973.569	9.10104	4.26928	13.0603
13.0603	4.26928	9.10104	973.569
36.5041	4.32255	45.7999	913.373
909.744	2.96005	77.0353	10.2608
348.251	333.707	38.0795	279.963
174.744	369.841	169.686	285.73
205.631	95.7339	416.805	281.83
87.198	156.91	166.089	589.803
>swissregulon__mm__Lmx1b
336.931	220.707	306.671	135.692
251.068	126.246	394.767	227.919
318.914	86.8725	150.663	443.551
368.649	51.1704	92.3612	487.819
359.682	88.5059	64.7711	487.041
19.5348	162.692	15.9246	801.848
15.9018	24.2242	0.651676	959.222
974.698	6.08572	2.33397	16.8823
978.085	1.28088	5.4206	15.2138
15.2138	5.4206	1.28088	978.085
16.8823	2.33397	6.08572	974.698
959.222	0.651676	24.2242	15.9018
801.848	15.9246	162.692	19.5348
242.323	115.688	116.364	525.625
283.782	97.5626	188.384	430.271
252.386	255.982	135.946	355.686
141.43	249.462	350.759	258.349
>swissregulon__mm__Phox2a
171.28	318.822	226.495	283.402
296.234	219.818	276.863	207.085
208.289	244.52	297.219	249.972
298.28	383.596	84.9577	233.166
680.766	115.83	151.391	52.0134
28.7991	353.166	16.9088	601.126
4.51629	114.481	2.60548	878.397
974.616	11.2377	8.19191	5.95466
987.076	1.6674	7.37808	3.87857
9.91582	1.54289	3.0502	985.491
4.63512	4.0532	21.0748	970.237
881.026	12.3457	96.0489	10.5793
289.497	35.5166	598.154	76.8329
53.5108	247.802	211.117	487.57
329.377	182.475	328.186	159.962
256.354	279.291	385.604	78.7504
>swissregulon__mm__Pou4f3
383.079	200.564	157.774	258.582
286.661	232.328	346.094	134.917
183.287	74.9805	188.685	553.047
245.056	223.547	14.6786	516.718
928.782	7.66044	14.1486	49.4093
8.88077	20.4251	1.14221	969.552
20.532	0.613975	2.80331	976.051
968.278	3.69053	1.77978	26.252
986.91	1.90809	4.53358	6.64812
6.53244	9.24138	1.6325	982.594
62.388	6.20047	562.032	369.379
937.585	34.1122	9.77542	18.5269
305.324	123.407	348.899	222.371
75.1109	110.371	496.285	318.233
221.869	271.24	60.5492	446.342
190.858	546.784	55.9978	206.361
>hocomoco__HMGA1_HUMAN.H11MO.0.D
25	17	33	19
30	8	0	56
79	4	0	11
0	0	0	94
2	1	0	91
23	6	9	56
19	11	11	53
>hocomoco__LMX1A_HUMAN.H11MO.0.D
2	6	2	13
19	1	1	2
21	0	0	2
0	1	0	22
0	1	0	22
23	0	0	0
19	1	3	0
4	3	1	15
5	0	2	16
9	3	3	8
1	4	6	12
3	2	9	9
3	5	0	15
11	3	1	8
17	1	0	5
7	0	0	16
5	1	0	17
11	1	3	8
10	2	3	8
>hocomoco__LMX1B_HUMAN.H11MO.0.D
2	2	1	25
27	1	1	1
26	1	0	3
1	3	0	26
0	2	0	28
30	0	0	0
23	5	2	0
7	9	1	13
10	1	2	17
10	6	11	3
13	11	4	2
5	9	5	11
6	3	2	19
10	4	3	13
16	2	1	11
14	1	0	15
11	1	1	17
10	3	3	14
>taipale_cyt_meth__BARX2_NWAAAYCATTAN_FL_meth_repr
11956	9837	10194	9973
23518	4804	5544	18442
41961	68	0	28936
41961	27	32	11762
41961	3596	2766	2964
2246	21581	777	20380
20962	41961	5877	2990
41961	0	19860	35
184	107	130	41961
0	1797	0	41961
41961	0	62	3962
10579	11084	10450	9848
>taipale_cyt_meth__LBX2_CTMATTAATTAN_eDBD_meth_repr
705	4664	729	767
318	742	182	5354
2127	3547	134	229
5120	128	1275	66
5	189	32	5769
64	441	0	5555
5557	0	154	339
5655	58	309	152
697	392	302	5300
404	212	177	5595
5623	194	409	220
421	387	478	4502
>taipale_cyt_meth__POU3F1_NTAATTWATGCNN_eDBD
59	65	57	48
28	56	18	229
229	45	42	33
229	14	17	0
45	16	40	229
51	25	150	229
95	21	27	134
229	11	55	38
22	64	56	229
34	15	229	76
29	229	41	45
95	27	75	32
61	58	50	60
>yetfasco__YDR310C_478
59	11	15	15
61	5	5	29
76	0	0	24
92	0	0	8
100	0	0	0
0	0	0	100
34	2	2	62
32	8	8	52
22	14	14	50
>kznf__KLF1_Barrera2016.3_PBM
22.4194886	22.4194886	22.4194886	32.74153419
19.95499189	29.81297874	30.27703748	19.95499189
54.58304601	15.13898466	15.13898466	15.13898466
15.33676873	4.893893931	4.893893931	74.8754434
79.72026017	0.03106149555	0.03106149555	20.21761684
90.17152158	0.03106149555	0.03106149555	9.76635543
0.03106149555	0.03106149555	0.03106149555	99.90681551
49.91333843	0.03106149555	0.03106149555	50.02453858
12.2070901	2.611572892	2.611572892	82.56976412
75.2430562	5.076069603	5.076069603	14.60480459
19.48759404	9.892076834	9.892076834	60.72825229
30.12685515	20.13716756	20.13716756	29.59880972
>cisbp__M00312
32.23650439	22.58783187	22.58783187	22.58783187
20.16880873	29.81748124	29.8449013	20.16880873
27.32990795	17.68123543	27.6315286	27.35732801
17.26339837	7.619189578	7.619189578	67.49822248
72.11762568	12.37027283	12.73119733	2.780904161
19.39522827	0.03188378996	9.79565679	70.77723115
29.7590542	0.03188378996	0.03188378996	70.17717822
79.8532708	10.43875283	0.03188378996	9.676092578
82.2609752	2.44405192	2.44405192	12.85092096
4.863075064	4.863075064	4.863075064	85.41077481
7.350648357	7.350648357	17.12462417	68.17407912
47.76191736	17.41269421	17.41269421	17.41269421
33.24706111	22.25097963	22.25097963	22.25097963
>cisbp__M01690
32.10779342	22.63073553	22.63073553	22.63073553
22.63073553	22.63073553	22.63073553	32.10779342
76.17591636	4.64647695	14.53112974	4.64647695
63.26742502	11.63363265	2.31742505	22.78151728
66.9169699	0.01755742991	0.01755742991	33.04791524
19.57615287	0.01755742991	0.01755742991	80.38873227
80.43968384	0.01755742991	0.01755742991	19.5252013
51.79022917	0.01755742991	0.01755742991	48.17465597
32.11617017	2.386821904	2.386821904	63.11018602
2.386821904	12.27147469	2.386821904	82.9548815
29.57055096	20.37108048	29.68728808	20.37108048
31.89960286	22.70013238	22.70013238	22.70013238
>cisbp__M02218
22.70313677	22.70313677	22.70313677	31.89058968
43.56175769	14.74097538	26.95629155	14.74097538
16.19219865	7.004745752	7.004745752	69.79830984
81.02304116	9.206291422	0.0188385211	9.7518289
79.89267005	0.0188385211	0.0188385211	20.06965291
20.06965291	0.0188385211	0.0188385211	79.89267005
30.87771563	0.0188385211	0.0188385211	69.08460733
79.63440503	0.0188385211	0.0188385211	20.32791793
70.76178013	14.53101791	2.315701746	12.39150022
10.27786314	10.27786314	10.27786314	69.16641059
37.04634906	18.01409277	18.01409277	26.9254654
>cisbp__M07318
48.0342	7.8632	5.9829	38.1197
54.8718	12.1368	7.8632	25.1282
49.4017	11.2821	9.4017	29.9145
39.1453	16.7521	14.7009	29.4017
37.6068	21.5385	17.4359	23.4188
25.1282	30.7692	17.7778	26.3248
38.8034	5.1282	43.4188	12.6496
0	2.3932	0	97.6068
56.5812	12.3077	31.1111	0
99.1453	0	0.8547	0
0	0	0	100
0	0	0	100
100	0	0	0
60.1709	3.7607	33.1624	2.906
7.1795	26.1538	23.4188	43.2479
>cisbp__M07327
66.66663333	7.999992	4.666695333	20.66667933
59.000059	8.833308833	7.833307833	24.33332433
49.1667	8.8333	7.8333	34.1667
39.3333	18.5	13.6667	28.5
40	6.5	33.3333	20.1667
1	2.3333	0	96.6667
82.66661733	1.666698333	15.66668433	0
98.6667	0	1.3333	0
0	0	0	100
0	0	0	100
99.5	0	0.3333	0.1667
75.1667	0	22.3333	2.5
11.1667	16.8333	22.6667	49.3333
30.3333	11.5	20.5	37.6667
56.6667	6.3333	10.3333	26.6667
>cisbp__M07354
60.7679	3.6728	5.5092	30.0501
53.0885	7.1786	8.6811	31.0518
33.5559	10.6845	15.6928	40.0668
27.37897262	27.87977212	19.53258047	25.20867479
30.5509	14.8581	17.5292	37.0618
4.3406	2.6711	2.1703	90.818
75.95997596	0.1669001669	23.87312387	0
98.9983	0	0	1.0017
0	0	0	100
0	0	0	100
100	0	0	0
70.61762938	3.171996828	25.87647412	0.3338996661
12.187	16.8614	20.5342	50.4174
26.21037379	10.35058965	24.37397563	39.06506093
50.08344992	7.679492321	20.7011793	21.53587846
37.8965	17.3623	14.8581	29.8831
26.0434	11.8531	13.0217	49.0818
42.0701	6.177	11.1853	40.5676
62.2705	3.5058	11.8531	22.3706
49.0818	7.3456	8.3472	35.2254
27.5459	5.3422	5.1753	61.9366
39.23206077	5.509194491	7.846392154	47.41235259
>cisbp__M07366
50.16664983	9.4999905	10.66668933	29.66667033
52.1667	8.8333	12.8333	26.1667
36.4999635	9.666690333	22.66667733	31.16666883
20.3333	35.1667	24.1667	20.3333
30.33333033	7.333307333	28.000028	34.33333433
0.3333003333	1.5000015	1.333301333	96.83339683
67.66663233	4.666695333	27.66667233	0
98.5	0.5	1	0
0	0	0	100
0	0	0	100
100	0	0	0
54	1.3333	43.1667	1.5
5.5	22	19.1667	53.3333
21.8333	12.1667	30.5	35.5
49.99995	7.166692833	18.16668183	24.66667533
>cisbp__M08572
51.640625	0.078125	7.578125	40.703125
11.640625	0.078125	0.078125	88.203125
99.765625	0.078125	0.078125	0.078125
56.328125	0.078125	0.078125	43.515625
22.890625	0.078125	0.078125	76.953125
62.890625	0.078125	0.078125	36.953125
