>kznf__ZNF19_Imbeault2017_OM_RCADE
35.5634	11.6197	13.0282	39.7887
42.6056115	4.577461236	52.46481417	0.3521130951
10.21129735	0.3521129085	89.08447684	0.3521129085
3.169008859	0.3521128732	96.12676539	0.3521128732
18.66199627	14.43659711	58.09858838	8.802818239
7.394370739	55.28170553	8.80282088	28.52110285
11.61970465	46.83101873	1.760560704	39.78871592
8.802825898	65.14084364	0.3521132359	25.70421722
8.802817095	0.3521128838	14.43659524	76.40847479
0.3521128627	0.3521128627	98.94366141	0.3521128627
98.94366141	0.3521128627	0.3521128627	0.3521128627
7.39437	80.6338	4.57746	7.39437
14.43659856	3.169009683	60.91549391	21.47889785
17.2535	11.6197	38.3803	32.7465
5.985918803	24.29579514	36.97179261	32.74649345
10.2113	11.6197	62.3239	15.8451
22.88732289	48.23944824	11.61971162	17.25351725
46.831	20.0704	13.0282	20.0704
>kznf__ZNF19_Imbeault2017_RP_RCADE
40.3207	10.9754	13.4601	35.2438
36.23769275	3.065139387	55.64428887	5.052878989
8.880137158	0.5136418356	89.70317129	0.903049711
1.789390752	0.1242340522	97.96214114	0.1242340522
23.74748575	13.78269173	53.44146794	9.028354583
9.4846	44.7931	15.1252	30.5971
21.54468492	41.31457108	9.377063436	27.76368057
16.44170164	55.85930559	1.789390179	25.90960259
23.53241553	0.124234082	24.52631619	51.8170342
0.6211687702	0.124233954	99.13036332	0.124233954
98.35154327	1.010580445	0.513642226	0.1242340547
9.202727362	67.53005402	10.65280852	12.61441009
20.05390622	0.6211691926	65.36792026	13.95700433
15.55531556	15.16591517	47.47834748	21.8004218
19.5977	20.5915	31.2683	28.5425
16.2266	11.1498	58.0621	14.5615
20.72518964	43.51737824	26.44718678	9.310245345
50.32625033	13.95701396	15.7965158	19.92021992
