>jaspar__MA0471.2
7296	8075	12358	5369
8379	7405	11649	5665
9537	5102	11562	6897
2110	1148	29387	453
266	837	31790	205
3856	26424	693	2125
1173	539	30573	813
338	434	31973	353
354	834	31614	296
29337	1171	2322	268
25725	1595	5021	757
8995	7410	12530	4163
7616	8477	11405	5600
>swissregulon__hs__E2F1
44	88	47	29
53	33	44	78
13	31	164	0
0	0	208	0
0	208	0	0
0	0	208	0
0	17	191	0
0	3	205	0
208	0	0	0
198	0	10	0
>swissregulon__hs__E2F6
412.4209465	313.5725488	552.5283039	585.4530963
376.132409	119.7579013	858.4765685	509.6080165
275.3493015	219.9809613	1341.106839	27.53779403
47.37175176	52.64447243	1752.340866	11.61780518
215.981076	1598.661901	4.162171781	45.1697465
107.882347	53.93640037	1657.431894	44.72425411
15.99635898	120.9257278	1712.030169	15.02263989
19.16571914	18.04880607	1807.473732	19.2866385
1506.370335	5.874135403	348.0041988	3.726225654
1086.34738	97.17461914	669.1437541	11.30914259
484.1865888	318.3870487	967.685569	93.71568892
347.2772303	415.135268	900.8457997	200.7165974
>hocomoco__E2F1_HUMAN.H11MO.0.A
164	80	189	67
118	100	226	56
136	105	145	114
95	51	233	121
41	100	352	7
9	3	483	5
28	461	2	9
8	4	479	9
11	41	445	3
34	17	445	4
428	10	45	17
327	32	136	5
200	70	183	47
136	82	198	84
>hocomoco__E2F3_HUMAN.H11MO.0.A
188	70	104	138
131	23	205	141
63	62	338	37
17	3	478	2
62	385	10	43
76	2	342	80
48	10	434	8
9	5	479	7
417	19	59	5
356	31	100	13
267	55	125	53
>hocomoco__E2F3_MOUSE.H11MO.0.A
93	56	284	65
61	128	308	1
3	12	475	8
37	457	0	4
10	15	471	2
2	13	479	4
33	5	459	1
490	2	4	2
220	42	235	1
104	131	235	28
>hocomoco__E2F4_HUMAN.H11MO.0.A
73	129	253	45
139	48	231	82
122	50	263	65
50	94	348	8
2	18	479	1
6	487	0	7
18	1	473	8
2	19	475	4
45	7	447	1
358	11	125	6
268	100	111	21
191	94	141	74
127	57	153	163
>hocomoco__E2F6_HUMAN.H11MO.0.A
169	74	171	86
131	17	278	74
77	63	350	10
5	8	482	5
107	354	6	33
20	9	447	24
12	24	448	16
36	22	436	6
471	16	7	6
256	18	218	8
192	54	219	35
139	109	189	63
138	81	213	68
>hocomoco__E2F7_HUMAN.H11MO.0.B
98	74	265	63
169	16	208	107
71	41	386	2
22	2	471	5
42	427	2	29
70	8	407	15
11	6	479	4
102	3	388	7
357	2	138	3
302	69	120	9
214	96	112	78
172	43	178	107
130	76	243	51
>hocomoco__TFDP1_HUMAN.H11MO.0.C
176	70	199	55
134	64	259	43
165	55	208	72
161	39	214	86
48	57	391	4
16	5	472	7
37	437	7	19
23	8	452	17
4	23	469	4
39	16	439	6
416	10	65	9
316	94	79	11
240	59	127	74
155	90	141	114
>homer__BTKGGCGGGAAA_E2F3
4.5	26.9	36.7	31.9
14.4	15	16.6	54
16.3	12.7	35.8	35.2
1.3	15.9	80.7	2.1
0.1	3.2	96.6	0.1
6.9	90.9	2.1	0.1
0.1	0.1	99.7	0.1
0.1	16.4	83.4	0.1
2.1	9	86.8	2.1
84.5	9.9	3.5	2.1
65.5	0.1	18	16.4
41.3	17.2	17.2	24.3
>homer__CWGGCGGGAA_E2F1
21.25748503	42.31536926	22.35528942	14.07185629
25.64870259	15.76846307	20.95808383	37.6247505
6.193806194	14.68531469	78.92107892	0.1998001998
0.1998001998	0.1998001998	99.4005994	0.1998001998
0.1998001998	99.4005994	0.1998001998	0.1998001998
0.1998001998	0.1998001998	99.4005994	0.1998001998
0.1998001998	7.992007992	91.60839161	0.1998001998
0.1998001998	1.498501499	98.1018981	0.1998001998
99.4005994	0.1998001998	0.1998001998	0.1998001998
94.80519481	0.1998001998	4.795204795	0.1998001998
>kznf__ZNF566_Imbeault2017_OM_RCADE
21.22092122	23.54652355	44.47674448	10.75581076
23.5465	36.3372	23.5465	16.5698
38.66276134	14.24418576	29.36047064	17.73258227
1.453490465	2.616280837	95.6395306	0.290698093
1.453490203	97.96511372	0.2906980407	0.2906980407
4.941860988	9.593021919	58.43021169	27.03490541
0.2906979477	17.73259681	72.38368697	9.593018273
18.89530945	38.66281933	36.33721817	6.104653052
87.50000175	3.779070076	8.430230169	0.2906980058
51.45350103	34.01160068	14.24420028	0.2906980058
37.5000075	1.453490291	59.59301192	1.453490291
21.22091061	2.616281308	72.38373619	3.77907189
7.267437965	0.2906979186	90.98837452	1.453489593
90.98837452	7.267437965	0.2906979186	1.453489593
23.54651177	9.593024797	58.43022922	8.430234215
0.2906980058	20.0581004	64.24420128	15.40700031
3.779068186	93.31395521	2.616278744	0.2906978605
18.8953	15.407	52.6163	13.0814
16.56980166	9.593020959	70.05810701	3.779070378
21.22090212	22.38370224	54.94190549	1.453490145
16.56978343	30.52326948	40.98835901	11.91858808
>kznf__ZNF566_Imbeault2017_RP_RCADE
23.0861	28.3493	36.9617	11.6029
22.6077	21.6507	27.8708	27.8708
49.4019494	12.08131208	23.08612309	15.43061543
0.5980862213	1.076560398	98.20573634	0.1196170443
0.5980862512	98.20574125	0.5980862512	0.5980862512
7.296652189	7.775122333	45.09571353	39.83251195
0.1196170036	12.08130036	80.98090243	6.818180205
14.47370289	52.75121055	25.95690519	6.818181364
88.6363672	2.990428894	8.253586946	0.1196169557
69.976086	16.38759672	12.08129758	1.555019689
32.6554889	0.1196169593	67.10527718	0.1196169593
18.30141647	1.5550214	78.1100703	2.03349183
1.076560248	0.1196170275	95.33492193	3.468900798
88.63635923	9.688995543	0.5980857249	1.076559505
17.3445	11.6029	58.4928	12.5598
0.1196169797	28.8277951	57.53589022	13.5166977
2.990428804	93.42106263	2.033489187	1.555019378
13.0383	19.7368	43.1818	24.0431
>cisbp__M00946
25	0	0	75
0	91.66666667	0	8.333333333
0	100	0	0
0	100	0	0
0	0	100	0
0	100	0	0
33.33333333	0	0	66.66666667
0	88.88888889	0	11.11111111
>cisbp__M00956
40	0	0	60
0	92.85714286	0	7.142857143
0	100	0	0
0	100	0	0
0	0	100	0
0	100	0	0
33.33333333	0	6.666666667	60
0	81.81818182	0	18.18181818
>cisbp__M07939
28.6713	22.7273	29.021	19.5804
28.3217	8.3916	47.9021	15.3846
16.0839	18.8811	65.035	0
0	0	100	0
13.986	82.5175	0	3.4965
0	0	98.6014	1.3986
0	0	100	0
0	2.0979	97.9021	0
100	0	0	0
66.7832	0	33.2168	0
35.3147	20.6294	34.2657	9.7902
>cisbp__M07940
24.1379	24.5211	32.9502	18.3908
24.5211	12.2605	47.5096	15.7088
17.24138276	20.68967931	62.06893793	0
0	0	100	0
12.64368736	83.14171686	0	4.214595785
9.9617	0	90.0383	0
0	0	100	0
0	0	100	0
100	0	0	0
60.53633946	2.298897701	37.16476284	0
40.9962	18.3908	36.7816	3.8314
>cisbp__M07941
20.7031207	21.87502188	35.15623516	22.26562227
22.26562227	7.031207031	51.56255156	19.14061914
13.6719	22.6562	63.6719	0
0	0	100	0
8.203108203	84.76568477	0	7.031207031
0	0	99.6094	0.3906
0	0	100	0
0	0	99.2188	0.7812
100	0	0	0
64.4531	0	35.5469	0
37.10936289	14.45308555	39.84376016	8.593791406
