>cisbp__M06845
2.947	5.8939	0.3929	90.7662
1.1788	94.3026	3.5363	0.9823
97.053	0.3929	0.7859	1.7682
2.1611	3.7328	0	94.1061
0.7858992141	95.08830491	2.357597642	1.768198232
95.8743	1.5717	0.5894	1.9646
0.3929003929	1.375201375	0	98.23189823
0	99.8035	0	0.1965
94.6955	0	4.1257	1.1788
2.3576	4.5187	1.3752	91.7485
2.554	94.3026	1.3752	1.7682
96.2672	0.5894	0	3.1434
0.9823	0.7859	0	98.2318
1.7682	98.2318	0	0
84.0864	4.1257	5.1081	6.6798
>cisbp__M06883
10.9453	1.4925	82.0896	5.4726
77.11447711	1.99000199	9.95020995	10.94531095
6.4677	3.9801	1.99	87.5622
0.4975	6.4677	88.0597	4.9751
93.5323	2.4876	1.4925	2.4876
12.9353	6.4677	0	80.597
4.9751	1.4925	90.0498	3.4826
83.5821	5.9701	6.4677	3.9801
10.9453	7.4627	0	81.592
5.97010597	0	93.53239353	0.4975004975
89.0547	0	4.4776	6.4677
3.4826	2.4876	9.4527	84.5771
2.9851	0	97.0149	0
97.51249751	1.492501493	0.995000995	0
5.472605473	4.975104975	1.99000199	87.56228756
3.482596517	2.487597512	94.02980597	0
92.0398	0	7.9602	0
0	2.9851	4.4776	92.5373
1.99000199	4.975104975	92.03989204	0.995000995
>cisbp__M06886
10.52628947	5.847994152	78.07012193	5.555594444
84.5029	0.5848	2.3392	12.5731
5.263194737	6.14039386	3.801196199	84.7952152
0.5848	17.5439	70.7602	11.1111
85.6725	3.8012	7.6023	2.924
9.9415	4.9708	1.1696	83.9181
5.263194737	3.216396784	87.13441287	4.385995614
89.47361053	2.046797953	4.970795029	3.508796491
5.555594444	3.801196199	0.5847994152	90.05840994
4.970795029	17.83628216	71.05252895	6.14039386
85.6725	1.7544	7.3099	5.2632
5.555594444	1.16959883	2.046797953	91.22800877
5.263194737	4.385995614	88.3040117	2.046797953
96.1988	0	3.5088	0.2924
1.1696	2.0468	0	96.7836
2.3392	21.0526	74.5614	2.0468
94.152	0	4.6784	1.1696
4.0936	1.462	0	94.4444
4.386	25.1462	69.5906	0.8772
>cisbp__M06897
85.4167	0	6.25	8.3333
4.1667	0	0	95.8333
2.0833	4.1667	91.6667	2.0833
87.5	0	12.5	0
2.083302083	8.333308333	0	89.58338958
0	16.6667	77.0833	6.25
91.6667	0	8.3333	0
0	0	0	100
2.083302083	8.333308333	77.08337708	12.5000125
93.75	0	0	6.25
0	4.1667	12.5	83.3333
8.3333	18.75	68.75	4.1667
93.75	0	4.1667	2.0833
2.0833	12.5	0	85.4167
12.5	10.4167	75	2.0833
89.5833	6.25	4.1667	0
0	0	0	100
2.083302083	20.83332083	77.08337708	0
93.75	0	4.1667	2.0833
4.1667	0	2.0833	93.75
0	8.3333	85.4167	6.25
85.4167	0	8.3333	6.25
10.4167	4.1667	8.3333	77.0833
6.25	27.0833	66.6667	0
81.25	6.25	2.0833	10.4167
12.5000125	2.083302083	2.083302083	83.33338333
0	2.0833	91.6667	6.25
