>dbtfbs__mm_E2F4_myocyte_ENCSR000AII_merged_N1
55	157	168	12
0	92	299	1
17	360	8	7
7	15	347	23
1	196	179	16
37	111	215	29
183	82	89	38
176	58	105	53
149	43	107	93
39	21	36	296
18	18	0	356
2	128	29	233
134	56	157	45
323	5	57	7
315	2	55	20
>cisbp__M06964
41.3265	13.9456	29.5918	15.1361
6.462593537	3.231296769	90.13600986	0.1700998299
0.8503	99.1497	0	0
4.5918	0	85.7143	9.6939
22.2789	17.0068	28.2313	32.483
49.1497	11.2245	25.8503	13.7755
60.71423929	6.632693367	19.21768078	13.43538656
75	3.4014	21.5986	0
50.17004983	8.673491327	8.673491327	32.48296752
16.1565	22.7891	13.2653	47.7891
30.2721	26.8707	23.9796	18.8776
8.5034	88.6054	0	2.8912
0	0	98.1293	1.8707
0.8503008503	87.58508759	6.122406122	5.442205442
16.83671684	34.35373435	13.43541344	35.37413537
>cisbp__M06965
40.1667	11.5	33.8333	14.5
5.5000055	3.833303833	90.33339033	0.3333003333
5.8333	94.1667	0	0
8.333308333	2.333302333	77.000077	12.33331233
26.999973	11.66668833	24.16667583	37.16666283
52.16664783	10.4999895	23.66667633	13.66668633
61.6667	7.6667	16.8333	13.8333
62.6667	3.3333	28.6667	5.3333
56.1667	10	12	21.8333
22.6667	20.3333	18.3333	38.6667
29.6667	24.3333	29.3333	16.6667
10.16668983	74.4999255	3.166696833	12.16668783
0	0.3333	97.5	2.1667
1	78.6667	5.3333	15
24	26.5	14.5	35
