>jaspar__MA1036.1
229	4	757	10
5	2	636	357
3	12	4	981
874	7	10	109
18	4	976	2
6	8	858	128
6	4	5	985
525	30	390	55
>jaspar__MA1038.1
285	176	279	260
59	59	823	59
20	20	771	188
0	0	0	1000
929	0	0	71
0	0	1000	0
0	0	1000	0
0	0	0	1000
650	74	202	74
273	191	345	191
311	230	230	230
>jaspar__MA1039.1
253	36	674	36
9	0	766	225
0	9	0	991
565	9	35	391
26	0	974	0
18	18	777	188
10	0	0	990
319	73	536	73
>jaspar__MA1040.1
81	3	911	5
3	2	387	608
6	7	1	985
836	30	6	128
4	4	991	2
5	3	898	95
2	33	1	964
580	24	358	38
>jaspar__MA1771.1
250	109	250	391
201	185	87	527
310	92	212	386
103	141	522	234
65	239	201	495
76	179	71	674
103	457	109	332
1000	0	0	0
54	946	0	0
0	1000	0	0
92	16	0	891
1000	0	0	0
620	370	0	11
98	538	22	342
217	136	11	636
>jaspar__MA1773.1
268	298	132	302
289	199	107	405
275	284	130	311
262	322	121	295
380	195	118	307
356	179	174	291
342	242	105	311
382	195	148	275
262	266	161	311
286	226	156	333
83	373	96	448
99	385	90	425
105	501	14	380
998	2	0	0
0	1000	0	0
0	1000	0	0
454	2	4	541
998	0	2	0
204	772	14	9
83	590	20	307
420	90	24	467
>cisbp__M01281
15.00666223	48.31778814	5.01332445	31.66222518
99.96630728	0.01123090746	0.01123090746	0.01123090746
12.37633965	84.51154163	1.040807914	2.0713108
0.01009693053	97.9503231	0.01009693053	2.029483037
28.28150242	7.077948304	0.01009693053	64.63045234
99.96970921	0.01009693053	0.01009693053	0.01009693053
26.04123282	73.93794252	0.0104123282	0.0104123282
5.490142388	61.6237678	1.382803943	31.50328587
>cisbp__M02288
22.96721396	22.96721396	22.96721396	31.09835813
19.09496386	34.54931123	19.09496386	27.26076106
7.397957491	20.20140185	7.397957491	65.00268317
99.97341409	0.008861968629	0.008861968629	0.008861968629
0.008861968629	99.97341409	0.008861968629	0.008861968629
0.008861968629	99.97341409	0.008861968629	0.008861968629
7.122911488	0.008861968629	0.008861968629	92.85936457
99.97341409	0.008861968629	0.008861968629	0.008861968629
18.82347917	77.09322481	2.041648012	2.041648012
5.913898113	82.25830566	5.913898113	5.913898113
26.02125931	27.91383831	17.61090448	28.4539979
>cisbp__M02303
7.256662804	53.60660487	7.256662804	31.88006952
98.98060174	0.009897070467	0.009897070467	0.9996041172
18.75223135	77.65976437	1.794002142	1.794002142
0.008692628651	97.36613352	0.008692628651	2.616481224
39.12552156	3.485744089	0.8779554937	56.51077886
99.10465925	0.008692628651	0.8779554937	0.008692628651
22.52341499	76.55799712	0.009005763689	0.9095821326
3.624759152	67.44942197	3.624759152	25.30105973
>cisbp__M07021
30.91536908	18.82558117	28.15197185	22.10707789
26.4249	22.4525	17.962	33.1606
38.6874	16.2349	4.6632	40.4145
34.1969	15.0259	24.525	26.2522
11.57168843	26.94297306	35.23316477	26.25217375
8.6356	31.9516	8.981	50.4318
12.7807	31.9516	6.3903	48.8774
0.8635991364	67.01203299	5.354094646	26.77027323
100	0	0	0
25.0432	74.7841	0.1727	0
0	100	0	0
32.2970677	9.844590155	0	57.85834214
100	0	0	0
35.2332	64.7668	0	0
0.1727	69.4301	0	30.3972
>cisbp__M07061
38.33333833	23.000023	17.33331733	21.33332133
34.5	12.5	29.6667	23.3333
28	12	22.3333	37.6667
23.8333	14.5	3	58.6667
34	10.5	23.1667	32.3333
9.833309833	16.000016	53.33335333	20.83332083
7.3333	25.6667	19.6667	47.3333
7.166692833	25.4999745	5.166694833	62.16663783
4.666695333	61.999938	11.16668883	22.16667783
99.6667	0	0.3333	0
19.83331983	78.000078	0.3333003333	1.833301833
0	100	0	0
35.1667	7	0.8333	57
100	0	0	0
41.66665833	58.16664183	0	0.1666998333
3.8333	62.5	0	33.6667
37.6667	14.8333	5.8333	41.6667
32.83333283	22.5000225	6.333306333	38.33333833
>cisbp__M07062
32.437	14.7899	3.0252	49.7479
32.1008321	14.62181462	22.68912269	30.58823059
11.42858857	18.99158101	46.89075311	22.68907731
6.722693277	29.91597008	13.44538655	49.91595008
7.563	28.4034	6.5546	57.479
3.865503866	61.00846101	8.571408571	26.55462655
100	0	0	0
16.9748	81.6807	0.8403	0.5042
0	100	0	0
36.13446387	5.882394118	0.5041994958	57.47894252
99.8319	0	0.1681	0
40.8403	59.1597	0	0
1.680698319	68.4033316	0	29.91597008
35.9664	17.479	6.5546	40
>cisbp__M07084
20.5992794	41.38575861	14.98128502	23.03367697
29.58802959	23.97002397	12.54681255	33.8951339
18.9139	34.0824	16.4794	30.5243
22.0974	41.7603	11.4232	24.7191
41.76025824	20.03747996	17.79028221	20.41197959
38.764	23.7828	13.1086	24.3446
34.83146517	29.21347079	7.677892322	28.27717172
39.88763989	19.1011191	10.86141086	30.14983015
23.221	29.0262	15.1685	32.5843
28.0899	34.0824	8.0524	29.7753
17.6030176	32.77153277	11.42321142	38.2022382
8.2397	45.1311	5.9925	40.6367
14.794	70.7865	0.1873	14.2322
98.5019	0.9363	0.1873	0.3745
7.4906	90.2622	1.3109	0.9363
0.5618	99.4382	0	0
71.3483	0	0	28.6517
93.633	3.7453	0.3745	2.2472
22.65917734	72.47182753	2.996297004	1.872698127
10.2996	65.5431	2.9963	21.161
38.38953839	29.02622903	10.2996103	22.28462228
>cisbp__M07102
28.92977107	28.92977107	11.03678896	31.1036689
32.94313294	23.07692308	13.37791338	30.6020306
31.2709	18.7291	22.7425	27.2575
28.09362809	29.76592977	15.55181555	26.58862659
13.54518645	32.44146756	11.2039888	42.80935719
11.7057	44.6488	17.5585	26.087
1.505001505	55.85285585	0.3344003344	42.30774231
99.8328	0	0	0.1672
26.9231	73.0769	0	0
0	100	0	0
46.6555	8.6957	0	44.6488
100	0	0	0
25.08362508	74.58197458	0	0.3344003344
0	88.9632	0	11.0368
47.49164749	6.856206856	20.4013204	25.25082525
>cisbp__M07124
36.2098	24.0271	13.0288	26.7343
39.0863	22.5042	14.2132	24.1963
29.9492	22.1658	23.3503	24.5347
28.7648	17.7665	16.7513	36.7174
41.11675888	12.69038731	9.306290694	36.88656311
29.4416	16.4129	26.5651	27.5804
17.9357	23.181	31.6413	27.242
9.1371	29.6108	10.3215	50.9306
12.8596	30.2876	8.291	48.5618
3.891703892	58.20645821	4.399304399	33.5025335
100	0	0	0
8.4602	91.5398	0	0
0	100	0	0
37.225	2.1997	0	60.5753
100	0	0	0
39.7631	60.2369	0	0
0.846	67.0051	0	32.1489
38.0711	19.2893	6.0914	36.5482
28.2572	26.0575	7.9526	37.7327
>cisbp__M07140
24.4147	20.7358	3.01	51.8395
35.61873562	11.87291187	14.71571472	37.79263779
12.0401	13.5452	47.1572	27.2575
7.692292308	27.59197241	16.38798361	48.32775167
6.5217	25.4181	5.5184	62.5418
3.846196154	54.01334599	10.2006898	31.93976806
98.3278	0	1.505	0.1672
13.2107	85.2843	1.0033	0.5017
0	100	0	0
28.4281	1.3378	0.5017	69.7324
100	0	0	0
48.8294	50	0	1.1706
10.03341003	52.34115234	0.5017005017	37.12373712
31.2709	5.1839	0	63.5452
31.77256823	15.71908428	6.187293813	46.32105368
>cisbp__M07152
9.152509153	38.13563814	7.288107288	45.42374542
14.0678	34.0678	10.1695	41.6949
5.9322	59.4915	2.7119	31.8644
100	0	0	0
11.1864	88.8136	0	0
0	100	0	0
17.28811729	1.355901356	0	81.35598136
100	0	0	0
46.9492	53.0508	0	0
2.2034	59.1525	0	38.6441
20.84747915	24.57627542	6.440693559	48.13555186
>cisbp__M07345
40.6091	3.5533	34.8562	20.9814
37.22503723	6.768206768	18.78171878	37.22503723
30.7952692	0	59.72924027	9.475490525
1.0152	0	67.8511	31.1337
0.5076	0	0	99.4924
40.1015401	0	5.076105076	54.82235482
0	0	100	0
0.846	0	81.8951	17.2589
0	0	0	100
31.6413	0.6768	67.6819	0
47.5465	5.753	36.7174	9.9831
46.0237	9.6447	33.6717	10.6599
33.6717	14.89	30.7953	20.643
31.1337	16.5821	19.2893	32.9949
30.7952692	9.475490525	21.996578	37.73266227
32.1489	10.3215	28.934	28.5956
21.1506	17.5973	26.3959	34.8562
26.3959	13.8748	25.2115	34.5178
27.0728	12.1827	37.7327	23.0118
