>yetfasco__YDR034C_865
23.91712313	28.48570323	20.25250729	27.34466635
28.18676966	18.55701079	23.50429972	29.75191982
15.94195209	39.46239036	23.16150835	21.4341492
12.74679378	31.69351755	24.05966586	31.50002281
29.70103946	47.77592601	10.22383317	12.29920137
39.42224988	19.65816388	25.41312677	15.50645947
78.46055072	1.089118226	4.976067689	15.47426337
94.84762141	0.1131394705	1.106433701	3.932805417
93.96138781	0.06801689187	0.1706480126	5.799947287
0.642851994	0.1562937998	0.1117539127	99.08910029
0.1198581608	4.645296869	0.1000240955	95.13482087
0.1726655924	98.77558949	0.9525737809	0.0991711412
0.25393705	99.3487811	0.1756650224	0.2216168239
0.4557162739	0.5861794788	98.49925504	0.4588492121
1.740006821	18.15272701	41.43140914	38.67585703
18.22024288	10.08626395	45.77742817	25.91606499
11.50463584	41.15116287	24.12356585	23.22063544
18.91296246	13.31728857	37.57825801	30.19149096
26.24021914	35.31829386	12.56752338	25.87396362
16.17227967	27.24186799	10.25032605	46.33552628
