>taipale_cyt_meth__LIN28B_CGCGANNNNNCAGCG_FL_meth
4	475	4	0
36	10	475	2
18	475	12	0
6	0	475	37
475	14	192	30
96	4	12	363
341	12	118	4
105	80	65	225
213	61	140	60
262	57	121	35
10	475	6	26
475	119	240	128
117	13	475	15
3	475	6	14
38	32	475	40
>taipale_cyt_meth__LIN28B_CGCGANNNNNCAGCG_FL_repr
7	621	0	0
77	0	621	2
12	621	0	0
10	0	621	41
621	0	215	51
168	10	18	425
452	0	165	5
127	76	94	324
289	57	203	72
348	87	143	43
0	621	0	30
621	81	321	188
150	20	621	15
1	621	21	0
93	15	621	25
>cisbp__M06956
11.32078868	65.52313448	4.631195369	18.52488148
13.5506	4.2882	71.5266	10.6346
1.8868	41.8525	56.2607	0
5.3173	93.9966	0	0.6861
4.1166	0	95.8834	0
20.24012024	9.948509949	54.88855489	14.92281492
53.85935386	14.23671424	16.80961681	15.09431509
44.25385575	1.715298285	31.73236827	22.2984777
45.4545	4.6312	21.7839	28.1304
33.6192	16.1235	3.9451	46.3122
20.0686	12.8645	26.5866	40.4803
28.4734	14.9228	49.5712	7.0326
4.9743	89.8799	0	5.1458
0.5146	0	98.9708	0.5146
0.3430996569	7.032592967	91.5951084	1.029198971
24.3568	52.4871	3.4305	19.7256
15.78041578	3.430503431	74.78567479	6.003406003
>cisbp__M06957
5.6856	82.6087	0.6689	11.0368
5.685605686	1.003301003	84.78268478	8.528408528
0.6689	35.1171	64.214	0
2.8428	97.1572	0	0
3.846196154	0	93.64540635	2.508397492
19.3980194	18.39461839	46.82274682	15.38461538
49.83275017	15.71908428	17.72578227	16.72238328
40.9699	2.3411	28.4281	28.2609
37.6254	5.8528	19.2308	37.291
31.43813144	14.71571472	3.01000301	50.83615084
18.2274	14.3813	23.5786	43.8127
25.0836	18.8963	42.8094	13.2107
7.5251	83.2776	0.1672	9.0301
0	0	100	0
0.1672	6.689	92.8094	0.3344
