>kznf__ZNF354B_Imbeault2017_OM_RCADE
95.93022878	0.5813951744	0.5813951744	2.906980872
91.27906349	2.906978837	2.906978837	2.906978837
0.5813948256	7.558137733	0.5813948256	91.27907262
23.83720596	2.906980727	72.67441817	0.5813951453
0.5813950872	0.5813950872	0.5813950872	98.25581474
91.27907262	0.5813948256	7.558137733	0.5813948256
93.6046532	5.232557384	0.5813947093	0.5813947093
91.27907262	0.5813948256	7.558137733	0.5813948256
5.232558169	2.906978983	0.5813947965	91.27906805
2.906980872	0.5813951744	95.93022878	0.5813951744
12.20929573	7.558137355	79.65117212	0.5813947965
35.46512128	7.558144535	23.8372143	33.13951988
9.883718517	74.99998875	0.5813949128	14.53489782
0.5813947965	5.232558169	2.906978983	91.27906805
93.60464852	0.5813946802	2.906978401	2.906978401
91.27906805	2.906978983	0.5813947965	5.232558169
79.65116814	5.232557907	7.558136977	7.558136977
9.883718517	35.46509468	0.5813949128	54.06979189
