>hocomoco__EGR2_HUMAN.H11MO.0.A
108	37	306	49
147	48	206	99
114	37	311	38
127	34	251	88
160	52	253	35
75	52	225	148
38	51	383	28
185	95	22	198
17	11	465	7
20	6	231	243
91	3	397	9
18	7	445	30
12	20	458	10
175	141	11	173
29	3	437	31
38	17	391	54
171	37	251	41
127	24	281	68
>dbtfbs__ZFHX2_HEK293_ENCSR632SIM_merged_N1
47	22	416	15
165	69	58	208
46	10	442	2
27	16	81	376
101	8	380	11
17	10	342	131
31	8	457	4
107	89	4	300
38	0	428	34
27	20	271	182
149	35	275	41
81	32	145	242
54	48	366	32
108	51	123	218
91	18	348	43
57	35	143	265
88	26	354	32
80	30	223	167
102	22	365	11
124	40	58	278
48	3	434	15
>predrem__nrMotif1138
15.76	42.7	21.84	19.7
16.28	40.96	21.25	21.51
18.53814619	40.4459554	22.34776522	18.66813319
16.27837216	47.61523848	20.3479652	15.75842416
15.38	48.39	19.57	16.66
15.50155016	42.38423842	26.94269427	15.17151715
15.63156316	53.49534953	18.34183418	12.53125313
19.83	52.79	20.28	7.1
97.12	0.96	0.96	0.96
0.96	97.12	0.96	0.96
0.96	97.12	0.96	0.96
0.96	97.12	0.96	0.96
0.96	97.12	0.96	0.96
0.96	97.12	0.96	0.96
0.96	0.96	97.12	0.96
0.96	97.12	0.96	0.96
14.85851415	50.77492251	16.08839116	18.27817218
12.86	47.81	19.63	19.7
15.69	46.33	21.18	16.8
16.14161416	41.48414841	26.23262326	16.14161416
>kznf__ZNF141_Imbeault2017_OM_RCADE
17.81348219	42.58405742	26.68197332	12.92048708
19.9541	18.1193	37.0795	24.8471
9.250758834	0.07645259037	80.50458986	10.16819872
18.7309	16.5902	54.2049	10.474
19.0366981	1.911309809	37.07949629	41.9724958
0.07645263226	0.07645263226	99.7706421	0.07645263226
21.78898854	0.07645255979	76.52905975	1.605499156
0.07645263226	0.07645263226	99.7706421	0.07645263226
24.54129691	0.07645259037	69.18959128	6.19265922
11.69720554	15.67280743	72.55353439	0.07645263624
0.07645259602	72.85929621	0.07645259602	26.9877986
0.07645263226	0.07645263226	99.7706421	0.07645263226
