>kznf__ZNF677_Schmitges2016_RCADE
21.52409139	2.272729091	72.32617107	3.877008449
42.379675	1.20320929	55.74866711	0.6684486056
89.4385	1.73797	3.34225	5.48128
31.14969377	49.33159013	14.57219709	4.946519011
37.03208148	45.05347747	3.342248329	14.57219271
9.759360976	73.39570734	2.272730227	14.57220146
38.10162667	40.24062817	2.272731591	19.38501357
47.72728139	0.1336899479	51.47057993	0.6684487393
76.60431532	4.946520989	11.36360227	7.085561417
19.38498062	38.63636136	12.43318757	29.54547045
97.45989123	0.133689988	1.737969844	0.6684489398
94.78609052	0.1336899866	2.807489719	2.272729773
3.877010388	0.1336900134	95.85560959	0.1336900134
93.18181864	6.55080131	0.1336900267	0.1336900267
64.30482572	9.22460369	9.759363904	16.71120668
10.29410206	70.72191414	5.481281096	13.5027027
76.60431532	2.807490561	2.807490561	17.78070356
7.085560709	2.272730227	73.93050739	16.71120167
18.85028115	53.07484693	11.8983881	16.17648382
32.754	34.3583	9.2246	23.6631
30.0802	19.9198	19.385	30.615
