>kznf__ZNF354A_Imbeault2017_RP_RCADE
63.71795735	21.15381904	12.43591119	2.692312423
15.51279224	66.7948666	1.153849423	16.53849173
89.87179461	4.743589715	0.6410259615	4.743589715
52.43590524	23.71790237	7.307690731	16.53850165
29.35898826	6.282047487	2.179489128	62.17947513
88.84615558	1.666669167	5.256407372	4.230767885
90.38461265	4.743590664	4.230770592	0.6410260897
72.43591449	12.94870259	6.794871359	7.820511564
23.20510232	12.94870129	7.307690731	56.53850565
41.666675	2.179488692	54.48716731	1.666669
11.9231	4.23077	3.20513	80.641
87.30769563	0.1282049936	6.79486966	5.769229712
92.43589815	6.282049874	0.6410259872	0.6410259872
82.17949178	6.794869321	5.256409474	5.769229423
22.69228865	8.846145577	16.53849173	51.92307404
22.69229546	3.717949256	71.92308562	1.666669667
22.6923	10.3846	51.4103	15.5128
38.0769	28.3333	13.9744	19.6154
38.07688858	31.92309042	8.3333275	21.6666935
37.56408122	14.48719276	3.717948141	44.23077788
75.000015	7.307691462	7.307691462	10.38460208
57.05131712	6.794872038	17.56410527	18.58970558
49.35897532	13.97439301	6.282046859	30.38458481
35.51281065	17.56410527	6.794872038	40.12821204
