>jaspar__MA0101.1
0	5	8	4
0	1	15	1
1	0	15	1
5	1	9	2
6	5	3	3
5	1	1	10
1	0	0	16
2	0	0	15
0	15	0	2
1	16	0	0
>jaspar__MA0105.4
8441	2013	990	818
9	0	19047	5
0	3	19177	2
4	0	19167	318
229	3	19458	27
12004	62	821	27
7003	18	32	6744
22	1311	116	14372
17	9574	4	130
497	9536	1	3
4	9591	1	2
6	9642	2	8
1231	1293	3348	9386
>jaspar__MA0107.1
0	4	11	3
0	0	17	1
0	0	18	0
11	0	7	0
10	3	4	1
2	0	0	16
0	0	0	18
0	2	0	16
0	18	0	0
0	18	0	0
>jaspar__MA0778.1
5041	2456	2306	1980
101	97	16291	4
1	1	16041	3
8	5	16055	565
2663	11	13129	987
8380	977	856	636
5182	60	51	5970
1173	1395	1077	10976
852	11011	19	1867
256	12673	1	44
2	12710	1	2
8	12888	3	23
1527	3324	2182	5985
>jaspar__MA1902.1
263	258	253	227
267	253	248	231
274	247	246	233
271	242	245	241
283	243	242	233
268	215	324	192
123	100	686	90
12	10	964	14
20	8	924	49
155	19	758	68
741	51	137	71
681	56	56	207
147	99	67	687
89	658	49	205
73	877	11	39
90	843	29	38
65	788	71	77
166	428	187	219
234	243	245	278
250	247	243	260
243	255	242	260
236	257	250	258
>jaspar__MA1911.1
242	229	266	263
247	221	275	257
247	221	269	263
226	224	272	278
219	222	270	289
162	234	321	284
71	184	556	189
8	6	977	9
115	6	845	35
832	7	118	43
859	21	22	98
185	11	15	789
14	22	8	956
92	323	38	547
69	669	46	217
103	629	139	130
219	329	280	172
249	252	249	251
250	224	256	270
238	227	260	275
>swissregulon__hs__HIVEP1
0.5985915493	1.302816901	2.007042254	6.091549296
0	0	10	0
2.676056338	0	7.323943662	0
2.816901408	0	7.183098592	0
7.183098592	0	2.816901408	0
10	0	0	0
7.183098592	0	2.816901408	0
1.267605634	0	0	8.732394366
0	8.028169014	1.267605634	0.7042253521
0	10	0	0
0	8.591549296	0	1.408450704
0.9507042254	4.330985915	2.35915493	2.35915493
>swissregulon__hs__NFKB1
26.9440581	25.59572449	94.46344533	34.99677208
3.38232229	3.261397348	172.856303	2.499977345
1.323517418	4.485253472	168.9357797	7.255449438
70.34023639	1.911747381	109.7480162	0
141.9345583	7.874009768	32.09952101	0.0919109318
171.0300326	4.546834037	6.423133402	0
24.20606145	4.914477764	58.9569419	93.92251888
4.301431608	105.9874184	1.911747381	69.79940262
6.630455102	168.3227335	1.691161145	5.355650237
1.911747381	174.5120161	0.6617587089	4.914477764
12.43623895	152.0073933	7.142169275	10.41419845
>swissregulon__hs__RELA
124.0999136	228.4717228	1456.988616	309.6648244
23.55463885	0.5192237088	2039.97604	55.17517428
5.730456786	13.57244436	2049.962712	49.95946382
1281.224756	19.15432082	770.1630472	48.68295306
1042.690261	588.4104766	267.5129158	220.611423
0	44.49795842	27.70296709	2047.024151
10.06451833	89.13671428	62.41037288	1957.613471
17.38512945	518.2052158	32.82975514	1550.804976
41.28426442	2005.496774	7.111271242	65.33276743
59.63568414	1991.837411	10.28148422	57.47049773
567.5532067	995.66335	288.5826538	267.4258663
>swissregulon__hs__RELB
7.65106383	4.195744681	13.08085106	3.085106383
3.94893617	2.09787234	20.9787234	0.9872340426
1.974468085	0.9872340426	25.05106383	0
4.936170213	0	23.07659574	0
9.995744681	0	18.01702128	0
12.58723404	12.21702128	0	3.208510638
1.110638298	0	2.961702128	23.94042553
0.9872340426	0	3.94893617	23.07659574
0.9872340426	3.578723404	0	23.44680851
3.94893617	18.01702128	4.936170213	1.110638298
6.046808511	19.99148936	1.974468085	0
9.131914894	10.73617021	3.085106383	5.059574468
>swissregulon__mm__Nfkb1
200	25	145	111
0	0	470	12
0	0	483	0
0	0	455	27
200	2	259	20
223	144	58	56
88	12	0	381
7	17	17	442
0	84	7	389
5	455	0	22
4	457	0	22
198	193	32	58
165	106	155	55
140	91	164	86
99	119	178	84
>swissregulon__mm__Rel
18.72443204	7.124835228	23.12064823	25.37667673
2.112687709	10.66085135	39.72595696	21.84709622
0	1.849990949	71.66989739	0.8267038861
0.7348478987	2.388255671	64.03297924	7.190509418
25.44966531	4.146390633	41.33899355	3.411542734
23.22215762	21.77820422	16.32008736	13.02614302
23.06140964	3.595254709	1.561551785	46.1283761
2.112687709	0	0	72.23390452
0	6.99392624	2.112687709	65.23997828
2.204543696	55.09720606	0.7348478987	16.30999457
0	67.53637796	0	6.810214266
23.79581815	28.4676023	13.75777312	8.325398665
>hocomoco__NFAT5_MOUSE.H11MO.0.D
1	2	5	0
0	3	0	5
0	0	8	0
0	0	8	0
8	0	0	0
6	0	2	0
8	0	0	0
7	0	1	0
2	2	2	2
1	2	0	5
2	4	0	2
0	8	0	0
4	3	0	1
1	0	2	5
1	1	3	3
>hocomoco__NFKB1_MOUSE.H11MO.0.A
25	4	448	20
34	4	455	4
7	3	478	9
353	5	136	3
427	24	44	2
468	1	28	0
68	76	130	223
53	173	21	250
31	454	8	4
31	458	1	7
29	435	16	17
>hocomoco__NFKB2_HUMAN.H11MO.0.B
59	26	333	82
32	1	459	8
21	1	463	15
272	2	210	16
406	39	54	1
486	4	6	4
93	61	229	117
44	236	14	206
66	434	0	0
1	488	1	10
49	418	10	23
>hocomoco__TF65_HUMAN.H11MO.0.A
136	194	66	104
239	39	65	157
10	7	460	23
3	0	490	7
5	0	451	44
278	5	198	19
270	119	33	78
120	9	2	369
5	9	5	481
4	90	0	406
8	465	1	26
12	467	3	18
214	179	38	69
163	109	167	61
>hocomoco__TF65_MOUSE.H11MO.0.A
35	24	288	153
12	3	469	16
4	1	461	34
275	23	187	15
206	150	94	50
0	27	3	470
4	14	9	473
7	118	8	367
4	471	3	22
5	466	1	28
119	292	32	57
>hocomoco__ZEP1_HUMAN.H11MO.0.D
1	1	2	6
0	0	10	0
3	0	7	0
3	0	7	0
7	0	3	0
10	0	0	0
7	0	3	0
1	0	0	9
0	8	1	1
0	10	0	0
0	9	0	1
2	4	2	2
>nitta__Dif_TGATCC20NCTA_KI_TGGGAAAAACCCA_m1_c2
1451	2053	1587	3672
118	110	3672	299
1	0	3672	20
8	1	3672	28
3672	123	1198	339
3672	2	125	150
3672	0	2	328
3672	57	0	1192
3672	948	400	2121
18	3672	0	8
75	3672	0	4
147	3672	35	65
3672	952	1213	697
>nitta__Dif_TGATCC20NCTA_KI_TGGGAAATTCCCA_m1_c2
641	1194	797	1943
45	50	1943	186
0	0	1943	6
4	0	1943	7
1943	154	956	571
1943	5	116	263
1943	12	21	0
2121	197	66	1943
1192	1002	295	1943
8	1943	1	2
9	1943	0	3
157	1943	29	46
1943	716	1010	770
>nitta__Rel_TCTGAC20NGA_KI_NGGGGAAYCCCCN_m1_c4
105	94	66	29
20	13	295	38
0	1	295	3
0	0	295	20
20	0	295	7
295	11	27	0
295	24	15	13
6	135	30	160
4	295	0	6
34	295	0	1
4	295	0	1
48	295	20	10
38	75	80	102
>taipale_cyt_meth__NFAT5_NYGGAAANNTACN_eDBD
274	68	328	44
122	197	95	517
0	0	714	0
0	4	714	5
714	65	68	37
714	39	21	6
714	109	162	241
225	128	253	108
114	94	301	204
50	142	2	714
714	33	16	0
1	714	82	0
180	187	211	136
>taipale_cyt_meth__NFKB2_NGGGGAWNYMCCN_eDBD
772	478	643	315
15	0	2208	20
0	0	2208	10
0	0	2208	105
617	0	2208	196
2208	5	154	88
1591	57	25	617
328	307	1078	496
160	1232	11	976
1491	717	0	14
17	2208	0	0
0	2208	87	29
375	235	811	787
>taipale_cyt_meth__NFKB2_NGGGGAWNYMCCN_eDBD_meth_repr
7326	2288	3033	3250
318	230	15898	74
0	10	15898	0
0	0	15898	878
6650	242	15898	1801
15898	630	839	641
11422	365	208	4476
2803	2119	6812	4164
2152	9096	407	6802
10935	4963	4	71
72	15898	0	0
204	15898	623	345
3241	1465	4304	6888
>dbtfbs__RELA_representative_N1
15	0	412	15
5	0	431	6
339	11	91	1
410	7	25	0
356	7	17	62
51	61	124	206
24	226	1	191
24	418	0	0
1	441	0	0
1	438	2	1
>dbtfbs__RELB_GM12878_ENCSR387QUV_merged_N1
0	0	140	0
0	0	140	0
0	0	108	32
68	0	65	7
37	67	28	8
12	4	0	124
0	3	1	136
0	21	0	119
1	130	0	9
0	113	3	24
79	4	18	39
>transfac_public__M00052
0	4	10	4
0	0	18	0
0	0	18	0
11	0	7	0
10	3	3	2
2	0	0	16
0	0	0	18
0	3	0	15
0	18	0	0
0	18	0	0
>transfac_public__M00053
0	5	8	4
0	0	16	1
1	0	15	1
5	1	9	2
6	5	3	3
5	1	1	10
1	0	0	16
2	0	0	15
0	15	0	2
1	16	0	0
>transfac_public__M00054
0	0	40	0
0	0	40	0
1	0	39	0
27	0	13	0
21	13	1	5
8	1	3	28
1	2	2	35
2	18	0	20
3	36	0	1
0	38	0	2
>transfac_public__M00194
4	1	4	4
2	0	8	3
0	0	11	2
0	0	13	0
1	0	12	0
13	0	0	0
6	6	0	1
1	1	2	9
0	3	0	10
1	3	0	9
1	12	0	0
0	12	0	1
2	4	3	4
3	4	3	3
>bergman__Rel
6	13	71	10
0	0	100	0
0	0	100	0
0	0	100	0
100	0	0	0
55	10	3	32
6	20	16	58
3	81	0	16
48	52	0	0
0	94	0	6
19	39	23	19
>bergman__dif_Rel
9	0	88	3
0	0	100	0
0	0	100	0
0	0	100	0
100	0	0	0
56	0	0	44
0	3	0	97
0	100	0	0
16	84	0	0
3	94	0	3
16	50	9	25
>stark__GGGGAWTCCCY
0	0	100	0
0	0	100	0
0	0	100	0
0	0	100	0
100	0	0	0
50	0	0	50
0	0	0	100
0	100	0	0
0	100	0	0
0	100	0	0
0	50	0	50
>homer__AGGGGATTTCCC_NFkB-p65
38.6	9.3	19.7	32.4
9.79020979	0.4995004995	72.72727273	16.98301698
0.2002002002	0.1001001001	99.2992993	0.4004004004
0.1	0.1	96.5	3.3
35.4	0.1	62.2	2.3
60.13986014	13.78621379	17.18281718	8.891108891
35.5	7.2	1.6	55.7
3.103103103	1.401401401	1.701701702	93.79379379
0.1	19.3	0.1	80.5
0.1	81.6	0.1	18.2
0.2002002002	97.3973974	0.1001001001	2.302302302
26.07392607	60.83916084	1.898101898	11.18881119
>cisbp__M05887
27.87212787	21.87812188	32.86713287	17.38261738
2.797202797	3.496503497	90.80919081	2.897102897
0.4	0.5	98.1	1
1.5	1.1	64.9	32.5
38.56143856	1.198801199	48.45154845	11.78821179
30.3	30.7	18.8	20.2
17.2	7.3	8.1	67.4
5.894105894	19.98001998	13.58641359	60.53946054
8.491508492	51.94805195	2.097902098	37.46253746
18	77.6	0.7	3.7
1.1	97.9	0.4	0.6
6.893106893	83.31668332	5.294705295	4.495504496
14.98501499	31.86813187	23.97602398	29.17082917
>cisbp__M07999
44.0449	7.4157	26.5169	22.0225
0	0	95.7303	4.2697
0	0.2247	99.7753	0
0	0	94.1573	5.8427
40.44944045	1.123601124	54.38205438	4.044904045
46.06735393	31.23596876	10.11238989	12.58428742
13.48311348	1.348301348	0.2247002247	84.94388494
0	3.5955	0.4494	95.9551
0.4494	19.7753	0.8989	78.8764
0.2247	96.6292	0	3.1461
1.573	93.9326	0	4.4944
40.67415933	41.7977582	6.292093708	11.23598876
35.50556449	24.26967573	30.11236989	10.11238989
29.8876	18.427	33.9326	17.7528
>cisbp__M08000
30.3571	25.8929	15.4018	28.3482
45.08925491	2.678597321	25.89287411	26.33927366
0	0	100	0
0	0	100	0
0	0	93.0804	6.9196
42.1875	0	52.6786	5.1339
54.6875	22.9911	9.8214	12.5
23.4375	3.3482	0.2232	72.9911
4.0179	4.6875	3.7946	87.5
0.8929	15.625	2.2321	81.25
0	93.3036	0	6.6964
2.008902009	91.07149107	0	6.91960692
47.32135268	30.58036942	7.142892857	14.95538504
33.2589	21.875	31.25	13.6161
>cisbp__M08001
27.521	23.7395	18.0672	30.6723
41.5966	5.4622	29.4118	23.5294
0	0	96.4286	3.5714
0	0	100	0
0	0	94.1176	5.8824
40.96644097	0.8403008403	53.57145357	4.621804622
44.3277	31.9328	11.9748	11.7647
16.1765	2.7311	0	81.0924
1.6807	3.5714	3.1513	91.5966
0	16.5966	1.4706	81.9328
1.4706	93.6975	0	4.8319
0.6302993697	93.90750609	0	5.462194538
39.916	41.5966	6.9328	11.5546
35.71433571	23.10922311	29.62182962	11.55461155
28.3613	18.2773	35.9244	17.437
>cisbp__M08002
47.20925279	5.813994186	24.65117535	22.32557767
0	0.4651	94.4186	5.1163
0	0	100	0
0	0	93.7209	6.2791
40.2326	0	54.4186	5.3488
44.8837	30	11.8605	13.2558
15.3488	2.3256	0.2326	82.093
0	2.3256	1.1628	96.5116
0	17.90698209	1.86049814	80.23251977
0.4651	96.0465	0	3.4884
1.6279	93.9535	0	4.4186
42.7907	37.907	7.2093	12.093
35.5814	22.7907	29.7674	11.8605
29.06977093	20.6976793	32.79066721	17.44188256
18.8372	26.2791	35.1163	19.7674
>cisbp__M08003
45.97404597	7.272707273	26.49352649	20.25972026
0	0	98.7013	1.2987
0	0	100	0
0	0	95.3247	4.6753
37.92206208	0	58.44154156	3.636396364
50.9091	25.974	13.5065	9.6104
21.2987	1.8182	0.2597	76.6234
1.558401558	2.857102857	3.376603377	92.20789221
0	16.36361636	2.077902078	81.55848156
1.2987	96.6234	0	2.0779
1.818198182	94.02590597	0.5194994805	3.636396364
38.7013	36.3636	10.1299	14.8052
31.1688	25.4545	33.2468	10.1299
28.0519	21.039	35.0649	15.8442
>cisbp__M08004
31.4607	24.7191	15.7303	28.0899
42.6966	5.8427	26.9663	24.4944
0	0.2247	94.382	5.3933
0	0	100	0
0	0	93.4831	6.5169
43.3708	1.1236	51.0112	4.4944
45.39325461	31.46066854	11.91008809	11.23598876
20.00002	1.573001573	0.4494004494	77.97757798
0	2.9213	3.3708	93.7079
0	13.2584	1.1236	85.618
0	94.8315	0	5.1685
2.247197753	91.23590876	0	6.516893483
43.8202	35.5056	8.0899	12.5843
37.5281	22.2472	26.0674	14.1573
29.21347079	18.65168135	33.70786629	18.42698157
>cisbp__M08005
30.445	25.5269	17.3302	26.6979
45.66744567	5.620605621	25.995326	22.71662272
0	0	98.5948	1.4052
0	0	100	0
0	0	92.5059	7.4941
40.281	0.7026	53.3958	5.6206
48.00935199	27.86887213	11.00698899	13.11478689
19.9063	2.8103	0.7026	76.5808
2.3419	2.5761	3.0445	92.0375
0.4683995316	14.75408525	1.170998829	83.60651639
1.405198595	91.1006089	0.7025992974	6.791593208
1.4052	93.4426	0	5.1522
46.6042466	30.91333091	9.133509134	13.34891335
32.5527	24.5902	31.6159	11.2412
31.8501	20.8431	30.2108	17.096
>cisbp__M08006
0	1.0753	90.5376	8.3871
0	0.2151	98.4946	1.2903
0	0	92.9032	7.0968
40.6452	1.2903	53.3333	4.7312
45.3763	30.3226	13.5484	10.7527
12.043	1.5054	0	86.4516
0	1.075298925	0.2150997849	98.70960129
0	21.07527892	1.075298925	77.84942215
1.29030129	96.55919656	0	2.150502151
1.2903	95.4839	0	3.2258
42.58064258	38.27963828	4.946204946	14.19351419
>cisbp__M08007
45.3564	7.3434	26.1339	21.1663
0.216	0	97.6242	2.1598
0	0	100	0
0	0	94.3844	5.6156
41.46865853	0.215999784	55.29154471	3.023796976
49.892	30.4536	9.7192	9.9352
18.14251814	1.511901512	0.8639008639	79.48167948
1.7279	3.2397	2.5918	92.4406
0	18.1425	1.2959	80.5616
0.432	96.1123	0	3.4557
1.9438	93.9525	0	4.1037
47.5162	31.1015	8.6393	12.743
31.96543197	25.7019257	31.96543197	10.36721037
>cisbp__M08008
41.5755	7.221	27.7899	23.4136
0	0	99.3435	0.6565
0	0	100	0
0	0	93.6543	6.3457
36.105	1.0941	59.081	3.7199
51.2035	26.9147	12.4726	9.4092
21.8818	1.9694	0	76.1488
4.5952	2.407	4.5952	88.4026
0	18.1619	1.0941	80.744
0.2188	94.7484	0	5.0328
1.531701532	95.4048954	0.4376004376	2.625802626
43.7637	34.7921	8.0963	13.3479
33.2604	21.4442	32.3851	12.9103
28.88402888	19.03721904	33.91683392	18.16191816
19.0372	27.7899	34.1357	19.0372
>cisbp__M08039
22.973	2.7027	40.991	33.3333
5.4054	0	94.5946	0
7.657692342	7.657692342	78.37832162	6.306293694
67.56753243	2.252297748	27.47747252	2.702697297
49.5495	22.5225	18.4685	9.4595
1.8018	4.5045	0	93.6937
0	4.0541	0	95.9459
0	22.07207793	0.4504995495	77.47742252
1.8018	97.7477	0	0.4505
1.3514	98.6486	0	0
35.1351	53.6036	0.9009	10.3604
