>c2h2_zfs__M3800
17.2285	1.8727	77.528	3.3708
92.1348	2.6217	3.3708	1.8727
5.9925	1.4981	86.8914	5.618
80.1498	2.2472	14.9813	2.6217
91.3857	2.2472	2.9963	3.3708
0.7491	46.0674	4.8689	48.3146
5.243408951	8.614208277	2.621699476	83.5206833
0.3745	97.0038	1.4981	1.1236
95.5056	3.3708	0.3745	0.7491
0.749099015	34.8315007	0.749099015	63.67030127
90.2622	0.3745	4.8689	4.4944
2.6217	91.0113	3.7453	2.6217
15.7303	5.2434	4.1199	74.9064
7.8652	1.1236	88.3895	2.6217
5.9925	4.1199	84.6442	5.2434
