>jaspar__MA0607.2
8097	757	3272	1748
2744	8626	774	33
41	11369	0	0
11369	14	215	44
0	59	392	11369
11369	373	56	0
50	223	6	11369
0	0	11369	38
37	778	8585	2784
1749	3251	772	8119
>jaspar__MA0678.1
1609	90	283	108
680	929	142	16
74	1609	4	0
1609	2	53	22
0	0	0	1609
1609	22	18	4
21	159	0	1609
10	3	1609	117
4	396	866	744
146	689	57	1609
>jaspar__MA0817.1
2550	686	858	912
5005	55	890	44
2779	1286	932	8
21	5005	0	0
5005	0	67	17
0	4	1	5005
5005	5	3	0
47	115	5	5005
0	4	5005	7
13	1203	1771	2018
243	1468	92	5005
1523	911	964	1606
>jaspar__MA0818.2
8662	491	557	765
3121	3954	1530	56
0	8662	0	0
8662	0	850	80
0	59	75	8662
8662	44	44	0
90	808	0	8662
0	0	8662	0
89	1481	4007	3086
448	3520	280	5142
>jaspar__MA0826.1
11391	240	1526	205
5931	4142	1321	0
52	11391	0	0
11391	1	139	80
12	15	113	11391
11391	80	17	10
195	175	0	11391
0	0	11391	74
12	2082	4568	4730
490	2812	257	11391
>jaspar__MA0827.1
1915	204	427	132
800	1115	208	6
222	1915	0	3
1915	10	99	22
0	26	72	1915
1915	103	11	0
56	224	2	1915
4	4	1915	275
28	662	904	1010
265	964	176	1915
>jaspar__MA1524.2
177	96	182	87
138	92	217	95
208	40	208	86
193	21	324	4
363	128	46	5
0	539	2	1
537	3	0	2
460	8	52	22
537	4	0	1
18	6	3	515
1	2	531	8
5	8	512	17
37	140	50	315
104	113	205	120
150	117	152	123
122	158	125	137
>jaspar__MA1568.1
113	398	175	186
872	20	352	194
89	872	205	28
4	872	12	2
872	0	164	14
0	54	67	872
872	43	71	0
21	107	0	872
4	0	872	18
19	86	533	339
87	441	6	431
301	150	315	105
>swissregulon__hs__BHLHA15
6953	689	1417	1088
2521	7156	466	4
30	10148	6	0
10148	11	90	2
0	0	55	10148
10148	68	0	0
7	191	0	10148
0	0	10148	24
9	1248	5958	2933
1618	2382	439	5709
>swissregulon__hs__BHLHE23
520	26	172	21
189	229	99	4
6	520	0	0
520	6	24	8
0	2	0	520
520	4	2	2
11	48	0	520
0	2	520	4
4	193	123	201
36	254	21	520
>swissregulon__hs__NEUROD2
604	119	769	95
527	875	240	0
0	1587	95	0
1587	0	308	52
0	156	0	1587
1587	120	38	4
0	328	0	1587
0	0	1587	112
0	373	705	548
209	592	101	685
>swissregulon__mm__Olig2
1999	176	286	133
958	1042	181	7
225	1999	0	0
1999	3	84	33
0	10	35	1999
1999	43	4	0
38	159	4	1999
4	3	1999	266
16	495	825	1175
204	726	146	1999
>flyfactorsurvey__Oli_da_SANGER_5_1_FBgn0000413
3	10	8	1
17	0	2	3
1	21	0	0
1	21	0	0
22	0	0	0
0	0	0	22
18	4	0	0
0	2	0	20
0	0	22	0
1	2	10	9
0	15	0	7
>flyfactorsurvey__dimm_da_SANGER_5_FBgn0000413
1	14	0	4
8	1	10	0
3	15	1	0
0	19	0	0
19	0	0	0
0	0	1	18
19	0	0	0
0	0	0	19
0	0	19	0
0	0	15	4
6	0	4	9
>hocomoco__BHE22_HUMAN.H11MO.0.D
1321	241	440	244
692	856	478	220
0	2246	0	0
2244	0	2	0
0	0	0	2246
2246	0	0	0
0	0	0	2246
0	0	2246	0
0	116	417	1713
14	27	14	2191
241	256	134	1615
424	425	234	1163
418	358	326	1144
>hocomoco__MSGN1_MOUSE.H11MO.0.C
211	48	211	30
16	470	13	1
4	496	0	0
459	4	3	34
0	4	8	488
29	76	0	395
0	0	0	500
0	0	500	0
3	71	182	244
2	239	15	244
76	244	66	114
87	195	63	155
>hocomoco__OLIG1_HUMAN.H11MO.0.D
411	23	37	24
194	273	27	1
0	495	0	0
495	0	0	0
0	0	0	495
495	0	0	0
0	0	0	495
0	0	495	0
0	11	71	413
0	3	0	492
18	26	12	439
68	61	24	342
60	77	61	297
82	110	101	202
>hocomoco__OLIG3_HUMAN.H11MO.0.D
1845	150	841	240
376	2404	260	36
566	2492	9	9
3010	9	47	10
3	1	43	3029
3030	31	12	3
14	45	4	3013
4	5	3046	21
19	401	918	1738
37	285	70	2684
559	736	647	1134
>hocomoco__TWST1_MOUSE.H11MO.0.B
224	141	91	44
27	448	16	9
451	10	23	16
9	32	129	330
107	340	49	4
4	1	0	495
0	1	492	7
8	62	301	129
138	36	45	281
140	50	40	270
51	145	62	242
30	170	58	242
186	144	107	63
408	29	32	31
15	20	38	427
52	82	17	349
314	23	36	127
>nitta__Oli_TCCAAC20NAAC_KA_RMCATATGKY_m1_c7
77	0	21	1
43	55	17	0
0	98	0	0
98	2	1	0
4	0	0	98
98	0	1	1
0	2	0	98
3	0	98	0
0	13	51	47
0	40	0	58
>nitta__dimm_TGGTCT20NCTT_KG_CACCATATGGTG_m1_c3
434	2879	2028	1471
2879	18	414	367
570	2879	87	0
1	2879	0	0
2879	0	3	0
0	2	0	2879
2879	1	0	0
1	2	0	2879
1	1	2879	3
2	80	2879	543
401	446	20	2879
1504	1993	2879	414
>nitta__dimm_TTCTGA20NTA_KG_NRCCATATGGYN_m1_c4
98	433	153	241
634	47	292	223
204	925	98	6
21	925	0	9
925	0	8	11
3	0	3	925
925	5	9	0
0	2	1	925
12	0	925	14
2	93	925	243
231	274	54	651
241	185	414	85
>taipale_cyt_meth__BHLHA15_NMCATATGKN_eDBD_meth
10119	2596	6229	3686
7643	14987	5206	291
480	22630	0	0
22630	0	737	166
0	219	1937	22630
22630	1701	220	0
272	634	0	22630
0	0	22630	365
221	5157	14941	7689
3638	6237	2602	10154
>taipale_cyt_meth__BHLHE22_ANCATATGNY_eDBD
5222	278	346	250
1935	2246	1056	0
26	5222	0	0
5222	3	340	20
0	0	8	5222
5222	0	59	16
2	210	18	5222
0	8	5222	4
20	955	2386	1861
125	1969	90	3253
>taipale_cyt_meth__BHLHE22_ANCATATGNY_eDBD_meth
7062	658	595	758
2498	2757	1682	125
98	7062	0	0
7062	33	413	250
0	80	56	7062
7062	8	71	0
104	328	38	7062
13	21	7062	171
114	1576	2919	2452
416	2836	316	4226
>taipale_cyt_meth__BHLHE23_ANCATATGNT_FL
201	36	94	5
45	99	52	5
0	201	8	0
201	0	15	1
0	5	0	201
201	11	33	1
0	25	0	201
0	10	201	0
0	51	101	56
2	74	10	201
>taipale_cyt_meth__BHLHE23_ANCATATGNT_FL_meth
150	6	58	0
39	82	27	2
0	150	0	0
150	0	20	2
5	15	0	150
150	0	5	2
3	21	14	150
1	9	150	0
2	37	79	32
0	52	14	150
>taipale_cyt_meth__BHLHE23_ANCATATGNY_eDBD
651	161	111	40
204	296	129	23
3	651	0	0
651	4	32	54
0	0	16	651
651	17	49	26
0	31	0	651
0	55	651	0
0	127	312	220
19	304	34	348
>taipale_cyt_meth__BHLHE23_ANCATATGNY_eDBD_meth
12356	63	757	107
3418	5914	3026	0
64	12356	0	0
12356	33	71	0
0	35	14	12356
12356	13	0	0
0	0	42	12356
0	0	12356	0
0	2359	5404	4597
37	4976	95	7380
>taipale_cyt_meth__MESP2_NAMCATATGKYN_eDBD
305	1248	340	335
2227	0	449	14
1465	762	68	0
18	2227	0	0
2227	0	12	25
726	0	0	2227
2227	0	0	478
0	9	18	2227
19	5	2227	1
0	73	1301	927
5	1310	0	917
497	216	1293	222
>taipale_cyt_meth__MSC_NRNCATATGNYN_FL_meth
3558	16074	6475	9820
22452	660	13475	1625
9015	23113	3779	21
0	35927	0	0
35927	0	0	0
0	0	565	35927
35927	317	0	0
0	13	0	35927
0	14	35927	0
76	3666	22871	9315
1723	13772	672	22155
10082	6375	15774	3696
>taipale_cyt_meth__MSC_NRNCATATGNYN_eDBD_meth
208	1179	442	802
1797	0	834	170
702	1651	266	12
248	2631	241	76
2631	13	24	110
0	286	7	2631
2631	24	255	0
144	0	50	2631
68	209	2631	298
41	269	1737	584
92	878	35	1753
846	481	1014	290
>taipale_cyt_meth__NEUROD1_AAWTANNNNNNCATATGNN_FL_meth
43	0	4	15
43	0	1	0
25	2	0	17
0	3	4	43
43	1	6	7
12	14	15	2
7	15	14	7
8	4	27	4
3	19	8	13
16	0	27	0
22	14	8	0
1	43	0	1
43	0	0	1
1	0	0	43
43	3	0	0
1	1	0	43
0	1	43	1
0	14	13	18
0	22	1	20
>taipale_cyt_meth__NEUROD1_AAWTANNNNNNCATATGNN_FL_repr
744	94	40	171
744	8	14	41
447	1	1	296
25	7	6	744
744	36	87	111
174	225	201	144
126	262	207	149
179	107	300	158
32	380	136	196
265	5	466	7
315	350	78	1
0	744	4	1
744	2	0	1
0	0	9	744
744	8	0	0
5	2	0	744
0	0	744	0
8	91	361	283
7	451	4	281
>taipale_cyt_meth__OLIG2_AMCATATGKT_eDBD_meth
12891	725	2117	909
5639	7252	1939	139
480	12891	0	1
12891	0	348	130
1	90	165	12891
12891	200	115	0
175	344	2	12891
0	4	12891	486
128	1902	7291	5600
892	2222	848	12891
>taipale_cyt_meth__OLIG2_ANCATATGNY_eDBD
6405	489	188	530
2474	3179	725	27
189	6405	6	0
6405	0	413	61
0	94	131	6405
6405	76	45	0
55	421	17	6405
0	4	6405	380
55	639	3519	2192
394	1687	294	4719
>taipale_cyt_meth__OLIG3_ACCATATGKT_FL
10805	554	4382	1115
2420	10805	3924	26
638	10805	0	0
10805	0	295	83
0	0	2	10805
10805	121	6	0
32	193	0	10805
0	9	10805	210
10	1854	4141	6664
627	3597	660	10805
>taipale_cyt_meth__OLIG3_ACCATATGKT_FL_meth_repr
3109	98	1062	245
487	3109	868	10
89	3109	1	0
3109	0	21	8
1	11	7	3109
3109	9	6	1
0	6	1	3109
4	0	3109	63
1	551	1271	1838
149	1068	101	3109
>taipale_cyt_meth__OLIG3_ACCATATGKT_eDBD
7733	699	3353	1213
1710	7733	2958	110
618	7733	0	1
7733	0	352	201
6	55	106	7733
7733	182	59	0
124	324	7	7733
0	12	7733	284
27	1431	2970	4764
762	2863	609	7733
>taipale_cyt_meth__OLIG3_ACCATATGKT_eDBD_meth
10171	665	3770	1295
1942	10171	3578	137
611	10171	14	2
10171	5	163	146
3	25	133	10171
10171	181	43	2
92	153	9	10171
0	0	10171	242
69	1858	3924	6248
668	3607	579	10171
>taipale_cyt_meth__TCF21_NACCATATGKYN_eDBD_meth
461	2615	766	1057
4899	84	1349	434
819	4899	710	17
3	4899	6	0
4899	2	97	5
10	92	53	4899
4899	69	43	13
4	94	0	4899
0	0	4899	33
35	345	3142	1757
191	2633	97	2266
1446	949	2016	488
>bergman__mirr
36.36363636	14.28571429	36.36363636	12.98701299
49.35064935	11.68831169	7.792207792	31.16883117
50.64935065	0	0	49.35064935
55.84415584	5.194805195	11.68831169	27.27272727
63.63636364	7.792207792	14.28571429	14.28571429
1.298701299	80.51948052	18.18181818	0
58.44155844	5.194805195	3.896103896	32.46753247
3.896103896	38.96103896	24.67532468	32.46753247
24.67532468	0	55.84415584	19.48051948
10.38961039	22.07792208	9.090909091	58.44155844
12.98701299	29.87012987	57.14285714	0
14.28571429	7.792207792	16.88311688	61.03896104
31.16883117	16.88311688	18.18181818	33.76623377
42.85714286	33.76623377	12.98701299	10.38961039
50.64935065	14.28571429	11.68831169	23.37662338
>kznf__ZBTB18_HocoMoco_Misc
9.722222222	37.5	37.5	15.27777778
5.555555556	44.44444444	38.88888889	11.11111111
5.555555556	27.77777778	44.44444444	22.22222222
44.44444444	22.22222222	27.77777778	5.555555556
77.77777778	22.22222222	0	0
88.88888889	0	11.11111111	0
0	100	0	0
100	0	0	0
0	0	5.555555556	94.44444444
0	100	0	0
0	0	0	100
0	0	100	0
0	0	77.77777778	22.22222222
65.27777778	26.38888889	4.166666667	4.166666667
>cisbp__M01729
41.27463045	17.54907298	23.62722358	17.54907298
41.38690362	22.05355578	29.85626988	6.703270722
0.004601888181	99.98619434	0.004601888181	0.004601888181
99.98619434	0.004601888181	0.004601888181	0.004601888181
0.004601888181	0.004601888181	0.004601888181	99.98619434
99.98619434	0.004601888181	0.004601888181	0.004601888181
0.004601888181	0.004601888181	0.004601888181	99.98619434
0.004601888181	0.004601888181	99.98619434	0.004601888181
7.455528904	13.48735605	65.16576073	13.89135431
18.30133117	27.27748252	18.30133117	36.11985515
>cisbp__M01754
38.31214995	22.15247159	24.34556842	15.18981005
66.56884218	16.81780933	11.86491821	4.748430281
0.001066983303	99.99679905	0.001066983303	0.001066983303
99.99679905	0.001066983303	0.001066983303	0.001066983303
0.001066983303	0.001066983303	8.792344948	91.20552109
91.20552109	8.792344948	0.001066983303	0.001066983303
0.001066983303	0.001066983303	0.001066983303	99.99679905
0.001066983303	0.001066983303	99.99679905	0.001066983303
9.811256938	9.811256938	50.02955996	30.34792617
20.2526367	30.08261912	20.2526367	29.41210748
>transfac_public__M00065
23	35	28	14
15	30	23	32
14	23	44	19
66	9	14	11
61	30	3	6
0	100	0	0
100	0	0	0
0	0	100	0
86	1	10	3
0	0	0	100
0	0	100	0
1	3	61	35
3	17	1	79
20	43	17	20
27	23	31	19
23	26	32	19
>transfac_public__M00070
10	32	43	15
12	28	35	25
19	23	37	21
74	0	14	12
72	21	5	2
0	100	0	0
100	0	0	0
0	0	98	2
95	2	3	0
0	0	0	100
0	0	100	0
0	3	63	34
0	30	0	70
17	39	20	24
25	21	14	40
16	35	26	23
