>jaspar__MA1057.1
272	182	211	335
143	49	761	47
8	38	12	942
947	46	5	2
5	994	0	1
76	78	744	102
249	53	538	159
278	262	151	310
>jaspar__MA1058.1
233	327	198	242
208	54	636	102
44	83	26	847
934	51	11	3
44	893	5	57
197	106	557	140
264	104	414	218
252	252	205	290
269	258	195	277
>cisbp__M00887
21.04096413	29.26731049	19.22999329	30.46173209
9.322963158	1.022735105	86.7023088	2.951992936
0.002185049536	2.840224843	0.2378495899	96.91974052
99.99153244	0.003263632332	0.001940296483	0.003263632332
0.003502617242	99.06291881	0.9010046978	0.03257387127
5.516940403	4.74847461	84.59062385	5.143961136
17.13029101	1.162820246	73.02839223	8.678496511
34.54085857	27.9982758	10.82808184	26.63278378
26.55812393	27.64198153	21.52759686	24.27229768
>cisbp__M01308
23.97070306	27.02689223	19.43027427	29.57213045
9.016166895	3.350197461	84.69184256	2.941793083
0.6037866857	2.652402112	1.592755742	95.15105546
95.06326009	4.197724389	0.6469686543	0.09204686466
1.628706682	95.37211619	0.3670659501	2.632111177
11.81699492	8.667138957	61.53085415	17.98501197
27.30634898	6.733662756	51.27068972	14.68929855
29.95833512	27.37985673	14.72884163	27.93296652
25.20701672	27.58086946	19.63124436	27.58086946
