>jaspar__MA1972.1
138	14	832	17
119	1	877	4
994	4	1	1
1	1	994	4
87	221	692	1
233	545	173	49
354	351	64	230
135	676	93	96
224	208	182	386
122	1	756	122
7	1	991	1
979	1	20	1
596	90	310	4
150	268	246	335
39	58	803	100
>kznf__ZNF419_Schmitges2016_RCADE
31.83760796	0.2136750534	43.80341095	24.14530604
7.905975256	1.068379359	75.42735474	15.59829064
7.905976838	1.923079231	83.11966675	7.051277179
77.9914571	0.2136748825	19.87178907	1.923078942
26.70941335	0.2136751068	72.86323643	0.2136751068
77.99145321	2.777778333	2.777778333	16.45299013
19.87180795	4.487181795	71.15382846	4.487181795
10.47010209	2.777780556	21.58120432	65.17091303
27.56410551	53.20511064	8.760681752	10.47010209
23.29060466	19.87180397	2.777780556	54.05981081
76.28205804	0.2136748825	6.196576592	17.30769048
5.34187813	0.2136749252	93.37606732	1.068379626
17.30770779	0.2136750962	73.71793317	8.760683942
24.14530966	1.068380427	72.86322915	1.923080769
17.30770692	73.71792949	3.632481453	5.341882137
19.87178907	0.2136748825	1.068379412	78.84615663
14.74359189	0.2136748825	80.55555569	4.487177532
6.196581239	18.16240363	42.94870859	32.69230654
73.71791843	13.03420326	13.03420326	0.2136750534
31.83760637	6.196581239	14.74360295	47.22220944
21.58120432	3.632480726	11.32480226	63.46151269
