>jaspar__MA0917.1
730	111	159	0
0	12	0	988
235	24	741	0
47	800	141	12
71	0	753	177
0	0	1000	0
0	0	1000	0
56	352	93	500
>hocomoco__GCM1_HUMAN.H11MO.0.D
4	4	1	3
5	1	1	5
3	4	3	2
10	2	0	0
0	0	0	12
0	0	12	0
2	8	0	2
0	1	7	4
0	0	12	0
0	0	12	0
1	4	1	6
5	3	2	2
1	4	3	4
1	2	4	5
>transfac_public__M00270
36	28	28	8
33	15	26	26
68	10	32	0
0	98	0	2
0	100	0	0
10	88	0	2
0	2	98	0
2	92	0	6
100	0	0	0
2	9	2	87
43	26	17	14
24	24	10	43
26	16	21	37
>cisbp__M00168
22.09910708	26.45743471	27.26318355	24.18027466
53.09342585	18.39452588	20.32909505	8.182953213
10.26339623	10.26339623	6.610000973	72.86320658
30.1842592	14.25803447	54.99930616	0.5584001665
16.24651627	52.34615582	19.84353978	11.56378813
8.621710795	6.015163512	69.01221602	16.35090967
0.5064082891	1.019781063	97.4742226	0.9995880451
0.5612051337	0.3837865336	97.74198651	1.313021824
11.6744629	31.73448035	11.10509262	45.48596413
>cisbp__M02020
17.51143147	28.87146954	32.22858831	21.38851069
45.40867476	21.44953917	26.99639021	6.145395863
9.573378779	12.66682287	7.021565526	70.73823283
28.81482869	15.65656221	50.95231217	4.576296928
13.37236683	52.6249531	20.76337051	13.23930956
9.364968847	7.366745414	67.8280624	15.44022334
1.722051	2.32452571	92.15906227	3.79436102
2.315734772	1.664836688	92.73324447	3.286184066
13.4409713	34.06626511	13.3072314	39.18553218
>cisbp__M02022
27.10032499	21.9670965	23.55989072	27.37268779
21.32090666	27.10418448	26.30313476	25.2717741
56.14597415	14.12512294	23.05666728	6.672235631
8.470026027	7.004365388	4.164239149	80.36136944
32.02155412	10.55299011	57.19172626	0.2337295136
15.07086689	58.71901062	15.3753186	10.83480389
7.606115355	4.388346812	70.73585416	17.26968367
0.3196529882	0.7553913773	98.44329683	0.4816588077
0.3676635168	0.1450630047	98.43661942	1.05065406
10.53134328	33.59428238	8.201818397	47.67255594
>cisbp__M02023
25.19641583	22.60872926	26.00193333	26.19292158
59.91951073	8.652925934	21.70838656	9.719176778
9.911743609	7.908464785	1.145310425	81.03448118
36.73168828	12.3811784	48.61909044	2.268042873
14.31075398	57.97181708	9.558911919	18.15851702
14.2529626	4.035147768	64.14369321	17.56819642
6.822473696	0.001283016692	85.14594164	8.030301651
6.342316963	8.910268719e-05	91.26001651	2.397577429
12.50078276	26.36718826	2.985298038	58.14673095
35.99930563	18.18779418	21.53703359	24.2758666
>cisbp__M02025
21.83426087	24.81468511	25.50003064	27.85102338
65.91212872	9.569218373	22.06612047	2.452532436
6.220870059	6.63585033	3.227687021	83.91559259
31.39661479	10.8329332	56.60419124	1.166260768
13.11871088	60.62438038	13.56033645	12.69657228
10.59939032	4.115431005	70.48492292	14.80025576
2.17731325	0.3604292449	95.9305554	1.5317021
1.681835742	0.07810661283	96.23102208	2.00903557
8.918674661	27.88641698	5.399649065	57.79525929
36.41513559	18.70300233	22.40265181	22.47921027
>cisbp__M02027
56.62415954	11.31846815	29.26627243	2.791099883
4.593321467	5.554472136	4.686112716	85.16609368
28.86264523	12.33632555	58.70636809	0.09466113232
10.92522484	63.5021854	16.6277722	8.944817563
5.708514757	3.427937874	78.41058075	12.45296662
0.008959943211	0.007190522856	99.98384354	5.992562812e-06
0.003829957376	0.003199049307	99.992821	0.000149996049
7.45263761	31.14233075	10.06000852	51.34502312
