>jaspar__MA0603.1
251	229	261	259
246	125	558	71
62	44	143	752
3	997	0	0
953	16	10	21
2	965	9	24
48	3	946	3
54	58	51	837
9	4	938	48
255	331	146	268
>homer__KCACGTGMCN_bHLHE40
14.4	7.7	45.8	32.1
2.8	97	0.1	0.1
99.7	0.1	0.1	0.1
0.1	93.3	0.1	6.5
4	0.1	95.8	0.1
0.1	0.1	0.1	99.7
0.1	0.1	99.7	0.1
37.93793794	43.04304304	6.906906907	12.11211211
19.3	38.1	20.3	22.3
20.1	28.8	22.1	29
>homer__KCACGTGMCN_bHLHE41
10.1	2.8	46	41.1
5.4	90.1	2.9	1.6
85.9	3.7	4.7	5.7
1.4	92.2	2.7	3.7
2.5	2.5	93.8	1.2
7.6	5	4.2	83.2
1	2.8	89.3	6.9
43	40.3	4.8	11.9
10.9	52.7	20.1	16.3
18.6	31.3	21.2	28.9
>cisbp__M07798
20.4641	5.9072	50.6329	22.9958
10.9705	89.0295	0	0
100	0	0	0
0	94.3038	3.3755	2.3207
6.5401	0	93.4599	0
6.3291	2.7426	4.4304	86.4979
0	0	100	0
56.3291	38.1857	2.9536	2.5316
12.4473	54.2194	21.308	12.0253
16.66668333	33.12236688	21.30797869	28.9029711
