>swissregulon__hs__NR2F1
0	0	2	11
1	0	12	0
12	0	1	0
6	7	0	0
0	13	0	0
0	3	0	10
0	2	0	11
1	0	0	12
2	0	11	0
6	4	3	0
6	5	1	1
1	10	1	1
3	6	0	4
0	3	3	7
>transfac_public__M00134
10	4	4	6
6	9	7	5
12	6	7	6
12	3	14	3
2	0	29	1
5	2	17	8
3	8	10	11
1	23	1	7
27	1	3	1
29	0	3	0
26	0	5	1
3	0	28	1
3	1	16	12
2	6	6	18
0	24	1	7
22	4	4	2
9	9	6	6
7	5	13	5
8	3	6	7
>transfac_public__M00411
5	3	8	2
7	2	9	1
1	0	18	0
2	0	15	2
4	3	6	6
0	19	0	0
19	0	0	0
19	0	0	0
19	0	0	0
0	0	19	0
0	1	12	6
1	4	2	12
1	16	0	2
13	0	6	0
2	6	5	5
>cisbp__M08224
8.454408454	3.963003963	79.78867979	7.793907794
9.247009247	7.265507266	73.18367318	10.3038103
11.0964111	10.7001107	16.24831625	61.95516196
6.340806341	75.69357569	10.83221083	7.133407133
83.22328322	9.247009247	2.906202906	4.623504624
66.0502	10.0396	19.9472	3.963
75.42937543	5.01980502	13.47421347	6.076606077
11.0964111	3.302503303	78.5997786	7.001307001
7.926007926	8.850708851	71.33427133	11.88901189
7.6618	14.9273	16.7768	60.6341
>cisbp__M09298
50.1394052	15.4739777	18.91263941	15.4739777
82.80669145	6.87732342	6.87732342	3.43866171
78.53159851	3.43866171	14.59107807	3.43866171
6.87732342	6.87732342	72.49070632	13.75464684
6.87732342	0	10.31598513	82.80669145
6.87732342	89.68401487	3.43866171	0
93.12267658	0	3.43866171	3.43866171
79.36802974	13.75464684	6.87732342	0
96.56133829	0	0	3.43866171
81.97026022	0	14.59107807	3.43866171
24.9070632	6.87732342	61.33828996	6.87732342
3.43866171	6.87732342	20.63197026	69.05204461
13.75464684	69.05204461	10.31598513	6.87732342
73.35037175	14.61431227	7.736988848	4.298327138
