>hocomoco__ZN232_HUMAN.H11MO.0.D
8	9	8	25
2	2	44	2
2	4	2	42
2	7	0	41
49	1	0	0
48	0	1	1
45	3	0	2
5	21	1	23
2	0	48	0
0	0	0	50
42	0	5	3
1	0	49	0
50	0	0	0
0	4	0	46
0	2	2	46
48	1	0	1
44	2	2	2
8	6	33	3
10	13	8	19
>cisbp__M06967
45.9954	25.6293	11.2128	17.1625
34.5538	26.5446	14.1876	24.714
3.6613	37.5286	12.357	46.4531
10.75511076	4.119004119	0.9153009153	84.21058421
94.96560503	0.6864993135	1.830698169	2.517197483
99.0847	0	0	0.9153
0.2288	98.627	0	1.1442
0	73.2265	0	26.7735
58.58125858	8.466808467	26.54462654	6.407306407
5.7208	16.7048	8.9245	68.6499
40.2746	0.6865	59.0389	0
20.595	4.3478	68.6499	6.4073
2.5172	12.8146	1.8307	82.8375
5.0343	19.9085	0	75.0572
64.07326407	6.865006865	15.56061556	13.5011135
65.6751	4.3478	11.6705	18.3066
43.9359	17.849	20.3661	17.849
42.3341	18.7643	5.7208	33.1808
19.222	33.6384	12.5858	34.5538
