>elemento__AGGAGCTG
100	0	0	0
0	0	100	0
0	0	100	0
100	0	0	0
0	0	100	0
0	100	0	0
0	0	0	100
0	0	100	0
>kznf__ZNF483_Imbeault2017_OM_RCADE
13.07529869	46.12969539	36.08789639	4.707109529
75.83682275	9.728032918	5.125521538	9.309622793
1.778240605	0.5230131778	97.17573304	0.5230131778
37.76149773	0.1046029937	62.02929628	0.1046029937
2.196650527	0.5230131255	96.75732322	0.5230131255
99.26778114	0.1046029801	0.1046029801	0.5230129006
0.9414226328	0.523012796	98.43096161	0.1046029592
0.1046029906	99.68619103	0.1046029906	0.1046029906
1.778240605	0.9414233201	0.1046030356	97.17573304
13.49370405	1.778240533	83.36822501	1.359830408
0.1046029937	95.50209427	0.5230129686	3.870289768
90.89959091	1.778239822	4.707109529	2.615059738
>kznf__ZNF483_Imbeault2017_RP_RCADE
31.8813	19.5076	33.1439	15.4672
19.002519	21.02272102	43.24494324	16.72981673
33.90148644	9.154036338	34.65908614	22.28539109
12.43689876	49.05299509	33.64899664	4.861109514
78.59849214	6.376259362	5.871209413	9.154039085
2.335860607	0.3156570821	97.03282523	0.3156570821
38.95199482	0.0631312916	60.41669196	0.5681819244
1.5782797	0.568181892	97.53788147	0.31565694
99.30555501	0.0631312714	0.315656857	0.315656857
0.06313128763	0.3156569381	99.55808049	0.06313128763
0.3156569381	99.55808049	0.06313128763	0.06313128763
1.830809061	1.830809061	0.06313126761	96.27525061
13.95199814	0.0631312916	85.41668864	0.5681819244
0.06313128655	94.50757987	1.073229771	4.356059072
91.7298	3.59848	3.34596	1.32576
