>cisbp__M01069
32.41541059	20.05811771	21.51249535	26.01397634
46.1198427	12.32023811	17.48325009	24.07666911
60.15817361	12.76845046	11.78676534	15.28661059
57.6688775	11.07530266	20.18051719	11.07530266
23.56781869	3.420826426	12.67817697	60.33317791
96.97703574	0.01093785257	1.355911886	1.656114517
2.478003451	2.132837336	0.9974564164	94.3917028
5.485688281	82.44592052	2.368229359	9.70016184
20.11711007	23.14018463	15.82467927	40.91802603
25.99697116	23.52303226	24.48302542	25.99697116
>cisbp__M01074
29.91793123	21.08280981	24.00970221	24.98955675
36.41697529	18.08413474	20.59472593	24.90416404
48.23387149	18.84149281	16.38000695	16.54462875
57.28808218	8.315261925	22.83039158	11.56626432
29.0815952	3.387545125	10.69852099	56.83233868
91.65013444	2.198946631	2.632617088	3.518301841
6.32508792	2.16955903	2.870608232	88.63474482
1.505869312	89.06534792	4.949914715	4.47886805
20.29884128	21.77067334	15.80875348	42.12173189
26.58802525	21.98721033	24.29962543	27.12513899
>cisbp__M01081
68.37539432	10.54153523	15.79915878	5.283911672
96.02272727	0.01959247649	3.938087774	0.01959247649
3.938087774	0.01959247649	0.01959247649	96.02272727
99.94122257	0.01959247649	0.01959247649	0.01959247649
0.01959247649	0.01959247649	0.01959247649	99.94122257
0.01959247649	99.94122257	0.01959247649	0.01959247649
4.781160799	14.29590866	4.781160799	76.14176974
34.60061444	11.55913978	19.23963134	34.60061444
>cisbp__M02330
45.44300951	12.0186427	20.41886039	22.1194874
57.58290175	15.5370218	13.37283859	13.50723786
61.81947048	8.535367143	22.51582446	7.129337918
19.3101707	1.272052753	7.850929533	71.56684701
98.65056494	0.1793500063	0.4280924766	0.7419925769
0.08596036942	0.5981768039	0.2156995289	99.1001633
1.438494958	95.92795091	0.01244541994	2.621108707
12.9797454	19.17083466	11.39745513	56.4519648
25.15592442	24.16954652	22.31130348	28.36322558
