>jaspar__MA0509.3
1186	8736	6799	2641
18	1	15535	0
0	6	3	15535
31	719	3	15535
3217	60	12318	559
1	12767	37	2768
1	14060	1	1475
15535	3	24	10
9	20	5	15535
1408	2	14127	1
2615	33	12920	1
535	10692	68	4843
13432	1	694	2103
15535	4	6	2
0	15535	0	18
2565	6622	8913	1238
>jaspar__MA0510.2
277	1075	790	490
90	0	2819	9
4	33	15	2902
47	98	10	2842
821	81	1675	142
3	2378	38	69
1	2118	7	725
2146	42	47	188
144	56	22	2872
760	11	2266	8
143	48	2664	0
139	1613	61	882
2166	10	99	46
2206	21	16	9
26	2379	12	67
462	890	905	286
>jaspar__MA0600.2
1381	5653	4042	2336
270	12	13942	8
28	38	14	13836
1990	888	14	12503
3948	237	8026	1175
12	13197	93	1459
2	12326	5	3386
9773	38	65	184
215	88	29	13479
3132	7	12113	2
2007	128	13075	3
1359	8298	354	4297
9266	26	958	1194
9876	14	25	16
7	14067	1	309
2415	3654	5451	1441
>jaspar__MA0798.3
57	1429	583	180
6	0	2249	0
0	6	3	2249
257	264	2	1992
820	20	1429	106
2	1859	15	389
0	2111	1	137
2249	3	3	7
8	5	6	2249
261	1	1987	0
506	14	1743	2
188	2249	21	102
2249	0	180	6
2249	2	6	0
1	2249	0	3
222	774	1174	80
>swissregulon__hs__RFX1
0.7185628743	0.7185628743	22.56287425	0
1.724550898	0	0	22.2754491
0	0	1.868263473	22.13173653
2.874251497	1.005988024	19.4011976	0.7185628743
0.7185628743	23.28143713	0	0
0	9.988023952	4.023952096	9.988023952
14.76646707	2.047904192	3.341317365	3.844311377
1.616766467	4.634730539	12.39520958	5.353293413
3.125748503	0.8982035928	19.79640719	0.1796407186
0	7.688622754	11.92814371	4.383233533
13.54491018	2.694610778	6.502994012	1.25748503
15.91616766	2.550898204	4.994011976	0.5389221557
>swissregulon__hs__RFX2
16.702876	113.980829	69.440383	64.796271
57.221573	70.343766	99.035725	38.319295
33.559802	0.964677	230.39588	0
5.909997	18.534079	20.688174	219.788109
40.233566	138.299229	3.991899	82.395665
78.781332	7.898323	159.635927	18.604777
0	246.151065	0	18.769294
2.941368	219.655377	5.812932	36.510682
203.168924	26.506288	14.741298	20.503849
15.566443	30.368241	3.922422	215.063253
49.134137	0	215.786222	0
1.929997	0	262.990362	0
38.177179	184.502717	11.642711	30.597752
255.07742	1.929997	6.918904	0.994038
261.010494	0	3.909865	0
0	263.925107	0	0.995252
78.29687	90.163157	78.709988	17.750344
87.498768	30.410158	131.299536	15.711897
>swissregulon__hs__RFX3
153	959	259	330
226	369	744	362
58	7	1617	19
20	60	48	1573
88	293	31	1289
209	105	1179	208
5	1539	9	148
2	1487	3	209
1344	129	85	143
143	85	145	1328
182	3	1514	2
151	9	1534	7
202	1179	104	216
1255	31	323	92
1557	43	75	26
19	1599	10	73
>swissregulon__mm__Rfx1
529	685	1510	1081
88	15	3698	4
19	323	84	3379
183	727	95	2800
407	285	2550	563
4	3538	23	240
4	3397	4	400
3147	266	118	274
308	137	304	3056
354	4	3443	4
251	27	3519	8
620	2280	361	544
2557	95	978	175
3211	179	373	42
>swissregulon__sacCer__RFX1
0	0	0	19.2
0	2.6	0	16.71
2.86	0.61	13.98	1.86
0	16.49	0.62	2.99
0	12.01	0	7.67
14.1	0	5.1	0
0.78	3.92	1.64	32.56
11.47	0.39	26.76	0.39
10.28	0.54	29.44	0
0	31.73	0.62	6.46
37.66	0	1.15	0
38.7	0	0	0
0.32	38.25	0.15	0
>hdpi__RFX3
0	5	0	0
3	1	0	1
1	0	0	4
1	0	4	0
0	0	5	0
0	4	1	0
5	0	0	0
5	0	0	0
0	5	0	0
>hocomoco__RFX1_HUMAN.H11MO.0.B
33	171	187	66
50	209	122	76
31	196	147	83
43	183	171	60
25	272	112	48
63	156	158	80
3	4	447	3
1	49	1	406
10	86	4	357
15	6	411	25
2	410	1	44
0	361	5	91
338	29	44	46
74	30	142	211
21	2	432	2
41	30	377	9
104	185	98	70
185	44	193	35
285	96	57	19
33	326	56	42
67	140	215	35
70	130	228	29
>hocomoco__RFX1_HUMAN.H11MO.1.B
50	132	161	157
4	2	494	0
0	6	3	491
13	38	2	447
37	8	410	45
0	472	1	27
0	329	0	171
388	16	26	70
98	13	158	231
20	3	475	2
75	55	347	23
>hocomoco__RFX2_HUMAN.H11MO.0.A
18	241	44	120
55	75	173	120
0	0	423	0
0	3	0	420
8	34	2	379
18	1	398	6
1	383	1	38
0	339	0	84
340	23	24	36
55	3	49	316
33	0	388	2
49	3	370	1
66	226	82	49
244	15	127	37
358	23	31	11
10	363	7	43
130	109	140	44
81	112	188	42
>hocomoco__RFX2_HUMAN.H11MO.1.A
20	281	79	120
38	106	188	168
2	0	497	1
0	1	0	499
10	19	3	468
17	6	460	17
1	466	1	32
1	375	0	124
395	30	22	53
62	19	92	327
35	2	462	1
75	19	404	2
>hocomoco__RFX2_MOUSE.H11MO.0.A
17	44	63	8
12	34	70	16
6	76	42	8
23	24	43	42
10	1	118	3
1	7	0	124
8	26	3	95
14	5	100	13
5	102	4	21
3	97	5	27
95	3	17	17
13	6	30	83
15	2	114	1
15	7	109	1
41	53	20	18
72	3	44	13
96	19	13	4
8	92	10	22
21	44	62	5
49	13	55	15
23	22	71	16
45	20	34	33
>hocomoco__RFX2_MOUSE.H11MO.1.A
44	180	213	63
4	0	495	1
1	4	1	494
5	39	4	452
58	1	404	37
1	461	0	38
0	365	1	134
384	19	43	54
77	28	130	265
26	2	465	7
60	42	394	4
>hocomoco__RFX3_HUMAN.H11MO.0.B
74	199	230	152
0	0	655	0
0	0	0	655
46	6	0	603
218	3	400	34
0	584	0	71
0	517	0	138
654	1	0	0
4	1	36	614
69	0	586	0
44	1	610	0
79	183	48	345
384	1	197	73
364	96	96	99
>hocomoco__RFX3_MOUSE.H11MO.0.C
9	203	77	61
16	97	170	67
0	0	350	0
0	13	1	336
6	24	1	319
16	5	310	19
0	322	1	27
0	293	0	57
273	9	23	45
44	7	51	248
20	0	330	0
33	2	315	0
79	147	63	61
177	12	150	11
294	27	24	5
10	299	5	36
>hocomoco__RFX3_MOUSE.H11MO.1.C
38	153	200	109
3	4	492	1
0	6	0	494
3	33	0	464
20	8	448	24
0	483	0	17
0	375	0	125
390	24	26	60
76	10	130	284
22	2	475	1
>hocomoco__RFX4_HUMAN.H11MO.0.D
317	1009	955	495
86	65	2559	66
13	31	22	2710
181	114	18	2463
280	23	2335	138
1	2112	28	635
0	2250	2	524
2443	56	129	148
140	48	216	2372
222	24	2528	2
267	93	2381	35
435	793	115	1433
1327	61	437	951
2365	193	100	118
258	1846	235	437
>hocomoco__RFX6_MOUSE.H11MO.1.C
73	45	208	174
13	6	478	3
23	103	24	350
30	7	12	451
35	17	406	42
2	481	8	9
4	238	0	258
263	33	140	64
72	0	308	120
5	3	491	1
179	82	162	77
171	61	141	127
286	58	99	57
111	280	61	48
>hocomoco__ZBT7B_HUMAN.H11MO.0.D
48	164	120	79
49	141	151	70
23	226	93	69
44	161	140	66
2	0	409	0
0	8	1	402
7	48	5	351
37	1	350	23
0	381	0	30
0	322	1	88
309	27	43	32
61	25	107	218
20	2	389	0
34	24	350	3
120	149	75	67
188	13	180	30
298	62	37	14
23	334	20	34
81	131	172	27
75	86	218	32
53	137	176	45
>taipale__RFX3_DBD_NGTTNCCATGGNAACN
2881	7618	6511	4635
3237	47	33147	184
368	699	338	25178
5844	3781	129	21627
7660	1093	13832	3320
46	15003	484	1462
1	14712	47	4144
18969	393	569	1490
1771	376	326	24231
8516	81	27877	2
6275	766	29307	34
2934	9365	969	5558
17869	110	3429	3611
19507	171	522	98
95	15778	26	842
4359	7051	9040	1611
>taipale__RFX4_DBD_NGTTNCCATGGNAACN
2196	4157	2887	2408
2259	17	15889	246
417	380	203	13637
6538	2705	121	10463
4222	464	6675	2315
3	9323	18	1626
1	8836	45	3472
10325	856	936	967
965	664	523	15458
2944	68	14990	1
4464	559	13778	107
1340	5757	98	3910
8911	127	1785	4986
9968	145	189	25
33	8784	11	304
2000	3460	5109	1853
>taipale__RFX5_DBD_SGTTRCCATRGCAACS
273	1034	814	471
83	2	2193	21
19	23	22	2199
67	88	17	2142
1022	81	1018	119
7	2022	40	65
2	1987	11	220
1901	33	54	109
89	36	18	2167
876	3	1246	0
121	40	2095	0
117	1880	57	353
1947	2	62	20
1964	24	10	4
15	2049	9	38
454	861	913	279
>taipale__Rfx2_DBD_NGTTRCCATGGYAACN
1103	4786	2882	2104
604	6	11673	24
70	182	51	10915
2367	1237	69	9651
3388	289	5670	1248
11	10917	107	1337
6	10427	23	2876
7001	80	118	249
281	145	81	10544
3125	19	10184	8
1944	211	10771	24
1337	6433	341	3745
6681	82	1033	1702
7247	55	88	50
25	10781	6	404
1609	3873	3768	1188
>taipale__Rfx3_DBD_NGTTNCCATGGNAACN
121	526	558	146
4	3	2106	0
1	3	2	1682
149	33	2	1483
460	11	1122	80
0	917	5	113
1	892	0	162
1111	0	7	13
10	5	3	1725
300	0	1680	0
173	0	1854	2
54	692	12	392
1116	1	54	44
1135	1	0	3
0	988	2	20
201	350	912	94
>nitta__Rfx_TGTCTG40NAGG_KK_NGTTRCCATGGYAACN_m2_c2
3092	8851	5347	5273
2645	100	21776	175
370	1297	554	23543
7619	6152	375	20988
8872	1319	12806	3558
177	20460	1331	6250
12	20487	307	7704
22931	353	1133	1935
1902	1151	376	22986
7743	317	20517	10
6162	1373	20453	182
3386	12698	1344	8986
20872	459	6025	7650
23580	548	1264	410
148	21727	99	2625
5258	5129	9032	3139
>nitta__Rfx_TGTGAA40NTAC_KK_NGTTRCCATGGYAACN_m2_c2
773	2465	1673	1337
451	11	6380	11
50	133	45	6708
1821	1133	26	5893
2483	251	3655	874
17	5799	230	1563
2	5848	29	1885
6555	35	141	286
283	135	30	6566
1860	39	5838	1
1583	231	5769	17
928	3840	247	2316
5929	41	1172	1783
6706	58	123	37
3	6410	6	417
1349	1666	2449	770
>taipale_cyt_meth__RFX1_NGTTRCCATGGYAACN_eDBD
1703	7837	4045	3366
131	0	16951	0
0	49	10	16951
4180	1805	0	16951
6278	337	10673	1456
9	16951	413	6246
0	16951	0	3444
16951	3	242	68
95	235	16	16951
3448	3	16951	0
6214	457	16951	0
1383	10698	310	6253
16951	14	1795	4260
16951	8	47	2
0	16951	1	115
3390	3986	7840	1735
>taipale_cyt_meth__RFX1_NGTTRCCATGGYAACN_eDBD_meth
1564	6736	3105	3408
201	0	14813	5
0	32	2	14813
4411	2485	2	14813
6230	268	8584	1799
8	14813	363	6105
0	14813	2	3770
14813	5	1592	62
80	1651	0	14813
3787	2	14813	0
6136	338	14813	0
1815	8498	288	6316
14813	2	2478	4427
14813	17	20	0
0	14813	0	179
3411	3163	6634	1606
>taipale_cyt_meth__RFX2_NGTTRCCATGGYAACN_eDBD_meth
2212	9102	5204	3966
106	4	20483	1
11	42	15	20483
4912	3672	27	20483
8000	333	12483	3266
7	20483	308	6743
3	20483	5	5059
20483	9	4994	116
117	5077	10	20483
5077	7	20483	2
6614	303	20483	9
3309	12507	354	7976
20483	20	3614	5012
20483	20	37	14
7	20483	5	111
3995	5087	9174	2227
>taipale_cyt_meth__RFX2_NGTTRCCATGGYAACN_eDBD_repr
2037	5002	3488	2960
738	0	13486	10
24	418	70	13486
5529	3752	88	13486
5513	1174	7974	2970
35	13486	1393	5766
1	13486	49	6403
13486	113	780	821
763	762	108	13486
6356	48	13486	1
5753	1404	13486	37
2902	7870	1176	5617
13486	126	3716	5599
13486	93	369	8
3	13486	5	785
3007	3499	4997	1983
>taipale_cyt_meth__RFX3_NGTTGCCATGGCAACN_eDBD
1983	5763	4109	2934
208	2	14789	9
12	81	33	14789
418	1626	1	14789
8191	862	14789	3332
16	14789	900	8432
0	14789	20	5524
14789	50	224	308
385	287	65	14789
5555	19	14789	0
8346	964	14789	9
3291	14789	861	8660
14789	18	1690	413
14789	16	102	9
3	14789	1	252
2977	4097	5701	2014
>taipale_cyt_meth__RFX3_NGTTGCCATGGCAACN_eDBD_meth
1102	3931	2724	1880
90	2	9636	1
6	46	8	9636
178	3125	7	9636
5769	489	9636	2200
7	9636	455	5421
0	9636	0	3230
9636	1	2824	130
121	2777	26	9636
3288	2	9636	0
5592	473	9636	5
2124	9636	434	5890
9636	4	3116	158
9636	11	25	4
4	9636	0	117
1901	2524	4092	1120
>taipale_cyt_meth__RFX4_NGTTRCCATGGYAACN_eDBD
3995	19489	10096	7585
93	0	41165	0
0	0	0	41165
12883	3100	0	41165
11747	364	29418	3530
0	41165	87	14631
0	41165	0	7246
41165	0	631	0
162	738	0	41165
7536	0	41165	2
14872	87	41165	0
3474	29632	468	11533
41165	0	2921	12962
41165	0	0	0
0	41165	0	182
7649	10299	19109	4107
>taipale_cyt_meth__RFX4_NGTTRCCATGGYAACN_eDBD_meth
964	5326	2727	2221
0	0	11238	0
0	0	0	11238
4399	1123	0	11238
3474	18	7764	1064
0	11238	0	4176
0	11238	0	2096
11238	0	1040	0
0	997	0	11238
1929	2	11238	0
4336	0	11238	0
1076	7643	30	3595
11238	0	1292	4384
11238	0	0	0
0	11238	0	0
2154	2680	5392	1012
>dbtfbs__RFX1_representative_N1
0	0	495	0
0	6	0	489
9	50	1	435
53	0	417	25
0	457	0	38
0	345	0	150
416	13	37	29
61	14	112	308
19	0	476	0
52	49	392	2
145	175	74	101
256	14	173	52
>dbtfbs__RFX3_HepG2_ENCSR633OVO_merged_N1
3	0	495	1
0	9	0	490
5	60	0	434
33	7	443	16
0	466	0	33
0	367	1	131
391	24	45	39
78	15	126	280
18	2	478	1
72	31	391	5
124	192	118	65
270	23	173	33
352	85	46	16
27	374	41	57
84	154	200	61
84	124	264	27
>transfac_public__M00281
5	5	6	8
10	4	8	6
6	4	22	0
3	2	7	20
11	10	2	9
13	1	17	1
3	25	1	3
4	14	7	7
9	3	2	2
4	2	0	10
11	3	17	1
0	0	32	0
3	16	3	10
30	0	1	1
32	0	0	0
0	32	0	0
11	9	7	4
11	3	5	10
>homer__GGTTGCCATGGCAA_X-box
16.98301698	7.092907093	46.95304695	28.97102897
3.6	1.8	92.1	2.5
0.9	5.1	1.6	92.4
5.5	5.7	2.3	86.5
13.9	5.7	59.1	21.3
0.4995004995	86.21378621	2.497502498	10.78921079
0.7	86.9	0.1	12.3
87.01298701	5.294705295	1.098901099	6.593406593
7.3	1.2	6.3	85.2
12.01201201	0.1001001001	87.58758759	0.3003003003
9.6	2.7	87.3	0.4
21.9	54.1	7.6	16.4
78.9	2.4	12.6	6.1
89.2	3.1	5.4	2.3
>homer__GTTGCCATGGCAACM_Rfx2
4.9	0.3	94.2	0.6
0.5	4.1	1.9	93.5
3.7	20.2	1.1	75
12.5	6.2	65.4	15.9
0.1	91.6	0.4	7.9
0.1	88.4	0.1	11.4
81	7.5	5.2	6.3
6.6	5.5	7.1	80.8
11.9	0.1	87.9	0.1
8.3	0.3	91.2	0.2
15.6	64.9	6.3	13.2
74.3	1	20.4	4.3
93.3	2.1	4.1	0.5
0.5	94.3	0.4	4.8
25.4	38.7	23.4	12.5
>yetfasco__YLR176C_1478
8.8	6.6	63.7	20.9
6.2	6.4	85.1	2.3
3	11.3	5.2	80.5
23.9	4.8	6.2	65.1
20.02002002	12.71271271	62.46246246	4.804804805
0.7007007007	75.27527528	1.201201201	22.82282282
3.8	70.2	5.4	20.6
64.6	5.5	20.7	9.2
2.7	19	6	72.3
22.3	2.9	71.8	3
21.5	19.9	53.5	5.1
8.4	66	2.2	23.4
61.66166166	10.91091091	24.02402402	3.403403403
87.1	1.3	10.2	1.4
8.3	74.9	10.9	5.9
7.8	18.1	69.4	4.7
>scertf__macisaac.RFX1
2	7	87	2
5	0	0	94
11	10	5	72
8	6	80	5
0	41	7	51
5	81	0	13
88	7	3	0
3	3	10	82
26	0	64	8
1	2	88	7
11	45	11	31
75	0	14	10
87	2	5	5
10	63	7	18
>cisbp__M00186
7.196861465	2.755627057	87.67572129	2.371790188
4.375058758	6.208503907	8.29721528	81.11922205
26.38280371	19.5448617	3.534996904	50.53733768
27.76574022	5.021872613	47.64620074	19.56618643
4.053498101	62.15182839	6.42104089	27.37363261
2.773533802	45.15595873	9.116830836	42.95367663
57.93585587	13.59003041	15.01930638	13.45480734
26.85954048	15.65235027	26.59228359	30.89582566
10.85907754	16.86096809	65.6935909	6.586363467
16.9606118	26.33486438	36.99910425	19.70541957
>cisbp__M00823
5.933668159	0.06207838607	92.81818668	1.186066771
1.875954779	3.35052733	3.931880245	90.84163765
14.91507425	18.58532695	2.275892757	64.22370605
26.752299	2.047501796	56.07109357	15.12910563
4.869276047	71.73259665	5.170375261	18.22775204
6.078810065	30.71677627	8.888950279	54.31546339
62.30334039	3.640114156	27.9946954	6.061850052
22.79305027	16.55115151	29.26685587	31.38894236
10.72704916	16.99243951	61.11568298	11.16482834
12.03783721	28.16428792	34.05765383	25.74022104
>cisbp__M02447
5.289165799	0.08338061258	94.2226444	0.4048091895
1.243549354	2.479283664	1.836698513	94.44046847
19.78902727	18.08580915	0.8651326826	61.26003089
25.42164225	2.128890322	60.07542572	12.37404171
2.099591863	76.84135521	3.567064451	17.49198848
0.9507317232	42.07596367	5.581606531	51.39169808
81.8276006	4.156255725	6.518306499	7.497837178
32.70879759	12.64983386	27.32068428	27.32068428
7.787224644	11.61717405	75.37566853	5.219932782
18.24130107	20.15975545	44.4199331	17.17901039
>cisbp__M02451
9.909677225	0.2151352837	87.66403962	2.211147867
3.115482093	4.163615907	3.921145793	88.79975621
20.03981396	23.51693954	1.969384374	54.47386213
26.53060693	3.626612603	53.42608153	16.41669894
4.93599145	69.16905317	6.274874937	19.62008044
3.264178711	46.6656425	9.90468807	40.16549072
66.47502068	7.97910499	11.43668588	14.10918845
27.90052736	15.15977579	27.90052736	29.03916948
12.0723615	13.07783309	66.08347173	8.766333679
20.37224177	20.16953458	41.02465701	18.43356664
>cisbp__M02453
6.458061623	0.2968077118	92.32631594	0.918814722
2.39681559	4.591198121	4.411174668	88.60081162
22.32715977	21.0269272	2.817370109	53.82854292
25.62516191	3.645796121	52.12135532	18.60768665
3.517213043	70.64511241	5.798903957	20.03877059
2.256375761	43.54347568	8.879629918	45.32051864
72.50501499	5.892354907	10.3155837	11.2870464
32.39447046	15.61118655	25.9971715	25.9971715
13.92593258	16.01863538	61.17586538	8.879566654
16.78260594	26.05847338	36.24650595	20.91241474
>cisbp__M02750
0.9100101112	0.1011122346	98.68554095	0.3033367037
0	0.1023541453	0	99.89764585
0.396432111	2.874132805	0	96.72943508
36.48157758	1.816294759	50.6486767	11.05345096
0	73.05389222	0.374251497	26.57185629
0.06920415225	67.5432526	0.1384083045	32.24913495
97.6976977	0.5005005005	0.3003003003	1.501501501
1.996007984	0.2994011976	0.2994011976	97.40518962
17.43892165	0.08424599832	82.22409436	0.2527379949
12.01793722	0.4484304933	87.53363229	0
>cisbp__M05888
13.2	29.1	31.2	26.5
6.106106106	0.1001001001	93.39339339	0.4004004004
0.4	2	1.1	96.5
12.3	11.5	2.3	73.9
26.17382617	2.497502498	61.93806194	9.390609391
0.6006006006	76.57657658	2.702702703	20.12012012
0.1	74.2	0.6	25.1
79.3	4.1	4.8	11.8
13.4	5.4	8	73.2
19.51951952	1.101101101	79.27927928	0.1001001001
8.4	2.5	87.9	1.2
23.1	30.1	8.3	38.5
41.4	4.3	29.9	24.4
72.92707293	10.08991009	8.991008991	7.992007992
4.6	66.6	3.6	25.2
>cisbp__M08181
0	32.9545	42.0455	25
0	0	100	0
0	1.1364	0	98.8636
3.4091	12.5	1.1364	82.9545
4.5455	0	94.3181	1.1364
0	86.3636	0	13.6364
0	86.3636	0	13.6364
71.5909	6.8182	13.6364	7.9545
11.3636	6.8182	20.4545	61.3637
4.5455	0	95.4545	0
12.5	2.2727	85.2273	0
28.4091	52.2727	9.0909	10.2273
38.6364	0	54.5454	6.8182
78.4091	9.0909	6.8182	5.6818
0	86.3637	2.2727	11.3636
