>jaspar__MA0069.1
2	4	4	33
2	2	0	39
4	26	1	12
39	2	1	1
3	34	1	5
1	0	41	1
1	37	4	1
21	2	2	18
1	4	1	37
2	14	25	2
36	0	6	1
11	11	13	8
1	5	3	34
1	0	17	25
>jaspar__MA0779.1
314	3157	1423	327
3	0	5266	79
234	80	0	4396
3	4490	1	475
3574	213	2	0
2	4489	0	651
3	2	5304	3
0	4404	1017	0
2215	81	43	1529
11	425	2	4290
1	1769	4652	54
3579	2	595	0
824	1629	1230	744
74	612	32	4185
849	11	4289	880
1453	2561	1147	0
2643	2136	780	1290
>jaspar__MA0781.1
154	2410	1176	244
0	0	3811	10
67	13	6	3107
0	3775	0	171
3241	71	2	1
0	3860	0	267
0	0	3945	0
0	3695	727	0
1840	83	13	1141
1	68	0	3188
3	1412	3552	3
3083	0	468	0
622	1423	962	444
6	207	0	3132
142	8	3608	251
1249	2390	471	0
2184	1334	644	852
>jaspar__MA1461.1
187	314	238	259
2	273	444	279
58	734	4	202
644	15	312	26
152	284	383	179
1	323	5	669
2	640	356	1
934	2	59	4
375	29	68	526
1	129	868	1
1	982	3	12
106	1	890	1
4	2	8	983
128	1	868	1
945	2	13	38
25	971	2	1
71	213	669	45
>swissregulon__hs__PAX6
2.654192	6.930284	0.776444	77.616024
0.993607	9.944471	0	77.038866
1.813528	58.832681	1.741191	25.589544
80.889772	5.313281	0.814099	0.959792
7.52337	50.76704	3.581871	26.104663
6.182982	0	76.433509	5.360453
0.933596	68.899241	16.398784	1.745323
26.846212	6.20959	0.827447	54.093695
3.279246	5.070086	4.962172	74.66544
5.327092	24.28379	54.198329	4.167733
66.927332	0.956	19.198361	0.895251
14.798762	20.586155	16.838505	35.753522
0	10.890567	1.634667	75.45171
2.482699	0.860576	26.254447	58.379222
>swissregulon__mm__Pax6
289	166	354	887
134	102	77	1024
396	28	79	930
40	927	21	327
1044	206	45	16
0	1411	2	122
13	0	1363	1
1	1410	99	0
617	65	3	447
9	63	0	1101
3	359	1334	7
1015	0	220	0
336	440	281	173
7	84	7	1054
168	2	1238	75
574	586	148	1
486	111	357	214
26	829	8	438
457	217	66	374
>flyfactorsurvey__Poxm_SOLEXA_5_FBgn0003129
280	248	123	1915
88	1929	81	468
2186	158	83	139
8	1563	45	950
53	22	2491	0
19	1166	1371	10
341	381	475	1369
245	624	327	1370
352	566	1103	545
950	281	840	495
468	554	704	840
215	368	635	1348
259	296	1278	733
475	835	698	558
588	558	554	866
366	570	653	977
524	541	608	893
412	678	637	783
406	499	854	713
>flyfactorsurvey__ey_SOLEXA_5_FBgn0005558
18	167	34	137
223	46	152	200
19	242	83	298
23	174	263	182
21	27	444	150
57	12	63	509
47	25	567	3
20	165	20	437
1	131	379	131
13	537	3	89
407	2	231	2
33	99	173	336
1	59	14	565
8	282	337	15
322	0	300	18
217	34	197	192
8	66	545	21
7	304	11	317
28	5	592	15
27	13	151	445
227	10	357	38
462	71	45	57
359	52	166	61
184	93	200	158
122	112	242	160
>hocomoco__PAX2_HUMAN.H11MO.0.D
12	9	20	9
17	14	3	16
3	8	13	26
9	23	9	9
27	8	10	5
10	9	22	9
0	8	1	41
4	29	15	2
41	2	7	0
8	13	5	24
11	3	29	7
13	26	6	5
10	5	25	10
3	12	0	35
4	5	41	0
39	0	2	9
3	31	0	16
26	2	7	15
>hocomoco__PAX5_HUMAN.H11MO.0.A
27	57	102	16
26	101	38	37
30	84	67	21
41	11	52	98
40	9	152	1
32	28	109	33
5	24	126	47
7	177	12	6
158	7	33	4
78	23	94	7
7	148	26	21
83	54	56	9
63	4	125	10
138	8	33	23
7	33	156	6
2	158	9	33
44	7	145	6
65	6	32	99
35	6	160	1
164	7	21	10
24	162	6	10
>hocomoco__PAX5_MOUSE.H11MO.0.A
142	121	201	36
156	54	154	136
173	23	293	11
150	101	175	74
2	114	243	141
39	380	14	67
376	40	64	20
82	106	268	44
12	269	66	153
86	240	155	19
290	18	183	9
262	26	114	98
2	138	356	4
7	409	16	68
137	17	333	13
62	36	115	287
123	13	351	13
332	16	109	43
111	339	30	20
>hocomoco__PAX6_HUMAN.H11MO.0.C
62	16	37	385
11	171	19	299
208	234	25	33
22	283	20	175
143	35	303	19
5	402	83	10
129	68	9	294
14	38	9	439
7	204	284	5
355	8	118	19
73	179	144	104
33	47	16	404
>taipale__PAX2_DBD_NGTCACGCWTSRNTGNNY
553	2602	1602	589
27	7	5776	248
423	177	19	4588
25	5189	9	1071
4992	380	67	44
91	5049	23	732
80	7	4936	7
3	4860	1568	2
2069	275	157	2943
39	1045	0	4339
15	2204	3302	173
3970	6	1340	1
734	1674	1620	1135
69	867	50	4436
1450	10	4900	112
2051	2167	984	7
1193	1029	1288	1525
31	3254	103	2118
>taipale__PAX5_DBD_NGTCACGCWTSRNTGNNY
400	1223	962	544
61	39	2973	433
469	320	76	2815
103	3005	21	1045
3249	256	171	120
45	3206	16	741
242	21	2971	5
13	3036	1258	18
1580	300	249	1273
82	848	5	2637
22	1432	1803	109
2228	21	1025	7
678	849	901	683
122	646	110	2553
1106	39	2849	207
1050	1521	760	27
786	511	813	895
96	1589	210	1337
>nitta__PAX4_TCGGGG20NGA_KG_SGTCACGCATSRNTG_m2_c3
317	2472	936	299
3	3	2908	155
181	87	2	3147
23	4168	0	803
3820	129	33	22
1	4360	0	470
38	0	2874	10
0	4291	804	1
3055	170	91	2158
36	437	3	3111
2	1187	2092	19
2382	5	1083	0
614	1093	1111	597
46	680	47	2830
728	8	2772	101
>nitta__Poxm_TATACT20NCAG_KG_GTTCACGCATGANTN_m1_c3
38	513	105	265
3	1	2891	105
0	0	4	105
1	105	0	8
105	0	0	0
1	105	1	6
0	0	105	0
0	105	3	0
105	0	0	67
0	2	0	105
0	12	105	0
105	0	6	0
10	44	35	16
0	7	1	105
5	0	85	15
>nitta__Poxm_TGACAG20NGA_KH_NGTCACGCATGNN_m1_c3
96	533	253	106
84	32	988	188
209	194	58	988
85	988	79	418
988	15	63	28
110	988	29	443
38	30	988	30
8	988	178	5
988	167	168	515
54	206	9	988
58	710	988	81
543	65	350	31
185	367	206	229
>nitta__toy_TACTAT20NATC_KH_TTYACGCWTGANTGMRCAN_m2_c3
614	520	641	1660
413	64	265	1706
124	1013	11	764
1636	398	49	23
1	1800	0	202
40	0	1870	1
4	1863	237	3
927	102	62	673
9	105	1	1837
12	864	1748	3
1606	6	317	5
462	400	726	212
42	298	7	1821
401	1	1770	142
563	1246	251	3
1095	163	619	129
6	1796	36	411
1514	483	522	631
323	843	277	320
>nitta__toy_TGTGAT40NGCA_KK_TTYACGCWTGANTGMRCAN_m2_c3
83	97	42	691
33	3	26	754
11	414	2	229
725	68	3	3
3	597	3	11
1	2	774	0
2	592	20	0
461	11	6	309
2	13	1	777
2	101	711	0
768	3	30	1
89	346	156	48
3	56	11	740
64	2	725	13
244	391	62	4
572	40	167	24
2	604	0	93
629	101	33	84
82	349	108	115
>taipale_cyt_meth__PAX2_NSGTCACGCWTSANYGNNYN_eDBD
121	189	98	92
52	357	143	64
32	0	499	93
117	134	23	499
42	499	13	162
499	11	47	11
11	499	11	154
42	19	499	5
2	499	150	4
299	112	107	201
77	425	12	499
7	244	255	14
499	33	303	13
109	185	137	69
47	253	50	246
221	42	499	64
107	258	105	29
117	154	130	99
50	330	99	170
152	138	117	93
>taipale_cyt_meth__PAX2_NSGTCACGCWTSANYGNNYN_eDBD_meth
1858	2776	1752	3044
1134	5696	3734	1198
0	23	9429	155
388	70	11	9429
199	9429	46	1949
9429	50	794	22
0	9429	23	1275
115	22	9429	0
13	9429	2359	0
5035	759	57	4394
103	2256	8	9429
30	3614	5815	21
9429	16	3053	22
2004	2921	2371	2133
157	4212	119	5217
2295	32	9429	139
3515	3964	1880	71
3260	1931	1433	2805
22	6122	232	3307
3468	1991	1902	2069
>taipale_cyt_meth__PAX4_NATTTCACGCWTSANYGNNYN_eDBD
12	21	19	9
61	9	16	6
8	16	10	61
11	13	5	61
23	0	0	61
17	61	0	25
61	0	0	0
0	61	0	12
7	1	61	0
0	61	14	2
32	10	6	29
2	16	2	61
7	32	29	7
61	3	26	6
23	12	16	10
8	30	0	31
17	10	61	5
14	26	9	12
18	10	21	12
4	41	6	20
24	17	13	6
>taipale_cyt_meth__PAX4_NATTTCACGCWTSANYGNNYN_eDBD_meth_repr
222	128	274	59
684	97	68	93
55	92	78	684
12	28	24	684
285	4	12	684
181	684	1	261
684	3	155	2
2	684	1	158
26	1	684	0
1	684	137	0
380	87	65	304
36	154	1	684
16	329	354	23
684	24	253	10
246	178	141	120
20	336	23	348
188	27	684	200
255	273	105	51
326	121	138	98
27	466	32	218
290	162	98	134
>taipale_cyt_meth__PAX4_NTYACGCWTSANYGNNYN_eDBD
220	262	140	442
186	130	175	1064
129	666	14	398
1064	259	17	4
0	1064	0	104
36	7	1064	1
0	1064	189	9
583	127	114	481
54	382	16	1064
35	475	589	31
1064	7	390	6
352	324	245	143
99	461	23	603
249	38	1064	300
261	651	109	43
408	167	378	111
66	684	45	380
398	279	174	213
>taipale_cyt_meth__PAX4_NTYACGCWTSANYGNNYN_eDBD_meth
1424	961	703	3882
1189	166	1636	6970
1214	3223	30	3747
6970	1990	628	147
11	6970	7	659
125	5	6970	3
0	6970	1034	11
3608	631	305	3362
166	1469	8	6970
125	2526	4444	102
6970	69	1561	21
2545	1771	1515	1139
232	3442	89	3528
1312	137	6970	1670
2506	3386	924	155
4018	902	1108	942
339	4866	231	2104
3323	875	1031	1741
>taipale_cyt_meth__PAX6_NYACGCNTSANYGNNYN_FL
951	642	1051	1407
617	2386	216	1665
4051	834	1048	557
128	4051	45	1207
419	49	4051	23
152	4051	1213	124
1490	695	852	1014
404	1503	52	4051
118	1954	2097	160
4051	438	2095	81
989	1321	921	820
277	1643	251	2408
1481	182	4051	846
989	2253	681	128
1179	734	1548	590
400	2517	514	1534
1329	910	1025	787
>taipale_cyt_meth__PAX6_NYACGCNTSANYGNNYN_eDBD
711	638	956	1619
443	2377	165	1547
3924	599	731	487
99	3924	61	1045
280	38	3924	0
66	3924	920	115
1733	728	457	1006
233	1425	8	3924
118	1678	2246	132
3924	312	1613	74
876	1437	885	726
206	1440	166	2484
1297	111	3924	599
1014	2256	574	79
1290	802	1287	544
181	2475	314	1449
1287	1051	766	820
>taipale_cyt_meth__PAX6_NYACGCNTSANYGNNYN_eDBD_meth_repr
1518	719	1717	3848
1024	4262	244	3540
7802	1630	1962	772
121	7802	63	2097
660	72	7802	1
103	7802	1676	107
3799	992	848	2163
486	2046	54	7802
160	3083	4719	184
7802	347	2476	134
2057	2482	1883	1379
349	3751	290	4050
2479	173	7802	1171
2846	3532	1225	199
3653	1327	1428	1394
428	5456	632	2346
3076	1495	1633	1597
>taipale_cyt_meth__PAX6_NYACGCNYSANYGMNYN_FL_meth
480	332	486	996
291	1399	86	895
2294	431	508	216
16	2294	29	596
252	19	2294	0
75	2294	455	57
825	504	263	702
147	793	38	1500
72	1379	915	186
2294	152	789	20
494	878	389	532
140	1135	42	1159
763	0	2294	307
814	1480	417	45
1083	597	285	328
80	1624	132	670
707	675	411	501
>taipale_cyt_meth__PAX8_NSGTCACGCWTSANYGNNYN_FL
1290	2872	1493	2132
674	5749	2039	786
41	18	7788	461
888	1164	20	7788
40	7788	31	1642
7788	17	148	95
17	7788	4	1283
156	10	7788	0
9	7788	2490	2
3902	979	489	3886
137	3301	2	7788
15	3253	4534	35
7788	43	3680	16
1487	2791	2034	1475
392	2906	266	4882
3092	54	7788	552
2273	3758	1701	56
1733	2028	2279	1747
251	4595	611	3193
2265	2279	1407	1837
>taipale_cyt_meth__PAX8_NSGTCRCGCWTSANYGNNYN_FL_meth
780	1251	720	1424
770	2085	2090	816
18	14	4175	412
584	110	29	4175
82	4175	4	751
2531	4	1645	44
19	4175	6	637
69	6	4175	2
9	4175	1445	2
1988	428	112	2187
47	935	11	4175
14	1533	2642	21
4175	8	1118	8
874	1275	1152	874
69	2313	38	1862
947	24	4175	105
1817	1433	908	17
1366	862	647	1299
67	2601	122	1574
1391	833	1018	933
>dbtfbs__PAX5_representative_N1
32	87	17	294
3	297	6	124
281	91	19	39
10	286	10	124
58	6	366	0
3	311	116	0
86	82	28	234
5	163	10	252
8	137	221	64
110	54	258	8
52	242	81	55
17	71	23	319
61	3	355	11
112	203	115	0
92	145	88	105
9	268	26	127
>transfac_public__M00097
15	7	6	10
21	9	3	10
10	9	10	18
8	14	9	16
3	2	4	38
2	0	1	44
3	29	1	14
40	5	1	1
3	39	0	5
1	0	44	2
1	36	7	2
23	2	1	21
1	4	0	42
2	13	26	3
40	1	6	0
14	11	15	7
2	4	3	37
1	0	20	25
13	17	9	4
14	8	4	6
4	12	3	9
>transfac_public__M00143
0	2	2	3
1	5	0	1
1	2	3	1
3	1	1	2
2	1	3	1
3	0	4	0
1	3	2	1
0	1	4	2
0	7	0	0
7	0	0	0
2	2	2	1
0	2	2	3
0	1	6	0
3	1	1	2
2	0	1	4
0	0	7	0
2	3	1	1
3	0	4	0
1	0	2	4
4	1	2	0
1	1	5	0
2	5	0	0
1	3	3	0
2	0	4	1
1	4	2	0
2	3	0	2
1	3	2	1
0	3	2	2
>homer__GCAGCCAAGCGTGACC_PAX5
0.2	23.4	46.2	30.2
3.696303696	88.91108891	0.0999000999	7.292707293
85.6	2.5	7.3	4.6
8.9	20.2	60.5	10.4
0.2	56.9	12.7	30.2
11.6	59.8	26.2	2.4
71.07107107	1.201201201	26.42642643	1.301301301
50.9	3.3	19.4	26.4
0.1998001998	27.07292707	72.62737263	0.0999000999
0.1	88.3	1.5	10.1
45.3	3.3	46.6	4.8
3	2.2	11.4	83.4
15.9	1.1	82.7	0.3
66.4	8.1	18.8	6.7
24.42442442	70.07007007	3.803803804	1.701701702
22.7	36.4	17	23.9
>homer__GTCATGCHTGRCTGS_Pax8
4.5	10.7	61	23.8
9.2	28.1	14.4	48.3
0.1	85.7	2	12.2
66.2	19.9	2.6	11.3
8.3	31.4	10.9	49.4
10.8	1.9	87.2	0.1
0.1	67.6	32.2	0.1
29.07092907	34.26573427	5.394605395	31.26873127
4.9	2.7	0.1	92.3
0.1	24	75.8	0.1
41.54154154	17.11711712	41.24124124	0.1001001001
8.2	70.4	17.7	3.7
5.4	0.1	0.1	94.4
0.3	0.1	92.9	6.7
27.5	43.6	28.8	0.1
>homer__NGTGTTCAVTSAAGCGKAAA_PAX6
19.6	26.4	25.4	28.6
20.6	23.4	42	14
26.4	5.9	24.7	43
31.6	1.9	65.5	1
15.7	23.4	21.8	39.1
0.1	18.5	30.5	50.9
11.7	66.7	0.1	21.5
86.3	0.1	11.7	1.9
23.4	36.4	28.4	11.8
0.1	18.5	0.1	81.3
0.1	55.7	42.3	1.9
81.1	0.1	18.7	0.1
52	0.1	16.6	31.3
0.1	17.5	82.3	0.1
0.1	74.6	0.9	24.4
34.2	0.1	60.9	4.8
4.9	6.8	46.2	42.1
65.7	0.1	30.3	3.9
75.6	16.6	1	6.8
50.1	13.7	27.4	8.8
>cisbp__M07996
0	23.05297695	47.97505202	28.97197103
0	92.2118	0	7.7882
84.73511526	3.115296885	6.853593146	5.295994704
10.5919	17.134	61.3707	10.9034
3.1153	60.1246	12.7726	23.9875
14.6417	45.4829	36.1371	3.7383
57.00935701	2.492202492	40.4984405	0
52.9595	3.7383	20.8723	22.4299
0	28.3489	71.6511	0
3.1153	76.947	2.1807	17.757
29.595	2.1807	64.7975	3.4268
9.0343	1.2461	19.0031	70.7165
25.2336	2.1807	72.5857	0
68.84733115	5.607494393	16.51088349	9.034290966
16.5109	76.324	5.919	1.2461
>cisbp__M07997
3.7333	81.8667	0.2667	14.1333
77.86662213	3.466696533	11.999988	6.666693333
11.999988	19.46668053	56.26664373	12.26668773
1.333301333	58.13335813	11.2000112	29.33332933
10.66668933	50.66664933	36.26666373	2.3999976
64.53336453	2.133302133	32.8000328	0.5333005333
55.7333	5.3333	17.8667	21.0667
0	30.1333	69.8667	0
0	82.4	1.6	16
33.33333333	2.4000024	61.33336133	2.933302933
9.3333	4.5333	21.0667	65.0667
30.6667	1.0667	66.1333	2.1333
70.4	5.3333	17.8667	6.4
22.3999776	73.86662613	1.066698933	2.666697333
20	38.4	22.9333	18.6667
>cisbp__M07998
0	29.274	50.5855	20.1405
3.7471	87.822	2.1077	6.3232
68.6183	9.6019	16.3934	5.3864
9.133490867	18.96958103	65.80793419	6.088993911
0.4684	64.637	11.7096	23.185
11.7096	46.37	39.3443	2.5761
49.4145	1.171	47.541	1.8735
56.2061	9.1335	19.6721	14.9883
0	32.3185	66.7447	0.9368
0	88.2904	0.9368	10.7728
17.5644	2.1077	77.5176	2.8103
7.0258	11.7096	25.9953	55.2693
31.1475	0	68.1499	0.7026
61.82663817	4.215495785	27.4004726	6.557393443
17.33021733	76.34667635	4.44960445	1.873501874
>cisbp__M08227
0	19.5804	52.4476	27.972
4.1958	88.8112	0	6.993
80.4196	4.8951	10.4895	4.1958
13.2867	15.3846	58.7413	12.5874
2.0979	60.8392	10.4895	26.5734
10.48951049	48.25174825	38.46153846	2.797202797
60.1399	2.7972	37.0629	0
51.7483	5.5944	18.8811	23.7762
0	24.4755	75.5245	0
0	81.1189	3.4965	15.3846
20.979	3.4965	73.4266	2.0979
4.8951	2.0979	20.2797	72.7273
25.8741	0	74.1259	0
74.1259	6.2937	14.6853	4.8951
24.4755	73.4266	1.3986	0.6993
