>cisbp__M02041
22.75237405	22.75237405	22.75237405	31.74287785
36.27833687	18.11639289	18.11639289	27.48887735
69.90794655	10.03068448	10.03068448	10.03068448
15.48953311	5.096739332	5.096739332	74.31698822
82.73337864	2.339647462	2.339647462	12.58732643
89.69267571	0.01988177427	10.26756075	0.01988177427
0.01988177427	0.01988177427	0.01988177427	99.94035468
50.42113604	0.01988177427	0.01988177427	49.53910041
22.46731539	12.5151867	2.267507724	62.74999019
59.24918513	6.903488883	6.903488883	26.94383711
34.51593901	14.98919729	14.98919729	35.5056664
29.20220519	19.92314244	19.92314244	30.95150992
22.68023431	22.68023431	22.68023431	31.95929706
