>hocomoco__BRAC_HUMAN.H11MO.0.A
60	126	73	241
39	101	53	307
168	156	112	64
167	82	190	61
69	337	64	30
335	36	81	48
99	87	204	110
91	126	201	82
122	83	170	125
235	95	115	55
172	26	219	83
30	64	374	32
19	8	2	471
1	7	485	7
112	26	22	340
16	76	316	92
453	10	31	6
330	29	111	30
175	44	131	150
100	68	99	233
>hocomoco__EOMES_HUMAN.H11MO.0.D
173	40	108	54
95	19	175	86
83	71	167	54
313	3	26	33
100	0	254	21
8	31	332	4
9	1	6	359
0	2	372	1
136	68	10	161
20	63	129	163
337	3	12	23
246	13	99	17
>hocomoco__TBX21_HUMAN.H11MO.0.A
106	100	217	71
106	57	156	175
63	92	283	56
163	54	165	112
243	26	159	66
94	4	346	50
28	147	297	22
24	4	4	462
1	1	478	14
73	62	60	299
21	81	303	89
297	9	157	31
186	94	128	86
>hocomoco__TBX21_MOUSE.H11MO.0.A
131	38	251	80
109	90	209	92
269	29	112	90
103	7	282	108
8	122	369	1
9	3	0	488
0	2	471	27
137	24	71	268
15	115	323	47
303	10	90	97
168	69	193	70
168	61	111	160
>nitta__byn_TTTCTG40NTAG_KK_NGGTGYGANNNNNNNNNNNNAGGTGYGANN_m1_c3
389	47	174	56
179	96	665	167
42	17	665	53
6	64	21	665
7	7	665	7
58	216	32	449
48	64	665	157
665	15	66	26
347	72	116	130
273	113	129	149
164	65	97	339
137	102	231	196
94	81	212	278
152	163	225	124
149	117	293	107
106	253	205	100
188	110	254	114
154	95	271	144
164	124	230	147
191	79	265	130
665	63	299	160
153	106	665	190
35	15	665	18
1	77	14	665
5	0	665	0
23	189	47	477
62	58	665	164
665	13	46	19
326	58	135	146
180	68	242	175
>homer__ANTTMRCASBNNNGTGYKAAN_Brachyury
40.2	15.6	21.1	23.1
25.62562563	19.61961962	22.12212212	32.63263263
9	25.1	8.6	57.3
2	11	0.1	86.9
35.2	40.2	16.6	8
44.2	6.5	34.7	14.6
0.1	96.9	2	1
85.9	0.1	8.5	5.5
10.51051051	48.24824825	33.73373373	7.507507508
17.1	33.2	22.1	27.6
20.1	22.1	24.1	33.7
34.7	22.1	22.6	20.6
23.1	19.6	34.2	23.1
11.6	29.2	50.2	9
5.5	7	3	84.5
0.1	2.5	95.9	1.5
16.1	36.7	5.5	41.7
8	19.6	35.2	37.2
90.4	0.1	7	2.5
60.3	10.1	20.6	9
26.12612613	23.62362362	24.62462462	25.62562563
