>jaspar__MA0265.2
123	71	77	156
104	86	70	167
101	66	60	200
69	72	10	276
5	421	1	0
4	0	418	5
5	0	3	419
188	66	95	78
87	91	65	184
228	38	72	89
155	48	64	160
291	48	54	34
126	1	297	3
4	41	6	376
1	2	420	4
419	3	1	4
3	169	15	240
229	52	67	79
106	92	78	151
141	57	88	141
>swissregulon__sacCer__ABF1
30.34	5.61	21.05	1
0	0	3.31	54.68
5.51	52.49	0	0
36.95	3.61	12.25	5.48
1	37.82	0	18.88
7.34	12.96	14.09	23.6
22.12	9.8	7.22	18.86
10.93	17.12	8.63	21.31
22.41	14.54	10.96	10.38
13.8	13.38	12.93	17.88
56.71	0	1	0
0	57.71	0	0
0.28	0	56.71	1
>transfac_public__M00015
7	6	3	7
6	10	4	4
13	0	4	7
4	6	4	10
15	0	9	0
0	0	1	23
1	23	0	0
18	0	5	1
0	10	0	14
1	3	4	16
11	4	3	6
4	4	1	15
13	2	4	5
6	5	5	8
24	0	0	0
0	24	0	0
0	0	24	0
10	0	6	8
12	3	5	4
9	5	3	6
6	7	6	4
7	4	2	10
>yetfasco__YKL112W_1993
31.43648714	23.11788966	18.6497903	26.79583291
22.86357022	19.48689358	30.02237568	27.62716052
44.87927475	13.67211202	41.20841935	0.2401938785
0.09350242312	0.09350242312	6.310572038	93.50242312
11.33785015	85.98008701	1.585730745	1.096332089
50.84054676	12.45095158	32.25364959	4.454852069
0.05880879262	58.80879262	0.05880879262	41.07358979
15.04336557	23.97364454	21.48613246	39.49685743
21.49442561	25.19903812	20.14733297	33.1592033
15.09062296	34.74740202	19.69555716	30.46641785
24.16994514	29.68059231	27.7429542	18.40650836
16.26822178	24.85025518	24.12786566	34.75365739
99.70089731	0.09970089731	0.09970089731	0.09970089731
0.09970089731	99.70089731	0.09970089731	0.09970089731
0.09903608182	0.09903608182	99.03608182	0.7658460207
40.04294205	7.934709182	35.12975315	16.89259562
25.80617901	27.08593528	23.69534498	23.41254073
27.52173391	24.59942116	24.41312655	23.46571838
>scertf__macisaac.ABF1
23	13	11	51
67	1	29	1
0	1	0	97
1	97	0	0
83	0	16	0
0	56	0	43
5	11	5	77
39	15	9	34
15	19	4	60
41	12	27	18
22	26	11	39
98	0	1	0
0	98	0	0
1	0	98	0
45	10	19	23
