>jaspar__MA1660.1
398	261	175	362
303	217	306	370
223	130	229	614
101	22	24	1049
195	29	128	844
631	144	182	239
16	1172	0	8
2	9	81	1104
1	2	0	1193
41	131	964	60
134	180	101	781
164	164	224	644
207	558	198	233
240	293	138	525
295	529	197	175
23	1125	28	20
1195	0	0	1
1094	98	1	3
9	0	1181	6
250	148	120	678
875	108	15	198
1016	19	16	145
380	309	164	343
338	352	177	329
>jaspar__MA1734.1
0	1000	0	0
0	0	139	861
0	0	0	1000
21	33	919	28
188	344	208	260
239	127	317	317
133	513	177	177
148	418	93	341
167	351	286	196
0	948	14	38
1000	0	0	0
776	224	0	0
2	0	993	5
59	272	79	590
291	146	5	558
647	12	0	341
>jaspar__MA1783.1
222	59	27	692
361	78	92	469
415	183	271	131
0	998	0	2
0	0	3	997
0	0	0	1000
236	376	286	102
125	149	93	632
190	149	171	490
180	346	63	412
320	210	115	354
495	153	178	175
20	493	63	424
998	0	2	0
995	5	0	0
0	0	1000	0
63	158	117	663
281	66	20	632
463	19	20	498
>jaspar__MA1784.1
237	75	548	140
4	0	0	996
26	0	9	965
189	26	544	241
0	1000	0	0
0	0	48	952
0	9	0	991
105	430	373	92
272	184	136	408
281	175	298	246
276	373	101	250
215	307	132	346
373	70	311	246
0	794	105	101
996	0	4	0
794	202	0	4
0	0	1000	0
162	259	118	461
618	110	18	254
899	4	4	92
118	535	92	254
>jaspar__MA1789.1
5	995	0	0
0	3	135	862
0	3	0	997
45	508	338	108
414	133	103	350
229	227	126	418
184	380	135	301
116	310	125	449
150	190	123	537
29	741	146	84
1000	0	0	0
633	367	0	0
2	0	968	30
89	340	66	505
707	84	0	209
>jaspar__MA1790.1
3	985	0	12
5	0	199	796
0	7	2	992
134	452	389	25
320	102	40	538
179	240	189	392
186	397	218	199
245	260	126	370
422	27	47	504
20	586	119	275
985	8	0	7
442	558	0	0
67	0	838	95
80	575	54	291
251	221	3	524
>jaspar__MA2009.1
225	105	309	171
189	29	27	565
523	7	83	197
495	67	122	126
8	796	0	6
4	1	79	726
1	1	1	807
71	96	626	17
112	67	27	604
191	125	290	204
209	207	205	189
186	322	108	194
594	30	71	115
17	634	87	72
802	1	3	4
709	97	3	1
10	1	792	7
144	100	64	502
235	72	10	493
669	13	14	114
112	495	59	144
130	436	77	167
232	121	142	315
266	158	119	267
>jaspar__MA2035.1
249	151	168	225
297	148	162	186
404	80	174	135
113	41	585	54
455	30	30	278
591	12	73	117
163	40	476	114
17	766	2	8
1	3	113	676
0	0	1	792
71	164	543	15
177	74	26	516
238	145	185	225
163	230	241	159
237	176	139	241
510	23	83	177
13	516	188	76
788	1	3	1
677	112	0	4
8	1	770	14
110	459	65	159
142	83	19	549
412	52	68	261
147	339	85	222
>cisbp__M07161
0	100	0	0
0	0	0	100
0	0	0	100
23.91302391	37.12373712	36.78933679	2.173902174
2.3411	25.7525	0.5017	71.4047
13.2107	17.0569	14.8829	54.8495
8.0268	47.3244	9.1973	35.4515
26.08697391	21.23747876	15.88628411	36.78926321
54.3478	9.5318	32.6087	3.5117
0	60.2006398	3.177296823	36.62206338
100	0	0	0
100	0	0	0
0	0	100	0
6.3545	24.2475	7.6923	61.7057
>cisbp__M07162
44.8333	4	11.5	39.6667
44.1667	20.1667	29.3333	6.3333
0	99.5	0.3333	0.1667
0	0	0	100
0	0	0	100
23.5	32.8333	42.1667	1.5
1.333301333	25.83332583	2.5000025	70.33337033
16.6667	16.3333	16	51
9.3333	38.6667	16	36
30.6667	21	17.8333	30.5
58.1667	7.1667	31.8333	2.8333
0.3333	59.1667	6.8333	33.6667
100	0	0	0
99.66660033	0.1666998333	0	0.1666998333
0	0.1666998333	99.66660033	0.1666998333
6.8333	29.1667	5	59
34.6667	3	1.8333	60.5
33.5	10.5	4.6667	51.3333
11.8333	41.6667	31.8333	14.6667
26.33332633	33.33333333	19.33331933	21.000021
20.6667	13.1667	18.8333	47.3333
>cisbp__M07164
8.8777	0	0	91.1223
16.75041675	1.507501508	9.212709213	72.52937253
21.608	5.6951	62.1441	10.5528
3.6851	96.3149	0	0
0	0	31.9933	68.0067
0	0	0.335	99.665
21.27297873	18.25798174	54.43884556	6.03019397
34.3384	15.9129	9.2127	40.536
34.1709	9.2127	20.1005	36.5159
24.4556	22.7806	16.2479	36.5159
15.2429	23.6181	15.4104	45.7286
21.60802161	15.91291591	16.75041675	45.72864573
0	42.3786	4.1876	53.4338
100	0	0	0
29.9832	70.0168	0	0
0	0	92.4623	7.5377
>cisbp__M07165
20.6667	0.1667	4.3333	74.8333
20.1667	1	76.3333	2.5
5.166694833	94.66660533	0	0.1666998333
0	0	46	54
0	0	0.1667	99.8333
28.83332883	15.33331533	50.00005	5.833305833
32.5	14.6667	9.8333	43
32.3333	9.5	21	37.1667
22.1667	18.8333	15.8333	43.1667
18	19	12	51
19.83331983	12.000012	16.83331683	51.33335133
1.5	40.1667	6.5	51.8333
100	0	0	0
42.8333	57.1667	0	0
0	0	93.1667	6.8333
>cisbp__M07168
0.5017	99.4983	0	0
0	0	29.9331	70.0669
0	0	0	100
9.364509365	37.12373712	51.33785134	2.173902174
32.27423227	12.70901271	4.682304682	50.33445033
21.23747876	24.08027592	21.57187843	33.11036689
16.05348395	46.32105368	21.90637809	15.71908428
25.4181	27.4247	20.5686	26.5886
45.1505	4.0134	8.8629	41.9732
0	61.8729	11.3712	26.7559
100	0	0	0
35.1171	64.8829	0	0
1.6722	0	94.3144	4.0134
3.8462	59.0301	3.01	34.1137
31.6054	13.2107	1.6722	53.5117
>cisbp__M07170
7.5125	2.1703	1.5025	88.8147
19.1987	2.0033	20.2003	58.5977
31.88646811	23.37227663	27.37897262	17.36228264
1.0017	98.9983	0	0
0	0.3339	15.025	84.6411
0	0	0	100
2.17029783	11.01838898	82.13681786	4.674495326
7.5125	33.0551	6.6778	52.7546
11.68611169	19.1987192	11.68611169	57.42905743
15.3589	43.7396	18.197	22.7045
17.8631	35.0584	18.8648	28.2137
20.03337997	32.55426745	25.20867479	22.2036778
0	97.6628	0	2.3372
100	0	0	0
77.9633	22.0367	0	0
0.1669	0	99.8331	0
>cisbp__M07171
0.6757	99.3243	0	0
0	0.4505	18.018	81.5315
0	0	0	100
2.927897072	8.558591441	84.45941554	4.054095946
11.7117	32.8829	8.3333	47.0721
9.6847	18.2432	15.991	56.0811
18.9189	51.1261	9.4595	20.4955
18.4685	28.8288	21.8468	30.8559
21.3964	34.9099	26.3514	17.3423
0	99.5495	0	0.4505
100	0	0	0
79.955	20.045	0	0
0	0	100	0
15.7658	22.973	20.045	41.2162
55.4054	18.9189	0.4505	25.2252
78.8288	0.6757	2.4775	18.018
33.3333	26.5766	6.5315	33.5586
>cisbp__M07172
19.263	0.1675	21.1055	59.464
29.81572982	27.3032273	33.66833367	9.212709213
3.0151	96.6499	0	0.335
0	0	46.5662	53.4338
0	0	0	100
3.5176	8.5427	87.4372	0.5025
23.28307672	20.1004799	14.57288543	42.04355796
10.8878	21.7755	27.1357	40.201
22.61307739	47.23615276	15.24288476	14.90788509
18.258	25.6281	13.4003	42.7136
18.59298141	30.31826968	31.15576884	19.93298007
0	96.8174	0	3.1826
100	0	0	0
56.2814	43.7186	0	0
0.1675	0	99.8325	0
>cisbp__M07173
10.118	0	19.7302	70.1518
37.2681	26.1383	30.5228	6.0708
2.698102698	97.13329713	0	0.1686001686
0	0	49.0725	50.9275
0	0	0	100
2.8668	1.5177	95.4469	0.1686
24.4519	20.742	15.1771	39.629
7.925792074	21.58517841	26.98147302	43.50755649
18.88698111	45.36255464	19.56158044	16.18888381
22.93422293	19.8988199	17.03201703	40.13494013
19.7302	33.2209	33.0523	13.9966
0	100	0	0
100	0	0	0
65.43	34.57	0	0
0	0	100	0
>cisbp__M07174
22.71807728	40.16225984	21.5009785	15.61868438
1.8256	98.1744	0	0
0	0	33.8742	66.1258
0	0	0	100
2.6369	2.4341	94.929	0
12.57611258	25.76062576	16.02431602	45.63894564
8.1136	22.5152	27.1805	42.1907
16.63288337	53.34684665	13.59028641	16.42998357
20.284	29.8174	12.7789	37.1197
16.22718377	38.53956146	23.52937647	21.7038783
0	96.9574	0	3.0426
100	0	0	0
57.8093	42.1907	0	0
0	0	100	0
18.25558174	17.24138276	21.2981787	43.2048568
60.4462	16.6329	0	22.9209
81.1359	0.8114	1.6227	16.43
>cisbp__M07175
42.3786	19.933	13.4003	24.2881
27.3031727	12.22778777	34.33836566	26.13067387
24.2881	17.2529	32.3283	26.1307
2.8476	0	0	97.1524
3.6851	0.1675	4.0201	92.1273
31.3233	20.938	14.0704	33.6683
0	100	0	0
0	0	21.608	78.392
0	0	0	100
0.5025	0.67	98.8275	0
11.7253	25.4606	26.8007	36.0134
27.1357	16.5829	23.6181	32.6633
21.943	26.6332	32.3283	19.0955
36.5159	27.3032	18.928	17.2529
39.1959608	18.25798174	23.78557621	18.76048124
0.1675	96.3149	0.335	3.1826
100	0	0	0
62.3116	37.6884	0	0
0	0	97.6549	2.3451
>cisbp__M07179
0	100	0	0
0	0	13.5906	86.4094
0	0	0	100
3.5235	31.5436	59.0604	5.8725
24.1611	19.2953	9.0604	47.4832
22.651	20.302	26.0067	31.0403
24.8322	33.2215	15.7718	26.1745
19.96641997	31.71143171	11.24161124	37.08053708
36.0738	9.8993	26.6779	27.349
0.6711006711	73.32217332	12.08051208	13.92621393
100	0	0	0
60.2349	39.7651	0	0
0	0	97.9866	2.0134
13.4228	30.8725	8.557	47.1477
51.5101	15.4362	0	33.0537
84.8993	0	0.1678	14.9329
>cisbp__M07185
10.9983	0	0.3384	88.6633
21.8274	6.9374	10.3215	60.9137
24.87307513	17.42808257	41.45515854	16.24368376
2.7073	96.7851	0	0.5076
0	1.1844	28.2572	70.5584
0.5076005076	0.1692001692	1.692001692	97.63119763
16.2437	29.4416	44.3316	9.9831
40.2707	17.2589	12.6904	29.78
35.02536497	13.36718663	17.42808257	34.17936582
26.3959	27.0728	17.9357	28.5956
15.9052	34.1794	15.0592	34.8562
31.3029	14.89	19.9662	33.8409
0	59.8984401	2.1996978	37.9018621
100	0	0	0
30.2876	69.7124	0	0
3.5533	0	87.4788	8.9679
>cisbp__M07187
3.0151	96.9849	0	0
0	0	34.0034	65.9966
0	0	0	100
19.933	19.598	55.1089	5.3601
32.1608	15.9129	12.8978	39.0285
41.0385	11.0553	21.7755	26.1307
27.47072747	21.10552111	21.60802161	29.81572982
22.9481	24.6231	11.0553	41.3735
26.96822697	13.9028139	21.94302194	37.18593719
3.1826	55.4439	8.2077	33.1658
100	0	0	0
48.0737	51.9263	0	0
0	0	93.8023	6.1977
>cisbp__M07188
30.8333	2.6667	17.8333	48.6667
40.33334033	12.83331283	18.5000185	28.33332833
3.666696333	91.999908	0.1666998333	4.166695833
1	5.8333	36	57.1667
6.6667	2.1667	0.3333	90.8333
18.4999815	12.16668783	64.66663533	4.666695333
21.6667	15.3333	6	57
26.16667383	22.66667733	24.16667583	26.999973
27.83332783	33.33333333	15.000015	23.83332383
28.3333	31.5	11	29.1667
64.1667	4	16.5	15.3333
0	82	4.5	13.5
100	0	0	0
40.16665983	59.66664033	0	0.1666998333
0	0.5	95.6667	3.8333
11.8333	30	2	56.1667
48.999951	14.16668583	0.6666993333	36.16666383
91	0.5	0.5	8
>cisbp__M07190
23.01182301	19.62771963	31.97973198	25.38072538
3.8917	0.6768	3.5533	91.8782
14.55161455	0.846000846	1.692001692	82.91038291
17.0897	31.1337	14.7208	37.0558
0	100	0	0
0	12.0135	0	87.9865
0	0.846	0	99.154
6.091393909	77.15732284	7.783392217	8.967891032
49.2386	11.3367	13.7056	25.7191
20.4738	27.4112	12.0135	40.1015
13.198	39.9323	18.6125	28.2572
24.7039	25.5499	16.2437	33.5025
17.5973	19.6277	24.5347	38.2403
16.07448393	31.13366887	28.42637157	24.36547563
88.6633	0.846	7.6142	2.8765
68.0203	1.1844	30.6261	0.1692
0	0.5076	99.4924	0
33.8409	13.198	12.5212	40.4399
76.64977665	4.23010423	0	19.12011912
>cisbp__M07192
16.7224	4.0134	3.3445	75.9197
18.06018194	8.193991806	62.20733779	11.53848846
3.3445	96.6555	0	0
0	0.3344003344	27.92642793	71.73917174
0	0	0.6689	99.3311
19.06351906	26.42142642	48.16054816	6.354506355
38.9632	15.3846	11.204	34.4482
43.311	8.194	21.2375	27.2575
25.9197	17.0569	17.5585	39.4649
14.214	24.4147	11.7057	49.6656
23.913	15.0502	22.2408	38.796
1.003301003	53.01005301	5.016705017	40.96994097
100	0	0	0
37.291	62.709	0	0
0.8361	0	90.8027	8.3612
>cisbp__M07193
16.7785	9.396	63.4228	10.4027
3.691296309	95.80530419	0	0.5033994966
0	0	29.3624	70.6376
0	0	0	100
16.7785	24.8322	50.5034	7.8859
39.09396091	14.93288507	9.06039094	36.91276309
45.302	7.2148	19.9664	27.5168
28.6913	17.6174	13.4228	40.2685
15.7718	21.8121	9.5638	52.8523
19.4631	14.7651	20.302	45.4698
0.5033994966	42.28185772	8.389291611	48.82545117
99.6644	0.3356	0	0
36.5772	63.4228	0	0
0	0	90.9396	9.0604
6.375806376	42.61744262	3.523503524	47.48324748
38.9262	15.604	0.5034	44.9664
79.86572013	0	0.5033994966	19.63088037
>cisbp__M07194
1.6807	0	0	98.3193
15.46221546	0.3361003361	12.1008121	72.1008721
25.2101	13.9496	40.8403	20
0.1681	99.8319	0	0
0	1.1765	15.7983	83.0252
0	0	0	100
3.6975	29.916	60.8403	5.5462
25.71427429	19.4957805	8.907591092	45.88235412
25.37817462	18.65548134	24.03357597	31.93276807
23.6974763	32.94116706	18.65548134	24.70587529
23.0252	30.7563	13.9496	32.2689
38.48743849	12.1008121	23.86552387	25.54622555
1.680698319	73.44532655	9.243690756	15.63028437
99.8319	0	0.1681	0
53.78155378	43.36134336	2.857102857	0
0	0	99.6639	0.3361
>cisbp__M07195
2.3729	0	0	97.6271
14.06781407	1.016901017	13.72881373	71.18647119
27.28812729	15.76271576	39.66103966	17.28811729
0	100	0	0
0	2.5424	18.1356	79.322
0	0	0	100
4.2373	29.8305	62.5424	3.3898
24.91527508	18.98308102	11.52538847	44.57625542
25.2542	16.7797	24.5763	33.3898
22.2033778	36.94916305	16.77968322	24.06777593
21.1864	30.8475	15.7627	32.2034
38.47456153	10.84748915	26.27117373	24.40677559
3.22030322	71.01697102	12.03391203	13.72881373
99.661	0	0.339	0
54.4068	41.6949	3.8983	0
0	0	99.322	0.678
>cisbp__M07200
0.1675	99.665	0	0.1675
0	0	20.1005	79.8995
0	0	0	100
10.72028928	16.41538358	70.01672998	2.847597152
17.2529	28.6432	6.3652	47.7387
23.9531	18.7605	17.7554	39.531
31.99333199	29.64822965	13.06531307	25.29312529
8.542708543	45.72864573	12.56281256	33.16583317
28.47572848	25.7956258	24.28812429	21.44052144
0	96.6499	0	3.3501
100	0	0	0
80.737	19.263	0	0
0.1675	0	99.665	0.1675
23.45057655	19.0954809	18.09048191	39.36346064
68.1742	15.5779	0	16.2479
>cisbp__M07201
0	100	0	0
0	0	11.3523	88.6477
0	0	0	100
1.001698998	1.335598664	97.66270234	0
13.3556	29.7162	15.5259	41.4023
29.8831	14.5242	38.5643	17.0284
31.55256845	20.36727963	14.35728564	33.72286628
29.2154	32.3873	8.3472	30.0501
49.2487	9.6828	30.7179	10.3506
0.1669	87.813	4.6745	7.3456
100	0	0	0
73.6227	26.3773	0	0
0	0	100	0
10.0167	17.6962	16.3606	55.9265
42.571	21.3689	0	36.0601
90.818	0	0	9.182
>cisbp__M07202
3.7037	0	0	96.2963
10.9428	0	11.7845	77.2727
20.8754	6.9024	13.468	58.7542
0	100	0	0
0	0.3367	7.9125	91.7508
0	0	0	100
0.5051	0	99.4949	0
18.6869	23.7374	28.6195	28.9562
32.8283	13.6364	39.3939	14.1414
22.5589	24.7475	36.3636	16.33
52.862	18.8552	18.5185	9.7643
63.1313	3.1987	24.2424	9.4276
2.356897643	77.1043229	13.2996867	7.239092761
100	0	0	0
82.6599	17.1717	0.1684	0
0	0	99.3266	0.6734
>cisbp__M07203
3.1773	0	0	96.8227
12.20738779	0	12.87628712	74.91632508
23.2441	5.6856	11.5385	59.5318
0	99.8328	0	0.1672
0.1672	0.1672	8.0268	91.6388
0	0	0	100
2.3411	0	97.6589	0
21.4047	22.2408	27.7592	28.5953
34.1137	13.2107	39.4649	13.2107
21.0702	24.5819	38.6288	15.7191
59.53174047	16.55518344	17.22408278	6.688993311
66.38793361	2.508397492	26.58857341	4.515095485
1.839498161	81.1036189	11.70568829	5.351194649
100	0	0	0
84.28098428	15.55181555	0	0.1672001672
0	0	98.8294	1.1706
36.2876	14.8829	8.0268	40.8027
>cisbp__M07206
5.5459	0	0.1733	94.2808
21.6638	1.2132	14.0381	63.0849
38.3015617	14.9046851	24.78337522	22.01037799
0	100	0	0
0.1733	0.1733	31.5425	68.1109
0.6932006932	0	0.3466003466	98.96019896
14.9047	15.5979	67.0711	2.4263
19.0641	16.6378	7.9723	56.3258
22.5303	19.9307	22.357	35.182
24.9567	31.1958	18.5442	25.3033
28.94277106	26.34317366	16.46448354	28.24957175
57.7123	5.3726	20.2773	16.6378
0	74.003426	4.332795667	21.66377834
100	0	0	0
40.208	59.792	0	0
0	0	98.9601	1.0399
>cisbp__M07208
12.000012	1.333301333	15.33331533	71.33337133
25.3333	19.1667	37.1667	18.3333
0	100	0	0
0	0	26.3333	73.6667
0	0	0	100
6.166693833	17.16668283	75.999924	0.6666993333
21.1667	17.3333	9.6667	51.8333
26.6667	16.1667	27.3333	29.8333
25.66667433	34.16666583	17.66668233	22.4999775
23.6667	31.5	15	29.8333
48.6667	7	21	23.3333
0.5	84.3333	2.5	12.6667
100	0	0	0
46.1667	53.8333	0	0
0	0	96.3333	3.6667
6.6667	38.3333	7.3333	47.6667
45.66665433	18.66668133	1.166698833	34.4999655
>cisbp__M07211
11.82608817	0.6956993043	9.043490957	78.43472157
29.7391	6.087	17.5652	46.6087
1.0435	98.9565	0	0
0	0	29.913	70.087
0	0	0	100
7.3043	9.3913	77.0435	6.2609
15.3043153	24.000024	5.913005913	54.78265478
25.0435	18.7826	26.9565	29.2174
22.4348	28.1739	19.6522	29.7391
25.2174	28	13.3913	33.3913
55.1304	6.6087	16.8696	21.3913
0	70.9565	9.0435	20
99.6522	0.1739	0.1739	0
60.52176052	39.3043393	0.1739001739	0
0	0.3478	94.7826	4.8696
20.8696	21.7391	9.913	47.4783
43.6522	17.2174	1.3913	37.7391
83.3043	0.3478	0.6957	15.6522
>cisbp__M07212
0	100	0	0
0	0	0.1675	99.8325
0	0	0	100
45.8961459	44.38864439	8.04020804	1.675001675
42.71355729	14.07038593	20.43547956	22.78057722
13.0653	29.1457	11.7253	46.0637
15.5779	45.0586	16.0804	23.2831
33.66833367	21.77552178	23.11562312	21.44052144
9.38020938	32.32833233	32.32833233	25.96312596
2.8476	28.8107	7.3702	60.9715
100	0	0	0
100	0	0	0
0	0	99.8325	0.1675
23.9531	19.4305	17.5879	39.0285
65.3266	9.2127	2.6801	22.7806
69.34676935	0.67000067	0.67000067	29.31322931
21.1055	31.1558	8.7102	39.0285
23.7856	36.5159	14.5729	25.1256
>cisbp__M07213
13.8796	0	1.8395	84.2809
39.1304	26.087	17.3913	17.3913
0.1672	99.8328	0	0
0	0	0	100
0	0	0	100
58.3612	37.7926	3.1773	0.6689
48.6622	12.3746	16.5552	22.408
12.3746	24.9164	18.2274	44.4816
25.58527441	39.46486054	15.71908428	19.23078077
37.7926	13.8796	26.2542	22.0736
10.8696	34.1137	31.2709	23.7458
3.1773	27.2575	9.5318	60.0334
100	0	0	0
100	0	0	0
0	0	100	0
>cisbp__M07214
65.4424	15.8598	18.6978	0
0	100	0	0
0	0	0.8347	99.1653
0	0	0	100
20.3673	36.227	42.2371	1.1686
9.8497	21.5359	6.6778	61.9366
18.6978	21.0351	23.3723	36.8948
11.85311185	41.06844107	15.02501503	32.05343205
34.05676594	29.21537078	20.36727963	16.36058364
30.05006995	27.87977212	14.35728564	27.71287229
0	30.05006995	4.674495326	65.27543472
100	0	0	0
100	0	0	0
0	0	100	0
1.1686	19.0317	11.0184	68.7813
>cisbp__M07216
38.6712	0	12.4361	48.8927
44.9744	37.6491	12.6065	4.77
0	100	0	0
0	0	6.9847	93.0153
0	0	0	100
16.8654	45.4855	35.9455	1.7036
7.155	17.7172	4.77	70.3578
13.9693	21.4651	18.7394	45.8262
13.45828654	39.18226082	18.73938126	28.62007138
35.7751	24.7019	20.954	18.569
36.62693663	24.53152453	17.20611721	21.63542164
0	43.2709	5.9625	50.7666
100	0	0	0
86.3714	13.6286	0	0
0	0	100	0
>cisbp__M07220
2.852302852	96.30879631	0.8389008389	0
0	0.6711006711	15.77181577	83.55708356
0.3355996644	0.3355996644	0	99.32880067
5.5369	47.8188	38.5906	8.0537
47.3154	13.9262	9.0604	29.698
27.6846	20.302	18.7919	33.2215
22.4832	34.396	16.6107	26.5101
16.27518372	26.51007349	17.44968255	39.76506023
21.6443	21.6443	15.4362	41.2752
3.1879	67.953	19.6309	9.2282
100	0	0	0
67.953	32.047	0	0
0	0	98.9933	1.0067
4.698	38.0872	3.6913	53.5235
79.0268	3.8591	0	17.1141
>cisbp__M07222
0.1678	98.4899	0	1.3423
0	0	29.8658	70.1342
0	0	0	100
13.0872	44.6309	40.9396	1.3423
34.0604	12.4161	3.0201	50.5034
21.4765	20.8054	19.6309	38.0872
17.4497	42.2819	24.4966	15.7718
29.5302	21.9799	20.302	28.1879
42.1141	0.3356	5.7047	51.8456
1.0067	55.5369	8.8926	34.5638
100	0	0	0
23.1544	76.8456	0	0
2.1812	0	93.2886	4.5302
8.8926	56.7114	4.698	29.698
22.9866	14.2617	1.1745	61.5772
>cisbp__M07223
0	100	0	0
0	0	23.8731	76.1269
0	0.5008	0	99.4992
5.3422	49.9165	42.2371	2.5042
33.389	10.5175	1.5025	54.591
21.5359	23.2053	19.5326	35.7262
13.8564	42.571	22.3706	21.202
28.3806	22.7045	16.1937	32.7212
41.7362	1.0017	8.6811	48.581
1.0017	61.6027	12.6878	24.7078
100	0	0	0
39.399	60.601	0	0
3.83970384	0	90.48419048	5.676105676
10.8514	61.6027	0	27.5459
10.85141085	16.86141686	0	72.28717229
>cisbp__M07224
19.99998	0.1666998333	7.166692833	72.66662733
26.1667	1	71.8333	1
3.6667	96.3333	0	0
0	0	41.8333	58.1667
0	0	0	100
20	16	57.3333	6.6667
27.5000275	17.83331783	12.33331233	42.33334233
25.8333	13.6667	30	30.5
18.3333	23.6667	22	36
19	20.8333	11	49.1667
23.5	16.1667	19.3333	41
3.1667	56.8333	11.8333	28.1667
100	0	0	0
56.8333	43.1667	0	0
0	0	96	4
>cisbp__M07226
3.3389	0	0	96.6611
8.347208347	0	15.69281569	75.95997596
18.3639	11.0184	16.3606	54.2571
0	100	0	0
0	0	6.177	93.823
0	0	0	100
1.1686	0.8347	97.6628	0.3339
13.0217	25.8765	26.0434	35.0584
28.71452871	12.02001202	38.73123873	20.53422053
23.2053	28.3806	28.8815	19.5326
43.23865676	22.87147713	19.53258047	14.35728564
56.42734357	4.340595659	21.86977813	17.36228264
1.335598664	76.12682387	11.18528881	11.35228865
99.8331	0	0.1669	0
74.9583	24.5409	0.5008	0
0.1669	0.1669	98.3306	1.3356
>cisbp__M07227
20.53422053	9.84970985	52.58765259	17.02841703
1.8364	0	0	98.1636
9.5159	0	9.8497	80.6344
18.53091853	5.008305008	12.02001202	64.44076444
0	100	0	0
0	0.1669001669	6.01000601	93.82309382
0	0	0	100
1.0017	0.3339	98.6644	0
20.0334	25.7095	20.5342	33.7229
29.88312988	13.18861319	36.22703623	20.7012207
24.37397563	26.21037379	32.55426745	16.86138314
48.0801	22.7045	15.5259	13.6895
62.27043773	6.510893489	21.7027783	9.515890484
2.1703	78.6311	10.8514	8.3472
100	0	0	0
84.6411	15.3589	0	0
0	0.1669	98.8314	1.0017
>cisbp__M07230
12.5	0	1.6667	85.8333
38.8333	8.1667	41.6667	11.3333
8.5	91.3333	0	0.1667
0	0	57.8333	42.1667
0	0.1667	0	99.8333
21.66667833	14.16668583	59.99994	4.166695833
19.8333	11.5	5.6667	63
26	14.6667	22	37.3333
17.3333	26.6667	22.3333	33.6667
16.1667	27.1667	12.8333	43.8333
44.5	7.6667	17.5	30.3333
0.1666998333	61.16663883	2.166697833	36.4999635
100	0	0	0
26.8333	73.1667	0	0
0.3333	0.3333	95.1667	4.1667
>cisbp__M07235
26.2712	0	6.6102	67.1186
40.1695	6.4407	43.3898	10
2.3729	97.2881	0	0.339
0	0	44.5763	55.4237
0	0	0	100
10.339	17.2881	71.5254	0.8475
13.7288	13.0508	4.5763	68.6441
18.64408136	15.59318441	26.94917305	38.81356119
15.9322	28.1356	26.4407	29.4915
18.1356	24.9153	21.6949	35.2542
51.18645119	7.966107966	21.35592136	19.49151949
0.1694998305	78.30502169	0.8474991525	20.67797932
99.8305	0	0	0.1695
38.98306102	60.84743915	0	0.1694998305
0	0	98.4746	1.5254
>cisbp__M07237
0	100	0	0
0	0	9.1525	90.8475
0	0	0	100
10.339	34.0678	48.1356	7.4576
41.1864	15.4237	10.5085	32.8814
29.83047017	18.98308102	24.91527508	26.27117373
20.8475	30.5085	23.5593	25.0847
26.4407	24.0678	17.1186	32.3729
27.9661	13.8983	19.1525	38.9831
5.7627	53.0508	22.2034	18.9831
99.8305	0.1695	0	0
72.8814	27.1186	0	0
0	0	99.4915	0.5085
15.2542	34.5763	8.6441	41.5254
81.52548153	5.423705424	0	13.05081305
97.1186	0	0	2.8814
10.339	57.9661	3.7288	27.9661
4.7458	78.3051	1.1864	15.7627
>cisbp__M07238
1.005	0	0	98.995
8.8777	0	2.8476	88.2747
31.8258	14.0704	32.6633	21.4405
0.5025	99.4975	0	0
0	0	7.3702	92.6298
0	0	0	100
7.0352	45.3936	36.3484	11.2228
47.4037	10.8878	8.0402	33.6683
23.11557688	22.78057722	18.25798174	35.84586415
14.7404	35.5109	17.7554	31.9933
17.58791759	28.81072881	9.882709883	43.71864372
22.9481	17.4204	22.2781	37.3534
3.182603183	57.28645729	13.73531374	25.7956258
100	0	0	0
74.5394	25.4606	0	0
0	0	99.4975	0.5025
>cisbp__M07241
13.16668683	0	3.666696333	83.16661683
15.1667	0.3333	83.5	1
2.1667	97.8333	0	0
0	0	38.8333	61.1667
0	0	0	100
18.16668183	18.16668183	54.16664583	9.4999905
30	16	13	41
29.5	11.1667	28	31.3333
19.16668083	22.999977	21.16667883	36.66666333
18.8333	21	11.6667	48.5
22.1667	13.6667	19.8333	44.3333
1.833301833	49.33334933	11.5000115	37.33333733
100	0	0	0
55.3333	44.5	0.1667	0
0.3333	0	95.6667	4
>cisbp__M07244
0	0	10.8878	89.1122
0	0	0	100
3.0151	4.8576	88.4422	3.6851
19.43048057	26.8006732	23.28307672	30.48576951
28.64317136	10.88778911	18.25798174	42.21105779
18.42548157	42.88105712	15.24288476	23.45057655
39.6984603	26.96817303	10.72028928	22.61307739
28.81072881	27.3032273	21.94302194	21.94302194
2.5126	88.9447	5.3601	3.1826
100	0	0	0
80.2345	19.598	0.1675	0
0	0	97.4874	2.5126
3.0151	24.6231	1.675	70.6868
1.34000134	21.44052144	0	77.21947722
50.4188	0.8375	0.67	48.0737
11.3903	41.206	6.8677	40.536
>cisbp__M07245
29.1312	16.5247	37.8194	16.5247
3.0664	0	0	96.9336
9.3697	2.385	3.0664	85.1789
14.48041448	5.451405451	74.10567411	5.962505963
0.6814	99.3186	0	0
0	0	19.0801	80.9199
0	0	0.5111	99.4889
13.799	26.4055	50.2555	9.54
31.0051	17.7172	12.9472	38.3305
33.3901	13.6286	19.4208	33.5605
21.12437888	25.55367445	18.56898143	34.75296525
17.20611721	24.87222487	11.58431158	46.33734634
22.4872	16.184	21.1244	40.2044
3.407196593	51.78874821	7.154992845	37.64906235
100	0	0	0
59.2845	40.7155	0	0
0	0	98.8075	1.1925
>cisbp__M07246
2.8912	0	0	97.1088
11.05441105	0.8503008503	2.551002551	85.54428554
12.7551	6.4626	72.2789	8.5034
0.6803	99.3197	0	0
0	0	18.0272	81.9728
0	0	0.1701	99.8299
14.7959148	26.87072687	47.78914779	10.54421054
33.5034	15.9864	10.2041	40.3061
31.2925	13.9456	20.068	34.6939
21.9388	25	18.0272	35.034
19.04761905	23.46942347	9.863909864	47.61904762
22.2789	15.6463	21.7687	40.3061
2.2109	49.3197	6.6327	41.8367
100	0	0	0
55.4422	44.5578	0	0
0	0	98.2993	1.7007
>cisbp__M07332
37.2549	9.8039	43.1373	9.8039
19.6078	1.9608	50.9804	27.451
41.1765	0	0	58.8235
82.3529	5.8824	1.9608	9.8039
17.64708235	1.960798039	66.66663333	13.72548627
0	98.0392	1.9608	0
0	0	78.4314	21.5686
0	0	0	100
37.2549	5.8824	56.8627	0
5.8824	33.3333	0	60.7843
39.2157	15.6863	23.5294	21.5686
13.72551373	21.56862157	45.0980451	19.60781961
41.17654118	19.60781961	19.60781961	19.60781961
90.1961	1.9608	7.8431	0
0	66.6667	25.4902	7.8431
100	0	0	0
49.0196	50.9804	0	0
3.9216	0	96.0784	0
25.4902	19.6078	15.6863	39.2157
5.882394118	37.25486275	1.960798039	54.9019451
76.4706	1.9608	0	21.5686
