>kznf__ZNF808_Imbeault2017_OM_RCADE
39.40839606	5.820609418	11.54579885	43.22519568
3.148850951	0.09541982882	85.59162585	11.16410337
3.912209648	10.0190991	85.5915923	0.4770989571
11.16410112	11.16410112	6.20229062	71.46950715
2.767180559	94.37021906	0.09541981927	2.767180559
4.293889579	11.16409891	0.09541979065	84.44659172
35.97332158	32.91981975	29.48471769	1.622140973
8.1106973	43.98853959	2.003821803	45.89694131
77.57632327	6.583971975	7.347332204	8.492372548
84.82823478	6.583972699	8.110693325	0.4770991956
85.20991789	0.8587791803	7.729011623	6.202291302
19.94271994	14.5992146	50.85885086	14.5992146
21.8511	13.4542	39.7901	24.9046
35.59160356	14.9809015	45.13360451	4.293890429
13.83590138	63.45420635	18.41600184	4.293890429
20.3244061	50.47711514	4.675571403	24.52290736
11.5458	37.5	10.7824	40.1718
14.21759573	7.347327796	43.60688692	34.82818955
12.6908	27.1947	33.6832	26.4313
11.5458	12.6908	10.4008	65.3626
24.14117586	18.03438197	10.4007896	47.42365258
