>jaspar__MA0938.2
307	175	240	385
476	183	145	303
187	101	628	191
214	105	595	193
61	8	3	1035
204	15	132	756
571	79	189	268
17	1084	1	5
0	3	524	580
0	2	2	1103
93	61	936	17
133	128	45	801
262	153	450	242
288	254	269	296
241	474	157	235
739	57	150	161
35	876	112	84
1097	3	5	2
1009	86	10	2
5	1	1090	11
284	144	117	562
729	121	18	239
948	7	14	138
265	357	171	314
>jaspar__MA1788.1
9	991	0	0
0	0	300	700
0	0	0	1000
181	176	621	22
233	163	115	489
229	216	220	335
194	313	189	304
335	278	101	286
656	9	189	145
0	815	0	185
1000	0	0	0
123	877	0	0
0	0	996	4
44	379	106	471
379	216	13	392
885	9	9	97
172	419	137	273
123	652	101	123
194	93	123	590
>jaspar__MA2006.1
263	143	214	302
378	151	139	254
149	77	550	146
161	84	541	136
45	7	2	868
147	11	78	686
198	62	463	199
27	885	1	9
2	2	448	470
1	1	1	919
70	66	769	17
105	94	49	674
228	112	384	198
255	210	201	256
208	379	147	188
578	61	145	138
35	734	100	53
921	0	1	0
849	69	3	1
2	1	910	9
200	133	89	500
585	105	14	218
767	6	13	136
207	312	143	260
>jaspar__MA2045.1
269	142	221	281
378	169	127	239
161	82	513	157
200	93	464	156
69	5	10	829
173	18	95	627
261	64	449	139
18	882	3	10
1	4	599	309
0	2	2	909
115	56	734	8
119	95	40	659
406	112	188	207
274	200	193	246
245	298	138	232
635	44	99	135
34	665	105	109
883	7	4	19
750	145	10	8
11	1	880	21
153	146	96	518
382	120	23	388
748	19	13	133
217	302	134	260
>cisbp__M07159
11.5966	1.8487	38.6555	47.8992
56.6387	19.8319	17.3109	6.2185
0	99.6639	0.3361	0
1.176498824	0.1680998319	96.97470303	1.680698319
1.1765	0	0.3361	98.4874
35.4622	1.8487	61.1765	1.5126
34.78993479	13.10921311	7.226907227	44.87394487
32.437	21.3445	16.9748	29.2437
24.0336	24.2017	25.5462	26.2185
34.958	18.3193	26.8908	19.8319
55.63024437	5.882394118	14.45378555	24.03357597
20.5041795	30.42016958	12.43698756	36.63866336
35.7983	10.4202	1.0084	52.7731
16.1345	32.605	7.7311	43.5294
10.25208975	5.378194622	63.6974363	20.67227933
21.68067832	19.15968084	26.72267328	32.43696756
29.916	43.3613	3.5294	23.1933
32.43696756	20.16807983	6.890793109	40.5041595
37.6471	11.9328	6.5546	43.8655
9.57980958	54.62185462	12.26891227	23.52942353
14.1176	24.5378	14.958	46.3866
23.6975	11.4286	22.0168	42.8571
>cisbp__M07186
0.3344	99.6656	0	0
0.6689	44.3144	34.1137	20.903
1.6722	10.2007	4.8495	83.2776
26.2542	23.5786	33.612	16.5552
29.097	17.893	14.7157	38.2943
22.74247726	26.08697391	14.54848545	36.62206338
18.8963189	27.92642793	18.39461839	34.78263478
30.26756973	22.57527742	13.71238629	33.44476656
48.996651	10.36788963	17.72578227	22.90967709
6.3545	55.0167	6.1873	32.4415
98.16059816	1.505001505	0.3344003344	0
2.5084	80.1003	17.0569	0.3344
0	0	100	0
3.678903679	10.03341003	54.84955485	31.43813144
30.1003	56.8562	0	13.0435
92.4749	0.3344	3.1773	4.0134
31.4381	26.9231	8.8629	32.7759
22.7425	36.2876	10.8696	30.1003
17.893	18.8963	20.5686	42.6421
>cisbp__M07196
2.3333	95.1667	1.3333	1.1667
0.6666993333	2.4999975	30.16666983	66.66663333
3.3333	0.6667	1	95
14.6667	19	62	4.3333
18.6667	17.5	6	57.8333
24.33332433	23.83332383	21.5000215	30.33333033
23.6667	33.8333	15.1667	27.3333
23.8333	34.1667	11.3333	30.6667
63.3333	4.1667	15	17.5
0.1666998333	80.66661933	0.999999	18.16668183
100	0	0	0
30.6667	69.3333	0	0
0	0	99.1667	0.8333
7	30.6667	8.3333	54
39.1667	16.3333	1.1667	43.3333
88.1667	0	0.3333	11.5
16.3333	43.5	9.6667	30.5
>cisbp__M07209
25.54257446	1.335598664	12.85478715	60.26703973
38.5643	13.6895	32.8881	14.8581
0.1669	99.8331	0	0
0	0	31.2187	68.7813
0	0	0	100
8.5142	12.3539	77.9633	1.1686
27.5459	15.8598	8.6811	47.9132
27.379	17.5292	29.3823	25.7095
27.37897262	30.38396962	21.2019788	21.03507896
29.0484	27.212	11.0184	32.7212
51.41905142	8.347208347	20.36732037	19.86641987
0	85.80961419	6.176993823	8.013391987
100	0	0	0
56.7613	43.2387	0	0
0	0	96.995	3.005
11.68611169	40.06684007	11.68611169	36.56093656
59.76624023	17.6961823	1.001698998	21.53587846
95.1586	0	0	4.8414
10.8514	54.591	6.5109	28.0467
6.6778	76.1269	7.1786	10.0167
15.192	11.6861	14.3573	58.7646
>cisbp__M07240
35.50603551	26.07202607	14.23671424	24.18522419
24.18522419	14.23671424	43.22474322	18.35331835
25.55747444	13.55058645	33.44766655	27.44427256
5.1458	0	0.3431	94.5111
22.2985	1.8868	13.7221	62.0926
32.93306707	17.15268285	25.04287496	24.87137513
1.5437	98.4563	0	0
0.1715	1.0292	36.1921	62.6072
1.0292	0	0	98.9708
14.7513	14.2367	69.1252	1.8868
18.1818	18.1818	3.9451	59.6913
26.75812676	22.81302281	18.35331835	32.07553208
22.9846	31.5609	14.4082	31.0463
25.04287496	32.59006741	12.00688799	30.36016964
60.20586021	4.802704803	14.23671424	20.75472075
0	80.446	0	19.554
100	0	0	0
26.5866	73.4134	0	0
0.3431	0	97.5986	2.0583
