>jaspar__MA0350.1
362	188	218	230
144	213	369	273
101	261	370	266
239	327	206	226
369	116	235	278
212	366	133	288
649	50	96	203
67	396	436	98
20	784	193	1
2	29	46	921
2	991	2	3
975	0	1	21
1	1	18	978
0	978	1	18
52	19	869	57
135	655	186	22
181	300	383	135
232	282	109	376
187	280	111	421
306	213	172	308
201	150	320	327
>jaspar__MA0351.1
278	135	231	354
194	250	266	289
156	332	223	287
131	249	268	351
239	85	400	273
141	480	145	232
516	59	138	285
79	420	392	107
29	770	197	3
6	52	83	858
1	990	4	2
972	0	1	25
1	0	27	969
0	968	1	28
36	9	876	78
223	575	177	22
280	265	252	202
188	298	72	441
163	435	208	192
153	371	183	290
185	149	202	462
>swissregulon__sacCer__PBF1
83.1	6.49	12.35	26.04
8.68	50.78	55.85	12.67
2.65	100.38	24.75	0.21
0.27	3.8	5.93	117.98
0.28	126.94	0.3	0.47
124.91	0.09	0.22	2.77
0.2	0.14	2.37	125.27
0.11	125.3	0.2	2.37
6.72	2.55	111.35	7.37
17.36	83.9	23.85	2.87
>swissregulon__sacCer__PBF2
18.15	61.51	18.63	29.7
66.1	7.64	17.71	36.53
10.19	53.83	50.22	13.74
3.71	98.56	25.3	0.41
0.77	6.69	10.67	109.86
0.17	126.81	0.63	0.38
124.48	0.07	0.17	3.26
0.21	0.11	3.55	124.11
0.11	124.01	0.17	3.7
4.63	1.19	112.14	10.02
28.65	73.69	22.72	2.92
>yetfasco__YER088C_2221
12.34570048	21.83049538	44.84929472	20.97450942
19.38357868	55.94819918	10.01842851	14.64979362
5.576889805	0.3391310183	93.56264747	0.5213317093
94.1727859	4.64193471	0.2937962564	0.891483137
5.556303798	1.607906629	0.5460378969	92.28975168
1.253046706	0.3590038921	98.05984455	0.3281048526
42.38506894	28.41156136	18.85533981	10.34802989
11.68039553	35.44250621	39.17002713	13.70707113
18.48942793	33.68993424	25.46230455	22.35833328
22.25111662	26.11192725	18.77248423	32.8644719
>scertf__zhu.DOT6
51	5	13	28
8	42	39	11
3	76	20	1
1	5	8	85
1	97	1	1
95	1	1	3
1	1	3	95
1	95	1	3
4	1	87	7
22	57	18	2
>scertf__zhu.TOD6
65	5	10	20
6	39	43	9
2	78	19	1
1	3	5	91
1	97	1	1
96	1	1	2
1	1	2	96
1	96	1	2
5	2	87	6
13	65	18	2
>cisbp__M01560
15.53861035	39.38275054	34.23771852	10.84092058
10.12279321	19.5855027	26.70336625	43.58833785
0.3538991765	97.63702543	0.4544155375	1.554659858
92.70691859	0.5269988592	1.071911073	5.694171481
0.2329499414	0.4373892744	4.406445288	94.9232155
0.1080412496	93.20094067	0.5514290021	6.139589082
16.03291003	10.12131389	55.40353976	18.44223632
20.43138858	44.57050753	22.35549996	12.64260393
