>kznf__ZNF74_Imbeault2017_OM_MEME
4.6512	0	95.3488	0
100	0	0	0
0	0	0	100
0	0	100	0
0	0	0	100
0	23.2558	0	76.7442
0	100	0	0
81.3953814	6.976706977	6.976706977	4.651204651
6.976706977	32.55813256	6.976706977	53.48845349
4.651195349	25.58137442	2.325597674	67.44183256
23.2558	4.6512	65.1163	6.9767
0	97.6744	2.3256	0
93.02320698	0	2.325597674	4.651195349
2.3256	0	97.6744	0
0	46.5116	0	53.4884
46.5116	0	53.4884	0
0	0	9.3023	90.6977
2.3256	0	2.3256	95.3488
30.23256977	0	65.11623488	4.651195349
2.325597674	4.651195349	0	93.02320698
0	0	2.3256	97.6744
