>cisbp__M09654
1.8	93.9	1.8	2.5
63.2	5.4	28.9	2.5
47.75224775	4.095904096	35.46453546	12.68731269
2.7	13.8	1.6	81.9
38.2	0.7	60.6	0.5
1.4	0.4	98.1	0.1
83.9	1.1	14.9	0.1
0.1	0.1	99.7	0.1
0.1	99.7	0.1	0.1
7.8	0.1	92	0.1
5.4	81.7	1.8	11.1
41.4	2.9	53	2.7
10.88911089	42.05794206	11.08891109	35.96403596
6.1	2.3	0.2	91.4
0.9	0.9	0.2	98
6.8	1.8	83.7	7.7
3.2	89.8	2	5
55	8.4	11.5	25.1
14.71471471	24.42442442	17.61761762	43.24324324
24	24	11.3	40.7
