>jaspar__MA1030.1
416	113	60	411
535	24	369	72
416	562	7	15
26	962	1	11
41	928	27	4
10	1	0	989
832	32	83	54
373	132	389	106
266	258	226	250
241	256	220	283
>jaspar__MA1355.1
275	91	69	163
247	122	50	179
183	146	50	219
120	85	93	300
320	8	90	180
399	3	1	195
353	0	245	0
45	553	0	0
0	598	0	0
0	598	0	0
0	0	0	598
598	0	0	0
505	0	91	2
197	92	11	298
92	121	28	357
>jaspar__MA1733.1
394	189	240	177
466	182	124	229
563	130	88	219
472	83	159	285
344	120	285	250
184	0	102	715
421	0	579	0
60	810	0	130
0	1000	0	0
0	895	0	105
15	104	10	871
474	28	0	497
649	165	32	154
624	78	78	219
>swissregulon__sacCer__TBF1
39.84	22.83	8.13	57.18
200.83	14.22	16.78	24.16
149.28	14.39	81.89	10.42
22.85	231.66	1.34	1.4
0.31	255.16	0.19	0.32
0.4	254.72	0.07	0.78
0.08	3.69	0.11	252.1
220.82	11.07	16.2	6.6
154.67	26.08	41.96	34.54
>yetfasco__YPL128C_2178
20.79983894	28.64403569	22.75864887	27.7974765
34.47037325	18.91774194	21.32969448	25.28219034
64.67473654	6.355818258	9.294015092	19.6754301
50.39833231	6.752805751	38.09024016	4.758621785
11.77718209	83.61006756	1.204619727	3.408130628
0.03062440844	99.88725235	0.06548344433	0.01663979894
0.1708422362	99.78174557	0.02606883489	0.02134335682
0.553574877	6.676819445	1.971198519	90.79840716
63.31018006	12.15871429	17.08235635	7.448749296
42.31041414	15.56513151	22.53417967	19.59027467
>cisbp__M00065
80.18533944	1.051645148	5.216576426	13.54643898
53.26941986	1.647000983	45.07538512	0.008194034743
1.533882784	98.4508547	0.007631257631	0.007631257631
0.007573462587	99.97727961	0.007573462587	0.007573462587
0.007573462587	99.97727961	0.007573462587	0.007573462587
0.007573462587	0.7649197213	0.007573462587	99.21993335
70.27909739	9.906967538	18.81433096	0.9996041172
41.41918903	12.86407767	31.42490006	14.29183324
>cisbp__M01070
47.89758535	10.42880933	0.02081598668	41.65278934
41.16696061	1.484420929	52.92475015	4.423868313
46.04155708	53.93214098	0.01315097317	0.01315097317
0.01298026999	99.96105919	0.01298026999	0.01298026999
0.01298026999	97.36500519	0.01298026999	2.609034268
2.609034268	0.01298026999	0.01298026999	97.36500519
99.96105919	0.01298026999	0.01298026999	0.01298026999
40.37279016	0.0192159877	59.58877786	0.0192159877
>cisbp__M01083
37.73104489	16.98415692	4.724632214	40.56016598
35.37132753	0.006800870511	59.85446137	4.767410229
34.89377213	65.09581337	0.00520724849	0.00520724849
0.005127153404	99.4719032	0.5178424938	0.005127153404
0.005127153404	98.44647252	0.005127153404	1.543273175
0.005127153404	0.005127153404	0.005127153404	99.98461854
97.73646372	0.005616715345	0.5672882498	1.690631319
39.84515935	9.027360192	44.35508118	6.772399278
>cisbp__M01562
21.08084766	28.74215712	22.83660964	27.34038558
34.69660576	18.8524309	21.25605648	25.19490686
64.26033527	6.572817419	9.421012543	19.74583477
49.89834087	6.820874937	38.47419486	4.80658933
11.86211895	83.37512809	1.225501369	3.537251599
0.01974033055	99.9738347	0.002671563227	0.003753406319
0.1192926364	99.86550429	0.01071430328	0.00448877396
0.5639777488	6.734607422	2.028424775	90.67299005
63.06039967	12.35539726	17.0149606	7.56924247
42.2558623	15.70129349	22.28119606	19.76164814
>cisbp__M02345
64.02740341	2.257412399	6.749775382	26.96540881
38.13114199	0.008471704507	61.85191461	0.008471704507
0.827597509	99.15601442	0.008194034743	0.008194034743
0.008194034743	99.9754179	0.008194034743	0.008194034743
0.008194034743	99.9754179	0.008194034743	0.008194034743
0.008261731659	1.660608063	0.008261731659	98.32286847
78.23772273	4.356801391	16.3081269	1.097348979
36.50063452	17.46510152	28.56916244	17.46510152
>cisbp__M02366
34.60399163	19.76611366	14.93890734	30.69098737
48.11845198	1.961414156	39.39605643	10.52407743
45.13073589	52.43443435	0.91353236	1.521297395
0.6237547042	98.29782581	0.2613229997	0.8170964884
0.8010592732	98.31530024	0.8421304604	0.04151002415
0.2667948333	6.041937078	0.1198786461	93.57138944
73.39735765	6.930194894	6.39737619	13.27507127
36.34353852	16.99665281	30.96992062	15.68988804
25.71013218	25.45431209	21.26122864	27.5743271
>cisbp__M07492
61	11	12	16
46	11	35	8
14.85148515	83.16831683	0.9900990099	0.9900990099
0	100	0	0
0	100	0	0
0	1	0	99
75.75757576	8.080808081	11.11111111	5.050505051
37.62376238	18.81188119	26.73267327	16.83168317
