>elemento__AGGGGCG
100	0	0	0
0	0	100	0
0	0	100	0
0	0	100	0
0	0	100	0
0	100	0	0
0	0	100	0
>kznf__ZNF460_Imbeault2017_OM_RCADE
4.303276127	25.61477695	60.86064523	9.221301701
10.04099819	0.2049179631	78.07378595	11.6802979
0.2049180943	0.2049180943	99.38524572	0.2049180943
1.844260074	0.2049180082	97.74590391	0.2049180082
78.89342525	15.77870505	0.2049180656	5.122951639
0.2049180943	0.2049180943	99.38524572	0.2049180943
0.2049180943	0.2049180943	99.38524572	0.2049180943
22.33609553	58.40158832	13.31969734	5.942618811
5.122951639	0.2049180656	82.99182656	11.68030374
2.663931385	14.13930735	82.99184316	0.2049181066
8.401643529	64.95902728	26.4344111	0.2049180861
7.581967725	31.35249059	59.22128223	1.844259447
>kznf__ZNF460_Imbeault2017_RP_RCADE
9.3	18.9	68.1	3.7
14.5	4.5	77.3	3.7
0.1	22.1	77.7	0.1
0.1	0.1	99.7	0.1
60.9	28.5	0.1	10.5
0.1	0.1	99.7	0.1
0.1	0.1	99.7	0.1
13.7	50.1	9.7	26.5
0.1	0.1	95.7	4.1
0.1	14.5	85.3	0.1
10.5	66.1	23.3	0.1
0.1	17.3	66.9	15.7
>kznf__ZNF468_Imbeault2017_OM_RCADE
34.56519309	8.768118246	30.79709384	25.86959483
4.710140094	0.9420290188	93.40580187	0.9420290188
0.3623191196	0.3623191196	98.33333245	0.9420293109
0.07246380623	0.07246380623	99.78260858	0.07246380623
96.30435027	0.6521743404	0.07246383783	2.971011551
0.3623188312	0.07246376623	99.49275364	0.07246376623
0.07246380623	0.07246380623	99.78260858	0.07246380623
11.37679686	0.07246378	88.47827558	0.07246378
0.6521742817	0.3623191565	98.91304273	0.0724638313
4.420291812	9.92754407	84.71013473	0.9420293862
10.21739704	46.15938661	0.9420287268	42.68118762
3.840582688	2.101451471	77.75365443	16.30431141
>kznf__ZNF468_Imbeault2017_RP_RCADE
34.31510343	9.109590911	36.78080368	19.79450198
4.178078613	0.06849317726	94.31506869	1.438359522
0.3424661397	0.06849322795	97.60273982	1.98630081
0.342466163	0.0684932326	99.52054737	0.0684932326
97.05479806	0.3424659932	0.3424659932	2.260269955
0.06849321397	0.06849321397	99.79452036	0.06849321397
0.06849321397	0.06849321397	99.79452036	0.06849321397
8.561640068	0.3424660027	91.02740073	0.06849320055
0.342466163	0.0684932326	99.52054737	0.0684932326
3.356160899	8.835622368	87.73972351	0.06849321836
11.57530079	46.09590313	0.06849320466	42.26030287
2.534248454	0.8904104568	82.26024982	14.31509127
4.452047774	54.31507284	29.38358531	11.84929408
13.49318651	31.3013687	31.3013687	23.9040761
11.84929763	21.9862956	57.32878853	8.835618233
