>jaspar__MA0128.1
9	0	0	4
1	7	4	1
13	0	0	0
0	12	0	1
0	0	13	0
0	0	0	13
0	1	12	0
0	1	12	0
>jaspar__MA0608.1
2	2	745	250
250	623	1	126
1	872	126	1
996	1	1	1
1	996	1	1
1	1	996	1
1	1	1	996
1	143	854	1
250	2	250	498
>jaspar__MA0968.2
51	126	42	381
2	0	502	96
106	493	1	0
0	598	0	2
600	0	0	0
1	589	4	6
2	4	594	0
0	0	1	599
58	306	234	2
327	1	143	129
93	161	212	134
154	344	28	74
285	76	68	171
171	122	82	225
157	191	66	186
>jaspar__MA1349.1
205	70	160	159
227	52	116	199
182	60	75	277
52	28	334	180
97	174	254	69
145	170	0	279
0	302	265	27
594	0	0	0
0	586	7	1
0	7	587	0
0	0	0	594
0	0	594	0
0	0	529	65
33	561	0	0
464	22	94	14
>swissregulon__hs__CREB3L2
16	37	44	360
10	12	445	30
25	255	3	30
0	275	36	8
213	0	1	0
0	275	0	0
0	0	431	0
4	0	2	390
5	53	415	4
38	0	391	29
46	276	1	12
214	90	25	0
>hocomoco__CR3L1_HUMAN.H11MO.0.D
2216	2359	21260	5147
8228	18002	106	4646
872	24424	4940	746
30982	0	0	0
0	30982	0	0
0	0	30982	0
0	0	0	30982
0	0	30982	0
0	0	30982	0
0	30982	0	0
30439	181	181	181
>taipale__CREB3L1_DBD_TGCCACGTGGCA_repr
368	786	516	3474
231	131	3953	295
566	3233	42	107
174	3292	158	255
2700	0	13	8
1	3361	1	7
2	4	4275	1
5	14	6	4119
297	202	3788	312
228	84	3786	755
340	3358	143	343
2367	531	785	428
>taipale__CREB3L1_full_TGCCACGTGGCA
10	23	28	228
9	5	309	14
11	119	1	1
7	124	2	2
202	1	1	0
1	128	0	0
0	0	283	0
1	0	0	267
10	2	263	16
8	2	263	28
5	128	2	5
162	8	27	11
>nitta__CG3136_TTAGCC20NCGA_KH_TGMCACGTGKCA_m1_c4
16	29	32	450
15	1	450	31
159	291	1	3
1	450	15	16
450	1	2	0
0	450	2	3
0	0	450	0
0	1	3	450
30	5	450	1
0	5	307	143
26	450	8	18
450	16	52	22
>nitta__CrebA_TCAACC20NCAA_KG_TGCCACGTGGCA_m1_c2
117	169	154	944
67	12	944	40
204	944	7	16
79	944	35	66
944	6	8	1
1	944	0	4
1	1	944	2
1	4	2	944
64	41	944	78
12	9	944	191
49	944	11	55
944	154	171	111
>taipale_cyt_meth__ATF6B_YGCCACGTGGCA_eDBD
30	281	22	434
34	9	715	45
192	715	4	16
9	715	62	8
715	7	15	1
0	715	0	0
6	7	715	0
0	14	16	715
38	36	715	16
40	4	715	210
23	715	0	26
715	53	8	71
>taipale_cyt_meth__CREB3L1_NTGCCACGTGTACN_eDBD
383	307	398	288
116	431	118	1375
29	19	1375	16
82	1375	25	9
35	1375	6	12
1375	10	6	0
7	1375	0	10
8	3	1375	0
53	154	22	1375
454	194	1375	155
127	304	840	1375
1375	553	860	369
250	1375	164	252
658	214	355	148
>taipale_cyt_meth__CREB3L1_NTGCCACGYGTACN_eDBD_meth
480	358	620	345
76	873	39	1803
9	1	1803	2
98	1803	29	27
0	1803	5	0
1803	21	0	0
5	1803	2	23
408	28	1803	0
100	765	5	1038
391	173	1803	108
119	259	516	1803
1803	242	938	353
152	1803	84	167
989	167	514	133
>taipale_cyt_meth__CREB3L1_TGCCACGTGGCA_FL
242	599	322	928
141	34	928	49
237	928	95	93
215	928	127	184
928	0	57	1
0	928	0	0
0	2	928	0
0	80	9	928
137	128	928	212
84	102	928	215
66	928	51	142
928	240	593	233
>taipale_cyt_meth__CREB3L1_TGCCACGTGGCA_FL_meth
85	339	37	673
14	0	673	0
67	673	12	6
13	673	52	34
673	0	27	0
5	673	14	64
79	34	673	1
0	14	0	673
24	63	673	27
0	11	673	75
1	673	0	9
673	42	315	67
>taipale_cyt_meth__CREB3L1_TGCCACGTGGCA_eDBD
608	1489	553	3059
256	77	3059	151
635	3059	98	136
366	3059	112	278
3059	36	65	1
12	3059	1	19
12	12	3059	12
10	81	20	3059
262	174	3059	346
104	81	3059	670
139	3059	90	261
3059	660	1398	534
>taipale_cyt_meth__CREB3L1_TGCCACGTGGCA_eDBD_meth
223	827	215	1937
76	38	1937	40
347	1937	53	13
150	1937	159	126
1937	7	33	0
4	1937	22	49
47	27	1937	9
3	59	10	1937
113	128	1937	183
37	47	1937	360
58	1937	23	106
1937	163	952	257
>taipale_cyt_meth__CREB3L1_TGCCACGTGTACR_FL
73	185	31	337
21	0	337	23
21	337	3	0
0	337	4	0
337	0	0	2
0	337	1	0
15	0	337	0
25	94	0	337
186	122	337	41
95	191	279	337
337	144	340	123
20	337	71	67
164	132	173	47
>taipale_cyt_meth__CREB3L1_TGCCACRYGTACR_FL_meth_repr
58	1141	17	1929
2	1	1929	5
16	1929	6	0
1	1929	0	10
1929	0	3	0
0	1929	0	2
774	17	1155	0
104	1205	0	724
383	166	1929	10
89	279	351	1929
1929	42	955	323
12	1929	12	59
1202	124	727	104
>taipale_cyt_meth__CREB3L4_YGCCACGTGGCA_eDBD
132	398	164	230
154	55	628	182
315	628	74	94
161	628	143	94
628	7	25	2
8	628	3	0
7	6	628	1
29	68	6	628
76	86	628	146
116	98	628	287
190	628	63	92
628	418	95	301
>taipale_cyt_meth__CREB3L4_YGCCACGTGGCA_eDBD_meth
34	206	60	139
50	11	345	77
127	345	18	17
49	345	49	51
345	0	45	0
1	345	9	16
8	0	345	6
2	38	7	345
24	91	345	64
21	27	345	148
92	345	10	27
345	181	80	116
>taipale_cyt_meth__CREB3_NGCCACGTGKMN_FL_meth
51	152	103	210
76	53	515	109
72	515	26	65
67	515	165	51
515	0	35	3
4	515	0	23
8	6	515	0
7	153	6	515
97	141	515	59
15	30	267	248
237	278	54	68
169	163	104	80
>taipale_cyt_meth__CREB3_NGCCACGTGKMN_FL_repr
241	414	316	582
372	114	1553	341
413	1553	110	174
204	1553	276	226
1553	0	31	5
17	1553	1	26
11	3	1553	2
0	106	0	1553
330	330	1553	183
76	161	709	845
723	831	239	319
453	564	339	198
>dbtfbs__CREB3L1_K562_ENCSR109YGM_merged_N1
14	33	154	44
26	95	90	34
45	104	35	61
27	52	123	43
209	5	28	3
0	242	1	2
0	0	245	0
0	4	0	241
0	0	245	0
1	0	219	25
22	221	0	2
>elemento__ACGTGGC
100	0	0	0
0	100	0	0
0	0	100	0
0	0	0	100
0	0	100	0
0	0	100	0
0	100	0	0
>cisbp__M01812
49.75247525	25	0.2475247525	25
0.1420454545	85.36931818	14.34659091	0.1420454545
99.62686567	0.1243781095	0.1243781095	0.1243781095
0.1243781095	99.62686567	0.1243781095	0.1243781095
0.1243781095	0.1243781095	99.62686567	0.1243781095
0.1243781095	0.1243781095	0.1243781095	99.62686567
0.1243781095	12.56218905	87.18905473	0.1243781095
12.56218905	0.1243781095	62.31343284	25
25	74.5049505	0.2475247525	0.2475247525
>cisbp__M02846
9.442831467	16.01917139	10.45670307	64.08129407
7.188646816	2.545640359	84.87945371	5.386259116
14.91928001	80.86018845	0.9319395476	3.288591988
5.846012792	86.34766094	4.016677945	3.789648322
99.48591688	0.3506007485	0.139846366	0.02363600552
0.06060752988	99.88848215	0.03394021673	0.01697010837
0.0753090267	0.254492573	99.620858	0.0493403968
0.08143832613	0.4134561173	0.07204159619	99.43306396
4.648385359	3.765543404	87.52078308	4.065288153
3.772898768	1.002318287	80.91504159	14.30974135
6.959184976	85.25852351	2.352340643	5.429950869
69.00472484	9.820184235	15.044699	6.130391924
>cisbp__M04012
8.2	12.2	27	52.6
6.756756757	1.013513514	88.85135135	3.378378378
41.28787879	58.33333333	0.3787878788	0
5.119453925	89.76109215	2.389078498	2.730375427
97.76951673	0	0.7434944238	1.486988848
0.3731343284	98.13432836	0	1.492537313
0	0.3787878788	99.62121212	0
0.3731343284	1.119402985	0.3731343284	98.13432836
18.36734694	4.664723032	76.67638484	0.2915451895
0.8108108108	0.2702702703	27.83783784	71.08108108
69.94680851	20.4787234	6.914893617	2.659574468
9.779179811	82.96529968	1.577287066	5.678233438
41.98473282	22.51908397	7.633587786	27.86259542
>cisbp__M04030
3.626634958	11.20689655	4.042806183	81.12366231
0.4837149307	0.4837149307	97.58142535	1.451144792
5.001562988	93.24788997	1.344170053	0.4063769928
0.3591250408	99.24910219	0.1632386549	0.2285341169
99.86833443	0.03291639236	0.09874917709	0
0.3913894325	99.24983692	0	0.3587736464
0.4905166776	0	99.47678221	0.03270111184
1.01207966	0.3264773098	0.4897159647	98.17172706
18.68860511	19.99017682	60.04420432	1.277013752
3.95173454	4.524886878	29.62292609	61.90045249
65.11234598	13.84392365	12.92582749	8.117902875
6.696035242	88.81057269	1.644640235	2.848751836
71.6576087	10.67934783	10.57065217	7.092391304
>cisbp__M04031
8.409785933	14.83180428	13.76146789	62.9969419
2.764976959	1.152073733	94.93087558	1.152073733
19.88527725	78.77629063	0	1.338432122
5.921052632	90.35087719	1.096491228	2.631578947
99.03846154	0.9615384615	0	0
0	99.51690821	0	0.4830917874
0	0.4830917874	99.51690821	0
0	0	0	100
4.103671706	1.943844492	88.98488121	4.967602592
1.5625	1.7578125	80.46875	16.2109375
1.382488479	94.93087558	1.152073733	2.534562212
66.55896607	12.43941842	11.79321486	9.208400646
>cisbp__M04042
8.314408277	17.3227353	12.62932122	61.7335352
5.557215417	3.391096504	85.79324768	5.258440394
24.89400363	60.82374319	1.58691702	12.69533616
1.768707483	78.24489796	15.55102041	4.43537415
98.83070666	0.3389256058	0.6270123708	0.2033553635
0.135501355	98.76355014	0.8130081301	0.2879403794
0.1526199763	0.729184331	99.08428014	0.03391555028
0.1019887812	0.492945776	0.1699813021	99.23508414
3.945559527	14.99862524	78.93868573	2.117129502
12.30919526	1.575283917	61.74136036	24.37416046
5.334323923	85.43833581	3.566121843	5.661218425
62.31792274	12.98290057	17.04876504	7.650411653
>cisbp__M06764
36.3484	9.7152	26.6332	27.3032
38.19096181	10.88778911	18.42548157	32.4957675
30.3183	8.3752	12.7303	48.5762
8.7102	2.0101	60.804	28.4757
22.11057789	38.52596147	29.31317069	10.05028995
16.0804	23.6181	0	60.3015
0	34.8409	56.9514	8.2077
100	0	0	0
0	99.1625	0	0.8375
0.8375	0	99.1625	0
0	0	0	100
0	0	100	0
0	0	85.0921	14.9079
9.7152	90.2848	0	0
73.5343	6.8677	15.0754	4.5226
>cisbp__M06766
37.5643	9.434	29.6741	23.3276
36.19213619	13.55061355	26.07202607	24.18522419
25.9005	8.7479	13.036	52.3156
6.6895	3.6021	69.2967	20.4117
26.2436	21.2693	49.0566	3.4305
30.8748	16.8096	0	52.3156
0	47.6844	50.6003	1.7153
100	0	0	0
0	100	0	0
0	0	100	0
0.1715	0	0	99.8285
0	0	100	0
0	0	76.6724	23.3276
4.4597	95.5403	0	0
66.5523	7.7187	20.4117	5.3173
>cisbp__M06767
40.5042	11.9328	22.0168	25.5462
36.4706	9.916	28.0672	25.5462
37.6471	13.4454	26.5546	22.3529
27.0588	6.5546	16.4706	49.916
7.394992605	3.193296807	67.22683277	22.18487782
26.3866	20	49.7479	3.8655
33.2773	15.4622	0	51.2605
0	48.5714	49.4118	2.0168
100	0	0	0
0	100	0	0
0	0	100	0
0	0	0	100
0	0	100	0
0	0	74.958	25.042
4.5378	95.4622	0	0
66.21843378	8.403391597	20.67227933	4.705895294
25.3782	20.8403	29.2437	24.5378
31.9328	19.6639	14.6218	33.7815
>cisbp__M06770
31.903	9.1418	28.7313	30.2239
29.4776	22.7612	22.7612	25
33.3955	15.1119	11.0075	40.4851
14.7388	11.9403	47.3881	25.9328
25	26.4925	28.3582	20.1493
31.52986847	24.999975	1.305998694	42.16415784
1.1194	50	39.5522	9.3284
99.8134	0	0.1866	0
0	93.4701	2.9851	3.5448
2.6119	1.8657	94.2164	1.306
0	0	0.1866	99.8134
0	0	100	0
0	0.7463	72.7612	26.4925
23.69402369	72.01497201	0.3731003731	3.917903918
49.8134	9.8881	22.3881	17.9104
>cisbp__M06777
3.878603879	9.612109612	6.576706577	79.93257993
0	0	99.4941	0.5059
28.3305	71.6695	0	0
0	100	0	0
100	0	0	0
0	100	0	0
0	0.1686	99.8314	0
0	0	0	100
1.686301686	38.27993828	60.03376003	0
40.1349	0	13.9966	45.8685
5.3963	59.3592	13.3221	21.9224
24.1147	56.8297	7.0826	11.973
45.1939	14.8398	7.4199	32.5464
28.4991715	23.1028769	8.937591062	39.46036054
26.9815	26.3069	8.0944	38.6172
>cisbp__M06778
4.1806	12.709	6.1873	76.9231
0	0	97.6589	2.3411
29.4314	70.5686	0	0
0	100	0	0
100	0	0	0
0	100	0	0
0	0	100	0
0	0	0	100
2.0067	39.4649	58.3612	0.1672
41.13714114	0	15.55181555	43.31104331
4.0134	59.8662	12.3746	23.7458
22.57527742	58.6956413	5.852794147	12.87628712
43.47825652	16.38798361	6.688993311	33.44476656
29.9331	23.7458	8.6957	37.6254
26.7559	24.9164	7.1906	41.1371
