>jaspar__MA1573.2
588	38	20	14
20	603	18	19
5	39	6	610
627	17	10	6
4	639	9	8
609	13	29	9
414	46	56	144
70	209	165	216
18	20	19	603
5	631	2	22
8	642	5	5
9	622	10	19
475	16	147	22
74	68	421	97
>swissregulon__hs__HCFC1
129	7	201	13
177	11	156	6
350	0	0	0
0	350	0	0
0	15	0	335
331	9	3	7
0	348	0	2
326	10	11	3
201	31	28	90
33	124	51	142
22	19	1	308
1	348	0	1
0	350	0	0
0	346	0	4
283	1	62	4
27	27	266	30
134	123	77	16
263	5	81	1
32	15	138	165
18	54	238	40
>swissregulon__hs__SIX5
348	2	0	0
0	350	0	0
1	6	0	343
328	11	2	9
0	349	0	1
325	4	20	1
205	12	25	108
26	145	28	151
14	8	2	326
2	342	0	6
0	350	0	0
0	348	0	2
289	2	58	1
31	18	270	31
143	146	52	9
268	1	81	0
36	9	141	164
15	60	259	16
4	330	1	15
>swissregulon__hs__SMARCC2
108.98	13.26	103.21	8.98
107.23	5.02	97.91	5.89
184.7	5.79	0.98	0
3.06	185.82	0	1.66
0	9.97	0	185.05
180.65	3.67	8.05	5.9
0	183.99	0.99	9.83
167.31	17.63	23.83	11.35
137.07	16.28	33.78	44.22
23.16	99.24	35.97	71.54
6.27	22.43	5.01	174.47
4.75	174.37	0.97	28.01
0	187.41	0.97	0.98
1.01	186.62	0	3.91
>hocomoco__THA11_HUMAN.H11MO.0.B
18	4	61	43
3	8	101	14
11	91	18	6
63	43	5	15
3	20	2	101
3	28	50	45
5	102	9	10
6	19	0	101
2	1	120	3
3	0	118	5
9	2	109	6
104	4	13	5
48	16	52	10
35	9	10	72
3	13	7	103
0	3	118	5
2	6	10	108
111	2	11	2
2	0	124	0
3	1	6	116
6	49	8	63
4	67	7	48
>hocomoco__ZN143_HUMAN.H11MO.0.A
121	27	208	144
13	19	451	17
53	291	129	27
240	188	26	46
18	119	24	339
23	94	160	223
61	348	50	41
5	72	6	417
8	4	483	5
6	1	490	3
15	2	476	7
428	11	30	31
220	48	173	59
157	48	50	245
21	48	40	391
17	20	451	12
30	14	54	402
423	10	45	22
22	19	450	9
13	18	38	431
17	210	30	243
28	250	32	190
>hocomoco__ZN143_MOUSE.H11MO.0.A
78	27	232	126
14	12	421	16
42	296	97	28
210	181	25	47
13	95	33	322
20	96	204	143
55	335	36	37
5	77	11	370
6	3	454	0
2	2	454	5
13	1	443	6
407	14	27	15
223	45	153	42
173	41	50	199
14	43	24	382
10	5	447	1
29	20	35	379
421	3	35	4
5	6	446	6
3	12	17	431
10	225	19	209
18	263	25	157
>dbtfbs__SIX5_representative_N1
161	12	281	12
239	12	210	5
464	2	0	0
0	466	0	0
0	11	0	455
431	12	13	10
0	466	0	0
408	17	38	3
232	42	31	161
39	157	43	227
22	20	4	420
1	459	0	6
0	466	0	0
2	464	0	0
387	0	77	2
>dbtfbs__ZNF143_representative_N1
12	19	424	9
27	321	97	19
187	217	21	39
9	121	14	320
13	117	187	147
48	344	38	34
4	102	0	358
5	0	459	0
2	0	462	0
7	1	448	8
411	13	25	15
153	71	198	42
116	39	39	270
10	56	23	375
6	1	457	0
11	14	24	415
440	0	24	0
1	0	463	0
0	1	6	457
>homer__AACTACAATTCCCAGAATGC_GFY-Staf
54.24575425	0.4995004995	45.15484515	0.0999000999
99.7	0.1	0.1	0.1
0.1	99.7	0.1	0.1
0.1	0.7	0.1	99.1
99.7	0.1	0.1	0.1
0.1	99.7	0.1	0.1
89.8	2.6	7.5	0.1
51.74825175	9.190809191	7.992007992	31.06893107
9.7	25.9	8	56.4
3.5	0.1	0.1	96.3
0.1	96.3	0.1	3.5
0.1	99.7	0.1	0.1
0.1	99.7	0.1	0.1
94.2	0.1	5.6	0.1
11.3	9.6	71.3	7.8
52.7	26.6	18.1	2.6
83	0.7	16.2	0.1
7.1	1.6	42.6	48.7
0.9	8.5	82.4	8.2
0.4995004995	95.7042957	0.6993006993	3.096903097
>homer__RACTACAACTCCCAGVAKGC_Ronin
42.6	7.1	47.5	2.8
99.7	0.1	0.1	0.1
0.1	99.7	0.1	0.1
0.1	3.1	0.1	96.7
97.1	0.1	0.1	2.7
0.1	99.7	0.1	0.1
85.9	1.4	11.3	1.4
62.7	4.3	7.1	25.9
9.99000999	47.05294705	15.58441558	27.37262737
8.5	5.7	1.4	84.4
0.1	97.1	0.1	2.7
0.1	99.7	0.1	0.1
0.1	98.5	0.1	1.3
78.3	0.1	21.5	0.1
7.1	13.1	64.2	15.6
37.2	33	24.1	5.7
74.5	5.7	18.4	1.4
11.3	5.7	45.7	37.3
1.4	19.8	62.9	15.9
4.2	91.5	0.1	4.2
>cisbp__M07931
42.3841	3.9735	52.5386	1.1038
96.9095	3.0905	0	0
0.2208	99.7792	0	0
0	7.947	0	92.053
88.3002	4.6358	3.532	3.532
0	99.117	0	0.883
86.5342	3.0905	9.9338	0.4415
55.1876	9.9338	10.1545	24.7241
10.3753	36.4238	11.9205	41.2804
3.9735	4.6358	1.766	89.6247
1.103798896	97.13010287	0.2207997792	1.545298455
0	100	0	0
0.4415	99.117	0	0.4415
79.2494	0	20.3091	0.4415
7.064	8.6093	73.9514	10.3753
>cisbp__M07950
1.948098052	3.246796753	92.20770779	2.597397403
3.8961	68.1818	18.8312	9.0909
38.961	48.7013	4.5455	7.7922
0	26.62337338	1.948098052	71.42852857
1.9481	22.0779	36.3636	39.6104
9.0909	72.0779	10.3896	8.4416
0	19.4805	1.2987	79.2208
0.6494	0	99.3506	0
0	0	100	0
5.1948	0	94.1558	0.6494
87.66221234	3.246796753	7.142892857	1.948098052
47.4025526	14.93508506	27.92207208	9.74029026
28.5714	11.6883	11.039	48.7013
1.2987	6.4935	3.8961	88.3117
0.6494	1.2987	98.0519	0
0.6493993506	5.194794805	5.844194156	88.31161169
96.7532	0	2.5974	0.6494
0	0	99.3506	0.6494
0	0	1.9481	98.0519
0.6493993506	40.90905909	1.948098052	56.49344351
1.948098052	63.63633636	3.246796753	31.16876883
>cisbp__M07951
7.6923	69.2308	18.2186	4.8583
40.8907	42.915	7.6923	8.502
1.619401619	28.74492874	4.048604049	65.58706559
2.429102429	20.24292024	47.36844737	29.95952996
8.0972	78.5425	7.2874	6.0729
1.2146	21.8623	0.4049	76.5182
0.4049	0	99.5951	0
0	0	100	0
3.2389	0	95.9514	0.8097
89.87858988	0.8097008097	6.882606883	2.429102429
34.413	14.5749	42.5101	8.502
22.26722227	11.33601134	9.311709312	57.08505709
0.8097	12.5506	6.0729	80.5668
0	0.8097	99.1903	0
2.0243	3.6437	4.8583	89.4737
94.332	0	5.668	0
0	0	99.5951	0.4049
0	0	2.0243	97.9757
1.619401619	47.36844737	4.453404453	46.55874656
2.834	64.7773	2.834	29.5547
17.8138	35.6275	17.8138	28.7449
>cisbp__M08044
8.8235	5.8824	85.2941	0
14.70588529	67.64703235	11.76468824	5.882394118
41.1765	35.2941	0	23.5294
0	26.4706	8.8235	64.7059
8.823508824	26.47062647	20.58822059	44.11764412
8.8235	67.6471	8.8235	14.7059
5.882394118	14.70588529	2.941197059	76.47052353
2.9412	0	97.0588	0
0	0	100	0
5.882394118	0	91.17640882	2.941197059
88.2353	0	0	11.7647
41.17645882	5.882394118	23.52937647	29.41177059
38.2353	17.6471	0	44.1176
0	2.9412	2.9412	94.1176
2.9412	0	97.0588	0
2.9412	2.9412	0	94.1176
82.35298235	0	8.823508824	8.823508824
0	0	100	0
0	0	5.8824	94.1176
2.9412	44.1176	5.8824	47.0588
14.70588529	26.47057353	5.882394118	52.94114706
>cisbp__M08208
0	0	100	0
100	0	0	0
36.2162	6.4865	50.8108	6.4865
21.0811	8.6486	8.1081	62.1622
0	3.2432	0	96.7568
0	0	100	0
0	0	2.1622	97.8378
96.2162	0	3.7838	0
0	0	100	0
0	0	0	100
