>elemento__AGCTCCT
100	0	0	0
0	0	100	0
0	100	0	0
0	0	0	100
0	100	0	0
0	100	0	0
0	0	0	100
>kznf__ZFP3_Schmitges2016_RCADE
11.46720459	1.495730598	80.12823205	6.908832764
10.61250743	7.478635235	70.15674911	11.75210823
39.1026391	18.01991802	19.72931973	23.14812315
12.89170902	11.75210823	6.339034437	69.01714831
16.59540664	5.19943208	72.43592897	5.769232308
41.66674167	20.86892087	13.17661318	24.28772429
46.79487192	8.048425171	40.24217585	4.914527051
0.3561251603	8.048433622	10.8974049	80.69803631
98.64671953	0.0712251141	0.0712251141	1.21083024
6.339030634	1.49573015	90.66950907	1.49573015
4.059830804	0.0712251141	95.79771897	0.0712251141
99.50142468	0.07122511766	0.07122511766	0.3561250883
0.6410261526	0.07122511695	99.21652361	0.07122511695
1.780630712	22.57830903	5.484332194	70.15672806
3.490031396	18.87460755	7.763533105	69.87182795
3.205128077	49.92877004	7.763525342	39.10257654
22.8632	11.4672	39.9573	25.7123
12.3219	44.8006	15.7407	27.1368
