>jaspar__MA1647.2
316	168	483	214
392	191	369	229
220	275	437	249
220	745	76	140
33	1098	14	36
21	40	13	1107
202	37	203	739
30	4	1141	6
1155	12	7	7
1140	10	27	4
1161	6	9	5
16	1147	8	10
223	434	39	485
170	184	715	112
145	439	103	494
137	528	92	424
406	225	321	229
>swissregulon__hs__RFX5
20.32	59.577	51.91	142.526
59.254	65.854	90.915	58.311
23.499	209.82	30.653	10.361
32.64	187.297	7.744	46.653
9.454	109.014	4.223	151.642
149.742	12.559	111.08	0.952
6.464	4.106	263.686	0.076
65.376	128.999	2.687	77.271
169.063	4.661	70.475	30.133
258.149	9.771	6.333	0.081
1.619	253.42	11.275	8.018
107.654	43.851	5.826	117.003
80.253	34.597	150.174	9.31
141.722	46.008	75.453	11.151
2.641	31.745	10.188	229.759
14.056	6.548	235.181	18.548
235.177	20.9	5.216	13.041
7.635	155.822	34.381	76.495
54.546	18.248	133.84	67.699
32.349	140.465	20.935	80.584
>hocomoco__RFX5_HUMAN.H11MO.0.A
95	109	239	57
64	80	115	241
66	267	92	75
245	105	98	52
45	167	175	113
40	287	57	116
128	34	105	233
10	6	480	4
5	40	27	428
45	67	8	380
75	22	347	56
12	453	4	31
8	217	10	265
313	8	167	12
64	18	323	95
25	28	435	12
71	197	157	75
266	78	105	51
154	54	260	32
275	74	110	41
>dbtfbs__PRDM4_HEK293_ENCSR443MVV_merged_N1
64	43	272	40
74	42	255	48
83	57	220	59
132	66	142	79
95	102	136	86
113	196	39	71
64	272	24	59
55	30	26	308
144	17	62	196
25	0	394	0
418	0	0	1
398	8	13	0
414	0	5	0
6	413	0	0
95	97	18	209
63	68	245	43
57	223	14	125
37	244	22	116
>kznf__ZNF527_Imbeault2017_OM_MEME
6.8966	25.8621	24.1379	43.1034
8.620708621	29.31032931	15.51721552	46.55174655
6.896593103	10.34478966	34.48276552	48.27585172
3.448303448	93.1034931	1.724101724	1.724101724
1.7241	3.4483	25.8621	68.9655
0	0	100	0
0	0	0	100
0	41.3793	0	58.6207
15.5172	0	63.7931	20.6897
3.4483	94.8276	1.7241	0
13.7931	10.3448	18.9655	56.8966
1.724101724	5.172405172	51.72415172	41.37934138
24.1379	20.6897	55.1724	0
6.896593103	84.48271552	0	8.620691379
43.1034431	22.41382241	32.75863276	1.724101724
55.1724	27.5862	8.6207	8.6207
1.724101724	58.62075862	1.724101724	37.93103793
8.6207	72.4138	8.6207	10.3448
>cisbp__M08009
10.63831064	11.82031182	15.13001513	62.41136241
9.2199	68.5579	12.2931	9.9291
60.5201	11.8203	18.6761	8.9835
6.6194	32.6241	28.6052	32.1513
4.728104728	55.08275508	11.34751135	28.84162884
26.7139	5.4374	19.3853	48.4634
1.418401418	0	98.10879811	0.4728004728
0	3.0733	0.4728	96.4539
7.565	15.8392	1.8913	74.7045
21.27662128	0.7092007092	62.17496217	15.83921584
0.9456009456	92.67149267	1.182001182	5.200905201
0	41.1348	0.4728	58.3924
63.59333641	1.891298109	32.15126785	2.364097636
17.25771726	1.418401418	65.72106572	15.6028156
4.964504965	8.037808038	82.26958227	4.728104728
>cisbp__M08011
12.8319	9.292	12.1681	65.708
10.61948938	69.69023031	10.61948938	9.070790929
58.4071	17.4779	13.7168	10.3982
9.9558	28.3186	28.5398	33.1858
6.637193363	54.86724513	11.72568827	26.76987323
31.1947	2.8761	15.9292	50
3.3186	1.7699	92.4779	2.4336
0.4425	2.8761	2.2124	94.469
7.300907301	18.36281836	4.203504204	70.13277013
19.9115	2.4336	57.3009	20.354
0.2212	91.8142	0.2212	7.7434
0.6637	44.2478	1.5487	53.5398
66.8142	2.2124	27.8761	3.0973
17.6991	2.4336	61.7257	18.1416
5.7522	7.9646	80.9735	5.3097
