>jaspar__MA0347.2
14	7	12	15
17	11	7	13
27	17	1	3
45	2	1	0
0	0	48	0
0	0	48	0
0	0	48	0
7	4	1	36
0	43	1	4
0	43	2	3
17	2	13	16
12	10	5	21
11	6	5	26
>cisbp__M01527
27.14447343	14.17065772	46.11662291	12.56824593
23.99013902	11.67725429	51.29754379	13.03506289
53.08577585	9.993241534	11.84503767	25.07594494
0.04335492385	97.67689093	0.005470774959	2.274283371
0.03064654364	99.95945034	0.004360208546	0.005542911409
3.378520122	92.5211974	0.01480837738	4.085474098
5.104932033	20.08969782	10.07651166	64.72885848
18.82294508	13.26430521	33.95637486	33.95637486
29.4130611	19.91431522	24.32339953	26.34922415
>cisbp__M01876
26.59282727	22.88865855	21.12889485	29.38961933
26.71982822	18.82914471	37.91724113	16.53378594
20.65298522	9.09622845	48.32069184	21.9300945
63.1133192	6.652094906	8.801585084	21.43300081
0.2492497072	95.65040729	0.001519612297	4.09882339
0.6555693885	99.26061575	0.008211241698	0.0756036191
2.758608275	95.08072845	0.1170360005	2.043627274
1.828207329	30.67156134	2.568535481	64.93169585
20.77066333	8.277504833	34.58920275	36.36262909
36.44324595	16.21207192	27.54321277	19.80146936
