>dbtfbs__ZNF7_HepG2_ENCSR553QMC_merged_N1
9	83	2	89
180	0	0	3
169	3	0	11
81	0	102	0
108	0	5	70
3	0	180	0
0	68	65	50
61	40	26	56
21	28	109	25
68	0	105	10
5	174	1	3
162	2	15	4
>kznf__ZNF7_Imbeault2017_OM_RCADE
50.86803896	13.36808396	30.72916313	5.034713958
16.8403	61.2847	7.8125	14.0625
73.78472214	12.6736038	5.729171719	7.812502344
52.25691045	9.20139184	29.34030587	9.20139184
25.86807413	18.92358108	13.36808663	41.84025816
43.2292	21.0069	11.9792	23.7847
29.3403	34.8958	14.0625	21.7014
7.812500781	59.89580599	2.951390295	29.34030293
98.78472173	0.1736110382	0.1736110382	0.868056191
96.00694224	1.562500688	1.562500688	0.8680563819
32.11809293	0.1736109618	67.53468514	0.1736109618
38.36809156	0.1736109618	0.1736109618	61.28468652
0.1736109427	0.1736109427	99.47916717	0.1736109427
1.562501563	41.14584115	23.78472378	33.50693351
13.36810134	23.78470238	2.951390295	59.89580599
7.812500781	10.59030106	72.39580724	9.20139092
35.59029609	0.1736109809	56.42359379	7.812499141
4.340280868	86.28471726	6.423611285	2.95139059
