>kznf__ZNF189_Imbeault2017_OM_RCADE
20.4576	35.4304	37.0199	7.0921
19.82670198	3.39659034	39.55940396	37.21730372
0.09208119319	0.1978449854	99.61799263	0.09208119319
0.1449629632	0.09208117661	99.67087468	0.09208117661
99.67087468	0.09208117661	0.1449629632	0.09208117661
99.72375652	0.09208115985	0.09208115985	0.09208115985
13.82770277	39.34790787	45.74350915	1.080880216
37.34948319	14.82689333	47.62577857	0.197844911
0.09208115985	0.09208115985	99.72375652	0.09208115985
54.18663251	36.63932198	7.197874319	1.976171186
52.34501937	17.71020655	29.79981103	0.1449630536
22.7204	16.6563	49.321	11.3023
>kznf__ZNF189_Imbeault2017_RP_RCADE
24.39841464	34.55882074	34.29142057	6.751344051
20.1203	5.9492	39.1043	34.8262
0.0668448768	0.0668448768	99.79946537	0.0668448768
0.0668448768	0.0668448768	99.79946537	0.0668448768
99.79946537	0.0668448768	0.0668448768	0.0668448768
99.79946537	0.0668448768	0.0668448768	0.0668448768
11.56419029	40.44116603	47.12566041	0.8689832701
38.56950617	17.71390283	42.84760686	0.868984139
0.0668448768	0.0668448768	99.79946537	0.0668448768
49.2647	37.2326	10.2273	3.2754
42.58024088	23.86362291	32.95453164	0.6016045775
23.3289	13.9706	49.5321	13.1684
