>hocomoco__BATF3_HUMAN.H11MO.0.B
86	177	103	134
242	28	122	108
15	195	251	39
15	8	7	470
23	32	4	441
21	80	21	378
9	428	10	53
251	89	60	100
105	91	109	195
115	21	32	332
241	99	28	132
4	0	5	491
6	12	405	77
432	3	21	44
50	231	159	60
126	60	73	241
121	193	93	93
>homer__CTTTCANTATGACTV_IRF_BATF
5.1	50.8	30	14.1
0.4	1.7	0.1	97.8
0.1	12.3	0.1	87.5
0.4	8.1	0.4	91.1
0.1	98.7	0.4	0.8
61.9	10.3	4.7	23.1
24.22422422	22.22222222	24.42442442	29.12912913
24.6	0.9	3.4	71.1
46.5	18	6.4	29.1
0.1	0.1	0.1	99.7
3.4	11.1	61.1	24.4
88.4	2.1	0.9	8.6
16.1	51.3	25.7	6.9
18.3	5.1	1.7	74.9
24.3	36	23.5	16.2
>homer__NAGTTTCABTHTGACTNW_bZIP_IRF
19.81981982	30.03003003	21.92192192	28.22822823
49.5	3.2	26.1	21.2
2.7	29.3	54.7	13.3
0.6	2.3	1.1	96
0.8	13.6	2.8	82.8
0.7	3.7	0.4	95.2
0.1	95.6	1.7	2.6
63.6	8.7	3.7	24
15.01501502	19.31931932	31.53153153	34.13413413
19.7	2.9	7.7	69.7
31.8	24.1	6.5	37.6
0.5	0.1	0.2	99.2
1.6	14.8	69.6	14
84	3.8	3.9	8.3
15.3	54.6	26.6	3.5
16.8	5.6	1.9	75.7
20.8	32.3	25.7	21.2
36.9	16.4	17.3	29.4
