>cisbp__M01145
30.49209683	23.16930106	23.16930106	23.16930106
34.00053811	27.40322119	11.06713402	27.52910668
5.998916204	58.22992162	22.46088887	13.3102733
99.97494953	0.008350158174	0.008350158174	0.008350158174
0.008350158174	99.97494953	0.008350158174	0.008350158174
0.008350158174	0.008350158174	99.97494953	0.008350158174
0.008350158174	0.008350158174	0.008350158174	99.97494953
0.008350158174	7.231153628	92.75214606	0.008350158174
9.06185257	1.8390491	27.21875327	61.88034506
13.94121614	58.17635159	13.94121614	13.94121614
35.14436312	19.00943395	26.83676897	19.00943395
>cisbp__M01826
29.19173835	20.77271046	29.26284072	20.77271046
47.4838842	18.7566442	7.051653428	26.70781817
2.579219184	72.60617771	22.23538392	2.579219184
99.97507553	0.008308156847	0.008308156847	0.008308156847
0.008308156847	99.97507553	0.008308156847	0.008308156847
0.008308156847	0.008308156847	99.97507553	0.008308156847
0.008308156847	0.008308156847	0.008308156847	99.97507553
0.008308156847	7.270736396	92.71264729	0.008308156847
11.49802593	4.235597693	64.26301251	20.00336386
24.7265128	39.36017774	17.95665473	17.95665473
32.71273308	22.42908897	22.42908897	22.42908897
