>nitta__brk_TATTTG40NCCA_KL_WRGCGCCGGCGCYW_m2_c3
2266	492	899	5508
3332	26	4748	48
628	10	7424	10
17	7791	11	8
5	20	7846	4
5	7805	11	21
19	7818	3	49
47	14	7821	23
16	7	7820	13
16	7839	19	9
7	20	7793	17
6	7374	11	631
61	4734	23	3314
5482	852	517	2317
>taipale_cyt_meth__ZNF454_TRGCGCCGGCGCYN_eDBD_meth
527	206	370	3733
1553	58	2180	61
757	34	3733	26
10	3733	7	35
3	7	3733	2
1	3733	0	8
58	3733	2	47
27	1	3733	67
5	5	3733	2
11	3733	9	10
14	5	3733	49
22	3733	28	825
204	2128	87	1605
1287	749	603	1095
>taipale_cyt_meth__ZNF454_TRGCGCCGGCGCYN_eDBD_repr
2588	979	1535	18217
6904	71	11313	124
2437	7	18217	0
43	18217	13	6
0	11	18217	0
0	18217	1	0
0	18217	6	8
25	3	18217	0
8	6	18217	0
16	18217	1	0
9	16	18217	85
0	18217	86	2460
458	12355	207	5863
5510	4166	3176	5366
>kznf__ZNF101_Imbeault2017_OM_RCADE
13.07800523	6.141622457	79.26303171	1.517340607
13.36708663	22.03757796	4.118495882	60.47683952
14.81209852	2.673409733	48.33819517	34.17629658
3.829478457	0.9393056215	95.15896165	0.07225427088
0.939306047	94.29190471	0.6502890325	4.118500206
4.407507166	73.77165256	0.07225425354	21.74858602
0.9393055303	98.33815083	0.3612718194	0.3612718194
0.3612718833	98.62716814	0.07225427666	0.9393056966
40.53468379	17.12429315	1.517339393	40.82368367
0.6502890156	0.07225430173	99.20520238	0.07225430173
4.985548504	13.36709599	3.829478851	77.81787665
34.46532068	8.453765072	51.51733091	5.563583338
2.095378114	21.74858043	7.586703172	68.56933829
8.742770874	87.64450876	1.806360181	1.806360181
41.69074997	28.68496558	6.14161263	23.48267182
