>jaspar__MA0632.2
2810	10582	22297	36854
0	72543	0	0
72543	0	29710	9359
0	72543	0	1643
1566	0	72543	0
1765	57092	0	15451
3520	657	72543	0
1593	72543	4594	635
72543	44394	19096	25921
10588	47538	5747	8670
>jaspar__MA1382.1
234	117	98	142
122	191	97	181
73	236	58	224
126	193	13	259
8	550	17	16
591	0	0	0
0	591	0	0
0	0	591	0
0	587	0	4
0	0	590	1
0	586	0	5
27	321	50	193
112	62	147	270
145	212	82	152
135	219	66	171
>taipale_cyt_meth__TCFL5_NCACGYGCAN_eDBD_meth_repr
4828	27196	61250	44984
249	138257	2375	1106
138257	417	52139	27196
0	138257	0	1924
3326	0	138257	0
1006	114092	0	24165
2930	494	138257	571
1387	138257	4942	2839
138257	101830	29981	35903
15131	93151	11408	18566
>elemento__CACGCGC
0	100	0	0
100	0	0	0
0	100	0	0
0	0	100	0
0	100	0	0
0	0	100	0
0	100	0	0
>cisbp__M09540
21.32132132	27.92792793	17.71771772	33.03303303
29.8	31.4	9.2	29.6
10.6	62.2	14.2	13
97.3	0.1	0.7	1.9
0.1	97.9	0.1	1.9
0.3	0.1	87	12.6
0.1	92.4	0.1	7.4
7.5	0.8	79.9	11.8
8.9	76.1	0.1	14.9
9.59040959	35.06493506	21.47852148	33.86613387
23.6	18.9	18.3	39.2
21.97802198	29.57042957	20.57942058	27.87212787
