>swissregulon__sacCer__CRZ1
80.64	46.08	1.28	1.28
0	0	128	0
0	128	0	0
0	126.72	0	0
53.76	38.4	8.96	26.88
8.96	97.28	10.24	10.24
>yetfasco__YDL020C_1700
13.89997831	7.052402643	20.42513029	58.62248876
8.15500623	0.1312944367	0.09162207726	91.62207726
0.1476568566	40.65897416	0.0596659064	59.13370308
0.0983817191	0.0983817191	98.3817191	1.421517459
0.2865018709	99.51436988	0.09961388424	0.09951436988
1.142097488	95.36552174	3.39701525	0.09536552174
90.49200503	3.668002932	0.09049200503	5.749500032
3.301451152	96.50544146	0.09650544146	0.0966019469
9.129730073	65.4353051	0.06589335223	25.36907148
20.22108358	27.56994492	31.59781293	20.61115858
20.4973663	25.11433637	27.08897804	27.29931929
27.60107851	26.67979556	28.73262682	16.98649911
>cisbp__M01170
10.7210852	14.2908139	15.48072347	59.50737744
2.549983057	57.61606235	6.78583531	33.04811928
0.006620762712	0.006620762712	99.98013771	0.006620762712
0.006620762712	99.31806144	0.6686970339	0.006620762712
0.006620762712	99.98013771	0.006620762712	0.006620762712
77.46954449	0.006620762712	22.51721398	0.006620762712
0.7060961969	95.78439597	0.006991051454	3.502516779
16.50815217	44.65256211	2.921195652	35.91809006
>cisbp__M01176
12.0544316	10.85019268	16.87138728	60.22398844
0.009087604507	62.71355871	4.552889858	32.72446383
0.007810059356	0.007810059356	99.97656982	0.007810059356
0.007810059356	99.97656982	0.007810059356	0.007810059356
0.007810059356	99.97656982	0.007810059356	0.007810059356
77.14892947	14.17663728	2.369332494	6.305100756
0.008330556481	99.14195268	0.008330556481	0.8413862046
20.7337884	48.76889322	10.98244759	19.51487079
