>jaspar__MA0586.2
125	7	74	377
23	534	0	26
0	583	0	0
0	0	583	0
0	0	0	583
583	0	0	0
0	581	0	2
302	87	129	65
239	105	113	126
164	104	83	232
148	86	104	245
>jaspar__MA1056.1
229	229	229	314
314	229	229	229
172	318	172	339
147	624	63	166
0	0	1000	0
0	0	0	1000
1000	0	0	0
0	1000	0	0
21	21	936	21
21	21	773	185
572	78	78	271
188	271	188	353
>jaspar__MA1059.2
244	107	109	138
273	73	123	129
102	150	89	257
25	153	36	384
0	0	598	0
0	0	0	598
598	0	0	0
0	598	0	0
0	0	598	0
0	0	598	0
546	8	1	43
170	259	19	150
>jaspar__MA1320.1
91	30	62	63
111	33	43	59
128	29	28	61
39	58	33	116
5	45	16	180
5	0	241	0
0	0	0	246
246	0	0	0
0	246	0	0
0	0	244	2
0	0	241	5
219	4	3	20
69	106	18	53
94	44	66	42
>cisbp__M06742
43.2937	15.7895	17.657	23.2598
40.4075	13.9219	16.8081	28.8625
18.1664	24.1087	16.129	41.5959
7.1307	22.0713	12.2241	58.5739
0	0	100	0
0	0	0	100
100	0	0	0
0	100	0	0
0.1698	0	99.8302	0
4.4143	0	94.9066	0.6791
69.43976944	16.2988163	0.5093005093	13.75211375
22.58062258	41.76574177	10.35651036	25.2971253
>cisbp__M07256
43.84745615	12.998287	16.46448354	26.68977331
44.1941	11.9584	16.2912	27.5563
18.7175	22.357	18.8908	40.0347
6.7591	15.4246	8.4922	69.3241
0	0	100	0
0	0	0	100
100	0	0	0
0	100	0	0
0	0	99.8267	0.1733
2.0797	0	94.8007	3.1196
83.8821	5.7192	0.8666	9.5321
23.5702	38.1282	9.7054	28.5962
38.47486153	16.11788388	24.95667504	20.45057955
>cisbp__M07258
44.5	13.1667	15	27.3333
40	12	21.1667	26.8333
20.66667933	17.66668233	14.4999855	47.16665283
4.1667	17.3333	8.3333	70.1667
0	0	100	0
0.1667	0.3333	0	99.5
99.8333	0	0	0.1667
0	100	0	0
0	0.1667	79.3333	20.5
6.3333	0.5	75	18.1667
72.6667	8	4	15.3333
>cisbp__M07259
42.54605745	16.24788375	15.07538492	26.13067387
38.86096114	14.57288543	16.41538358	30.15076985
22.2781	18.7605	17.2529	41.7085
10.55278945	20.26797973	14.23788576	54.94134506
0.67	0.1675	99.1625	0
0	0	0	100
100	0	0	0
0.1675	99.8325	0	0
1.5075	0.8375	94.4724	3.1826
10.8878	0	81.072	8.0402
63.8191	13.2328	0.1675	22.7806
>cisbp__M07261
40.8027	17.893	18.2274	23.0769
45.65215435	12.20738779	20.56857943	21.57187843
17.0569	25.0836	14.8829	42.9766
4.1806	25.5853	6.0201	64.214
0	0	100	0
0	0	0	100
100	0	0	0
0	100	0	0
0	0	100	0
0	0	100	0
91.3043913	1.337801338	0.1672001672	7.190607191
28.4281	43.311	3.1773	25.0836
