>cisbp__M06849
13.8333	14.6667	11.5	60
24.8333	8.1667	10.6667	56.3333
14.33331433	6.000006	14.33331433	65.33336533
19.1667	4.5	23.5	52.8333
14.5	54.6667	3.3333	27.5
64.000064	21.83332183	9.333309333	4.833304833
0	100	0	0
0	2.6667	0	97.3333
0	0	0	100
0	0	0	100
14.1667	0.5	0	85.3333
5.8333	13.1667	5.1667	75.8333
23.16667683	29.16667083	23.999976	23.66667633
22.3333	29.6667	15.5	32.5
19.6667	22.8333	12.1667	45.3333
19	24.8333	6	50.1667
17.83331783	18.83331883	7.833307833	55.5000555
19.5	19.5	4.5	56.5
20.5000205	11.83331183	8.833308833	58.83335883
