>jaspar__MA1390.2
395	471	237	435
469	240	435	394
1046	130	123	239
1453	14	22	49
10	7	1350	171
1510	4	16	8
37	2	3	1496
55	23	14	1446
15	1518	1	4
155	960	119	304
717	181	291	349
443	238	258	599
506	280	249	503
497	237	299	505
>jaspar__MA1735.1
647	93	25	235
833	20	8	138
285	378	63	273
995	0	3	2
0	0	2	998
0	0	0	1000
0	1000	0	0
0	333	8	658
222	285	55	438
148	143	15	693
230	133	107	530
>kznf__ZNF85_Schmitges2016_RCADE
24.2042	28.183	19.1645	28.4483
20.756	19.4297	36.6711	23.1432
12.0027	22.878	51.2599	13.8594
68.76660756	0.8620690948	22.08220243	8.289120912
2.453579509	1.127319775	95.29178094	1.127319775
95.29177904	0.8620688103	3.779839168	0.06631298541
0.3315651393	0.06631302785	8.554383593	91.04773824
0.06631300332	0.3315650166	0.5968170298	99.00530495
37.73210377	47.0159047	9.880640988	5.371350537
0.06631297414	99.80106108	0.06631297414	0.06631297414
60.80902432	6.432362573	4.57560183	28.18301127
4.840851452	1.127320338	59.74801792	34.28381029
0.3315650729	95.02652091	0.06631301459	4.575601007
74.07163704	4.045092023	6.962863481	14.92040746
13.0637	21.0212	35.0796	30.8355
>cisbp__M01068
35.64994725	17.35269225	21.62278603	25.37457446
71.46809651	4.523342211	11.46445235	12.54410893
1.562401432	1.192705215	76.41843911	20.82645424
97.93830105	0.006062322515	1.740787679	0.3148489435
1.491534282	0.02447275821	0.008736945026	98.47525602
16.31358841	11.72822589	3.788607001	68.1695787
0.0002802501635	99.5014369	0.1686671701	0.3296156785
12.36622322	39.84388017	17.37389551	30.4160011
24.71510934	28.42914271	24.71510934	22.14063861
22.85183957	26.28587232	16.42872982	34.43355829
>cisbp__M01077
37.9438345	15.12134054	21.24469096	25.690134
58.29207161	7.282440878	11.19498703	23.23050048
4.552860788	2.817234641	58.30896059	34.32094398
93.68113058	0.0584196361	3.596268529	2.664181253
7.165327297	0.05282629193	0.09248153656	92.68936487
10.98804885	2.736851616	14.98138176	71.29371777
3.209868706	90.57969167	0.06180506471	6.148634561
3.443154329	36.83277254	30.45919768	29.26487546
21.96250664	30.24517766	19.8724978	27.9198179
21.57621217	24.81855154	18.38603519	35.21920109
>cisbp__M01270
38.93910662	16.15127603	20.32799617	24.58162118
58.79786806	8.118176802	10.11587121	22.96808393
4.846225914	3.736690176	51.84197968	39.57510423
92.97049898	0.2085205312	6.063469906	0.7575105823
3.767706794	0.02343479348	0.005281561639	96.20357685
9.137952955	4.537773145	13.90761309	72.41666081
0.003495591133	98.86420259	0.0005720679497	1.131729754
4.831002862	36.41766932	29.81626583	28.935062
21.22793838	31.04128716	22.31631805	25.41445641
21.65162363	26.71113303	19.01219178	32.62505156
>cisbp__M01276
46.98943931	12.80611615	11.70390891	28.50053563
33.64871763	33.98689286	12.75565811	19.6087314
89.27105367	1.736162623	3.98157428	5.011209428
3.71925284	1.288556757	0.02582332307	94.96636708
10.54784062	5.846955852	8.722633146	74.88257038
6.279750339	83.70763771	3.344543543	6.668068413
7.804464842	33.60570974	17.54371885	41.04610657
23.12044852	27.68020241	20.09995233	29.09939674
20.97367491	26.66276641	16.01087335	36.35268533
>cisbp__M01283
38.41517886	14.85672559	19.65737654	27.07071901
55.83298496	6.905821997	6.311446083	30.94974696
26.93660621	34.93489502	9.810823228	28.31767554
96.00514098	0.5088519052	2.002510699	1.483496413
2.753610788	1.262271738	1.075637022	94.90848045
7.052883072	2.896307007	3.265577032	86.78523289
4.156764236	90.44454887	1.483993766	3.914693132
3.22517852	41.72032012	13.74930536	41.305196
24.38802407	28.61961137	19.7685481	27.22381645
18.0086316	27.40844497	16.45865003	38.1242734
>cisbp__M02289
30.07323531	20.3612907	23.42105921	26.14441478
64.44525632	6.724893739	13.40752511	15.42232484
3.112092393	2.259842894	74.83571876	19.79234595
94.74932388	1.052569912	3.710752583	0.4873536245
3.344245517	0.3157644083	0.06186758606	96.27812249
18.41695909	14.48729313	5.949290268	61.14645751
0.003497990995	97.94768616	0.06616746002	1.982648391
11.91601997	39.96019009	20.24451132	27.87927861
24.02315572	28.47476302	25.76503105	21.7370502
21.43196583	27.24536834	19.98303248	31.33963335
>cisbp__M02292
36.45220708	15.11975259	18.28355474	30.1444856
63.59509723	6.065011146	7.407821342	22.93207028
2.68812715	0.6305547601	76.61897211	20.06234598
97.7091924	0.1056097739	1.702326157	0.4828716689
0.4450921604	0.01304338832	0.005198038608	99.53666641
16.61171731	9.777739362	20.08771247	53.52283086
0.5891742649	98.5896933	0.009764193854	0.8113682382
1.649093709	45.16063812	23.81286235	29.37740582
24.23123898	29.59610212	20.44304379	25.72961511
23.17615096	26.13103724	13.23842749	37.45438431
>cisbp__M02294
38.15253855	18.7574742	18.02198312	25.06800413
10.18806842	7.179410471	55.21404019	27.41848092
79.2179241	2.186282446	15.36669627	3.229097183
0.01522150567	0.004025742134	0.002369571827	99.97838318
17.34799791	12.22492751	21.83419034	48.59288424
3.429178095	88.43966865	3.361275819	4.769877436
7.921783032	36.22017596	28.2083014	27.64973961
21.30898574	30.84975626	24.75750931	23.08374868
22.51772691	26.95861363	22.74403382	27.77962564
>cisbp__M02295
26.37861347	21.59698207	27.18196185	24.84244261
34.23924764	18.05409589	19.95286173	27.75379474
52.83838566	10.77510012	12.64469713	23.7418171
7.162070762	3.154402676	57.90473449	31.77879208
89.73209239	0.01540333062	8.906919799	1.345584486
0.5484781128	0.0111022454	0.01656260388	99.42385704
17.99005523	19.10249812	22.86984243	40.03760422
1.500247782	92.35411663	2.600308996	3.54532659
7.282638017	37.92054923	24.66766216	30.12915059
24.03231309	29.06106493	24.27384185	22.63278013
>cisbp__M02302
32.63618129	17.91111605	22.99832825	26.4543744
53.02044461	10.08125327	13.07468067	23.82362146
8.335381408	3.288755662	52.48404794	35.89181499
83.09309875	1.323079073	14.87916111	0.7046610666
3.135100469	0.04893126218	0.01459116927	96.8013771
18.44670802	19.58738874	25.91665799	36.04924525
0.02976800814	99.05536974	0.004871657678	0.9099905946
5.368734117	38.11439941	29.38816811	27.12869837
22.60633867	28.16923258	24.73527442	24.48915433
22.48415748	26.91842373	20.54897269	30.0484461
>cisbp__M02309
39.5895918	16.92118269	20.87529183	22.61393367
7.973909722	7.585017556	56.60939309	27.83167964
78.99966317	4.901021189	14.14616537	1.953150265
8.279093879	3.910767036	0.1266577804	87.6834813
15.38445646	13.78192125	20.76684406	50.06677823
0.0246011455	95.11034335	1.964107075	2.900948426
3.764830651	40.67862947	32.32053802	23.23600186
17.95050682	35.43210568	26.7790094	19.8383781
21.19784728	30.68885726	25.37843082	22.73486463
17.92218605	29.84565862	27.55101534	24.68114
>cisbp__M02310
37.88235137	15.71295201	19.97507689	26.42961973
60.5181361	6.252260577	10.51647516	22.71312816
6.071732558	1.368402491	63.66557507	28.89428989
91.36370236	0.3886206014	7.424967224	0.8227098195
2.529570056	0.07193799948	0.07412883773	97.32436311
17.91465355	15.41928521	25.16914935	41.49691189
0.1748030025	98.09185737	0.05818686489	1.675152759
3.199594788	40.97754249	26.65626407	29.16659865
23.88216094	28.59213774	21.39445499	26.13124633
23.59179393	25.55668527	15.65669995	35.19482085
>cisbp__M02328
26.42720285	23.20560608	23.67439042	26.69280066
45.91741599	13.15555994	19.23717257	21.6898515
5.690451338	5.747641324	65.94292306	22.61898428
85.62239054	1.750579404	7.315144741	5.31188531
6.49523399	2.947828141	2.227920582	88.32901729
21.165401	20.74629798	10.51042709	47.57787394
2.51949871	89.48401057	2.44503627	5.551454452
14.68406445	38.35031934	21.25862839	25.70698782
22.41660617	29.36495719	27.10727199	21.11116465
22.13936186	29.2932497	22.58660663	25.98078181
>cisbp__M02329
36.96832919	16.28202239	20.69850713	26.05114128
56.50001699	8.535559768	11.29365359	23.67076965
8.546595055	2.816606987	53.27850487	35.35829309
86.53626174	0.3831087214	10.91964584	2.160983706
3.658353718	0.06567829608	0.01978192263	96.25618606
19.09022212	16.93150814	24.75868343	39.21958632
0.08650239448	97.7503535	0.2236700769	1.939474026
4.853447357	38.84926848	26.04144344	30.25584072
24.48847748	26.00276036	23.76473359	25.74402857
23.06971698	26.27244849	18.88788676	31.76994777
>cisbp__M07029
100	0	0	0
0	0	61.1007	38.8993
100	0	0	0
0	0	0	100
0	0	0	100
0	100	0	0
0	35.1679	14.459	50.3731
>cisbp__M07135
40.8333	16.1667	28.8333	14.1667
34	7.3333	48.5	10.1667
86	0.5	3	10.5
95	0.1667	0	4.8333
0.3333003333	0	59.33335933	40.33334033
100	0	0	0
0	0	0.1667	99.8333
0	0	2.3333	97.6667
0	100	0	0
0	54.8333	15.5	29.6667
22.1667	23.5	12.5	41.8333
16.6667	21	4.5	57.8333
21.16667883	18.66668133	16.16668383	43.999956
22.4999775	20.16667983	14.16668583	43.16665683
