>kznf__ZNF154_Imbeault2017_RP_RCADE
8.976831347	3.571430536	0.4826250724	86.96911305
3.571430532	0.09652511438	91.60231365	4.729730705
0.09652511438	3.571430532	2.41313036	93.91891399
0.09652511438	92.76061382	3.185330475	3.95753059
0.8687264248	17.08490835	0.0965251472	81.94984007
81.17763645	0.09652514334	16.6988075	2.02703091
0.09652512394	0.09652512394	99.32432463	0.4826251197
3.571431604	0.09652514334	19.78760888	76.54443437
90.444018	0.09652511921	0.482625096	8.976831786
51.83398652	0.8687257741	35.23169084	12.06559686
24.42081096	0.09652514334	66.89193003	8.590733857
0.482625096	0.09652511921	4.343630864	95.07721892
7.046332819	80.01933201	1.254830502	11.67950467
1.254829309	39.09267846	0.09652504681	59.55596718
46.81468596	3.571428929	30.21239094	19.40149418
