>jaspar__MA0264.1
33	15	31	19
8	71	19	0
0	89	0	9
93	1	0	5
1	97	0	0
0	0	0	99
0	16	0	83
7	27	63	1
95	0	0	4
46	29	20	3
51	20	15	12
>jaspar__MA0672.1
3572	2182	1989	1535
2025	9278	4499	140
38	9278	0	132
9278	98	16	250
8	9278	0	0
0	0	18	9278
0	939	0	9278
4241	1451	5037	343
9278	917	1831	2437
3170	2754	2788	566
>jaspar__MA0673.1
1942	3529	2843	249
70	8562	0	2155
8562	595	0	516
14	8562	0	110
0	91	0	8562
23	3197	0	8562
1738	2267	4286	271
8562	908	696	2158
3194	1964	2593	811
>jaspar__MA2003.1
385	1185	485	61
14	1185	7	129
1185	127	17	207
0	1185	0	0
0	25	1	1185
52	409	13	1185
243	545	640	58
1185	56	57	153
1185	1010	903	271
534	651	334	247
>swissregulon__hs__NKX2-1
7.992875648	40.40997409	23.47733161	13.45142487
9.803108808	20.49740933	3.230569948	51.80051813
0.1392487047	53.49935233	18.96567358	12.72733161
58.28950777	5.152202073	19.52266839	2.367227979
85.33160622	0	0	0
1.002590674	0	84.32901554	0
11.8361399	3.147020725	31.99935233	38.34909326
14.14766839	0	59.04145078	12.14248705
5.263601036	44.58743523	16.40349741	19.07707254
17.26683938	24.06217617	11.02849741	32.97409326
>swissregulon__hs__NKX2-4
177.473869	5.651104	9.566352	55.543195
38.573768	128.370791	71.925838	9.364123
16.299227	13.074221	0.849593	218.011479
5.63895	207.997743	29.96537	4.632457
240.540758	4.95259	2.741172	0
222.709656	4.660066	20.293449	0.571349
15.107217	3.037971	228.823706	1.265626
31.201145	29.110379	1.438711	186.484285
73.423254	8.171155	124.1449	42.495211
4.268445	7.673471	68.009568	168.283036
>swissregulon__hs__NKX2-6
217.416	196.318	223.786	362.479
398.508	155.537	270.546	175.41
791.392	22.1058	126.944	59.5582
211.671	145.452	349.401	293.476
23.8304	847.357	127.125	1.68828
1.42609	942.475	0.494569	55.6044
969.354	1.01215	0.987335	28.6464
17.3584	980.969	0.777927	0.894363
1.81646	4.18107	1.57287	992.43
0.92533	59.099	0.431272	939.544
670.672	11.1299	312.57	5.62841
757.147	10.9031	32.1372	199.813
335.6	359.053	277.277	28.0699
440.449	199.116	111.993	248.442
126.577	210.049	39.661	623.714
88.481	233.166	32.7059	645.647
>flyfactorsurvey__Tin_Cell_FBgn0004110
0	9	3	4
1	0	0	15
0	11	1	4
16	0	0	0
16	0	0	0
0	0	16	0
0	0	0	16
3	0	13	0
>flyfactorsurvey__Vnd_SOLEXA_FBgn0003986
117	402	247	402
173	64	12	919
25	557	210	376
958	17	191	2
1117	42	5	4
3	7	1138	20
214	24	78	852
469	2	683	14
>hocomoco__NKX23_HUMAN.H11MO.0.D
174	317	380	376
191	150	160	746
107	378	165	597
1142	8	75	22
1173	6	63	5
7	7	1225	8
32	4	36	1175
27	7	1204	9
32	133	923	159
156	246	350	495
274	247	225	501
>taipale__NKX2-3_DBD_NCCACTTRAN
305	127	87	116
143	635	162	15
11	635	0	37
635	7	0	38
0	635	6	1
0	0	21	635
0	40	17	635
293	88	342	36
635	75	70	161
287	174	137	37
>taipale__NKX2-8_DBD_NCACTTNAN
1855	3052	2905	222
77	8034	65	1987
8034	528	20	700
84	8034	32	77
0	17	0	8034
87	3634	16	8034
2134	2227	3308	366
8034	1072	1152	2254
2498	2022	2578	935
>nitta__tin_TATTTA20NTTG_KG_NNCACTTGAN_m1_c3
5774	2457	2958	3516
1858	9708	2811	327
0	14704	0	2709
14704	76	0	391
350	14704	0	0
0	4	0	14704
0	486	0	14704
4694	3091	14704	555
14704	228	210	1256
4645	3768	5511	780
>taipale_cyt_meth__NKX2-3_NCCACTTRAN_eDBD
665	501	472	331
767	1970	1148	197
0	1970	0	204
1970	15	0	168
0	1970	0	0
0	32	7	1970
51	503	5	1970
965	675	1005	131
1970	978	761	884
318	863	518	271
>taipale_cyt_meth__NKX2-3_NCCACTTRAN_eDBD_meth
947	848	654	536
975	2985	1621	279
4	2985	0	239
2985	0	1	181
13	2985	0	0
0	0	0	2985
0	620	0	2985
1410	1262	1575	186
2985	1665	917	1530
424	1597	663	301
>taipale_cyt_meth__NKX2-3_NNCACTTRAN_FL
1764	2029	1799	1360
1379	3288	2111	174
0	6952	0	1399
6952	0	0	0
0	6952	0	0
0	0	89	6952
0	690	0	6952
3104	1418	3848	14
6952	2313	1986	2754
894	3524	1725	809
>taipale_cyt_meth__NKX2-3_NNCACTTRAN_FL_meth
1636	2033	1392	1159
1155	3033	1797	235
0	6220	0	1036
6220	0	0	0
0	6220	0	0
0	0	215	6220
0	1487	0	6220
2693	2278	3527	379
6220	3727	2451	2986
808	3342	1363	707
>taipale_cyt_meth__NKX2-5_NCCACTTRAN_FL_meth
2974	2377	1433	1365
932	8149	1790	166
0	8149	3	74
8149	0	0	111
0	8149	0	0
0	0	0	8149
0	176	0	8149
2917	1226	5232	92
8149	543	655	1504
2026	3146	2559	418
>taipale_cyt_meth__NKX2-5_NCCACTTRAN_FL_repr
829	558	530	495
676	2412	1089	176
0	2412	14	86
2412	0	0	81
17	2412	0	0
10	0	51	2412
0	292	0	2412
1062	449	1351	89
2412	496	603	723
568	807	812	225
>taipale_cyt_meth__NKX2-8_NNCACTTSAN_FL
3027	1902	2134	1054
1356	4346	2260	155
0	8117	0	1260
8117	0	0	118
73	8117	0	0
0	0	95	8117
0	3132	0	8117
1604	2415	5702	90
8117	215	410	646
2573	2144	2796	603
>taipale_cyt_meth__NKX2-8_NNCACTTSAN_FL_meth
5070	2421	3573	2041
2962	5787	4234	122
0	13105	0	2897
13105	55	86	224
0	13105	0	0
0	0	37	13105
0	1742	0	13105
2524	3357	9748	16
13105	0	90	496
4768	2804	4781	753
>bergman__tin
0	100	0	0
100	0	0	0
0	100	0	0
0	0	0	100
0	0	0	100
50	0	50	0
100	0	0	0
>stark__TYAAGTGS
0	0	0	100
0	50	0	50
100	0	0	0
100	0	0	0
0	0	100	0
0	0	0	100
0	0	100	0
0	50	50	0
>idmmpmm__vnd
22.55747126	38.07471264	38.07471264	1.293103448
2.873563218	84.48275862	0.5747126437	12.06896552
97.12643678	1.149425287	0.5747126437	1.149425287
0.7183908046	97.84482759	0.7183908046	0.7183908046
0.7183908046	0.7183908046	0.7183908046	97.84482759
1.436781609	15.8045977	1.436781609	81.32183908
16.23563218	11.63793103	67.38505747	4.74137931
83.04597701	5.459770115	3.735632184	7.75862069
>cisbp__M00323
17.95902111	27.27282764	17.95902111	36.80913015
17.59636114	7.718898118	7.718898118	66.96584262
2.889093394	22.53571542	2.889093394	71.68609779
99.98301557	0.005661475471	0.005661475471	0.005661475471
99.98301557	0.005661475471	0.005661475471	0.005661475471
0.005661475471	0.005661475471	99.98301557	0.005661475471
0.005661475471	0.005661475471	0.005661475471	99.98301557
11.53938915	0.005661475471	88.4492879	0.005661475471
7.046640367	28.28957202	57.61714725	7.046640367
17.28676336	26.45240907	17.28676336	38.97406421
22.11656808	22.11656808	22.11656808	33.65029576
>cisbp__M00559
17.80816655	36.59280723	17.80816655	27.79085967
19.92308852	9.887541203	9.887541203	60.30182907
2.606444478	33.14123417	2.606444478	61.64587687
99.95691234	0.01436255395	0.01436255395	0.01436255395
99.95691234	0.01436255395	0.01436255395	0.01436255395
0.01436255395	0.01436255395	99.95691234	0.01436255395
0.01436255395	0.01436255395	0.01436255395	99.95691234
10.38269025	0.01436255395	89.58858464	0.01436255395
7.206196006	17.5745237	68.01308429	7.206196006
24.74370022	24.80301757	15.12682135	35.32646085
22.40791808	22.40791808	22.40791808	32.77624577
