>cisbp__M07854
13.2653	1.7857	75.7653	9.1837
4.3367	19.6429	66.3265	9.6939
28.06122806	54.59185459	1.02040102	16.32651633
6.632693367	7.653092347	76.53052347	9.183690816
0.2551	97.7041	0.2551	1.7857
0.2551	0	0	99.7449
2.0408	9.1837	88.5204	0.2551
2.2959	0.5102	6.3776	90.8163
0	99.2347	0	0.7653
0	98.4694	0	1.5306
47.19385281	8.418391582	35.45916454	8.928591071
18.3673	14.5408	9.6939	57.398
3.8265	1.0204	94.1327	1.0204
0	0	100	0
0.2551	0.2551	0	99.4898
