>kznf__ZNF287_Imbeault2017_RP_RCADE
71.1466	9.11654	11.3722	8.36466
81.67293267	3.101501241	8.364663346	6.860902744
83.92858321	4.605259079	7.236838553	4.229319154
75.28198494	5.733078853	7.236838553	11.74809765
65.88348023	0.8458647462	32.42479027	0.8458647462
87.68798246	4.605259079	5.357138929	2.34961953
86.56016538	1.221799511	10.62029575	1.597739361
92.95113718	1.221800489	4.229321692	1.597740639
95.95865278	1.597740879	0.4699252585	1.973681086
67.76314579	4.981196015	25.28197977	1.973678421
60.9961878	12.12409758	17.0112966	9.868418026
52.72558945	6.109018778	12.4999975	28.66539427
69.64288607	6.484958703	17.38719652	6.484958703
69.26694156	7.236844342	22.27441336	1.221800733
59.4925119	29.79320596	5.733081147	4.981200996
70.018786	9.868418026	4.981199004	15.13159697
50.09398998	2.34961953	46.33459073	1.221799756
92.19925071	0.09398505169	4.605262533	3.101501706
42.57519148	30.54509389	24.53009509	2.34961953
57.2368	24.5301	6.8609	11.3722
37.31200746	6.109021222	6.484961297	50.09401002
49.3421074	0.0939850141	35.43230531	15.13160227
51.97368701	7.236838191	40.69548983	0.0939849765
85.05639575	9.116539544	0.8458649577	4.981199751
65.5074869	3.853379229	21.5225957	9.116538177
40.6955	2.34962	54.9812	1.97368
79.0414	6.10902	3.85338	10.9962
35.4323	34.6805	17.3872	12.5
65.13157395	12.12409515	9.116536353	13.62779455
47.83830957	9.492481898	23.40230468	19.26690385
64.75563885	7.236844342	15.5075093	12.5000075
44.83084483	12.87591288	26.03382603	16.25941626
45.58265442	15.88348412	20.77067923	17.76318224
