>swissregulon__hs__CDX2
314.704	147.028	248.638	289.63
358.628	179.74	325.491	136.141
298.646	303.363	300.59	97.4013
188.478	55.5567	664.045	91.9207
171.259	33.4487	790.542	4.75073
2.84893	464.94	0.596132	531.615
576.948	399.193	1.565	22.2948
968.872	1.51142	28.5821	1.0348
6.97019	3.53453	0.48563	989.01
878.078	3.39866	0.389459	118.134
951.183	0.842426	1.55468	46.4194
939.504	6.02145	0.817791	53.6568
567.732	151.536	50.5349	230.197
172.713	264.434	122.553	440.299
142.175	107.265	258.247	492.313
215.178	302.818	133.613	348.391
>swissregulon__hs__HOXC9
279.588	205.946	337.877	176.588
212.819	121.136	376.165	289.881
371.836	224.291	240.111	163.762
200.999	56.2539	589.311	153.436
141.203	48.8637	796.449	13.484
26.3759	197.045	9.14602	767.433
286.968	688.278	11.9851	12.7693
890.619	6.18138	98.0706	5.12929
19.68	11.1135	2.53853	966.668
287.238	7.43186	2.16596	703.164
975.51	6.20358	5.66689	12.6196
949.137	17.111	6.22385	27.528
241.729	296.577	52.7682	408.926
212.4	269.675	90.0073	427.918
333.376	91.7831	259.582	315.259
182.024	203.528	245.531	368.917
>hocomoco__CDX2_HUMAN.H11MO.0.A
23	18	32	78
9	11	9	122
16	0	10	125
13	37	26	75
149	1	1	0
1	8	2	140
7	0	47	97
28	1	122	0
2	115	20	14
40	32	13	66
21	30	53	47
2	35	26	88
>hocomoco__CDX2_MOUSE.H11MO.0.A
59	81	65	295
9	4	6	481
4	6	1	489
17	9	10	464
475	9	8	8
1	31	6	462
56	3	230	211
193	6	281	20
19	377	31	73
62	215	20	203
57	125	80	238
46	113	61	280
>hocomoco__EVX2_HUMAN.H11MO.0.A
82	88	181	149
58	91	104	247
6	5	7	482
7	4	0	489
14	11	14	461
492	5	2	1
2	29	0	469
23	3	248	226
193	0	303	4
23	368	53	56
78	207	24	191
64	154	98	184
71	125	95	209
>hocomoco__EVX2_MOUSE.H11MO.0.A
42	108	86	264
4	22	7	467
4	1	4	491
11	29	32	428
498	1	0	1
2	17	0	481
38	2	228	232
195	3	298	4
15	357	43	85
111	155	22	212
56	160	92	192
72	134	75	219
>hocomoco__HXC9_HUMAN.H11MO.0.C
130	78	37	255
20	14	23	443
4	6	8	482
112	63	16	309
480	12	6	2
6	12	9	473
26	2	227	245
78	7	401	14
11	387	67	35
144	200	8	148
>hocomoco__ZN350_HUMAN.H11MO.0.C
105	240	96	59
250	22	115	113
31	78	283	108
43	178	79	200
33	287	28	152
24	267	27	182
38	70	9	383
1	9	8	482
3	14	9	474
25	56	31	388
260	95	59	86
116	18	38	328
122	32	217	129
239	91	43	127
24	341	53	82
20	335	28	117
161	98	55	186
214	66	121	99
>kznf__ZNF350_Schmitges2016_RCADE
26.4469	15.5145	35.4502	22.5884
17.4437	9.0836	56.3505	17.1222
19.05141905	15.19291519	35.77173577	29.98392998
3.938909606	29.66239703	22.26689777	44.13179559
20.6592	12.299	25.8039	41.2379
20.65919793	15.83599842	57.31509427	6.189709381
25.16078742	13.26369337	59.56587022	2.009648995
9.726686109	4.260448296	28.05468878	57.95817682
20.65918554	42.20257046	8.118964317	29.01927969
66.63987334	13.90679444	4.903538039	14.54979418
30.94858143	11.3343932	8.762054743	48.95497063
78.85853154	10.69130428	1.045020418	9.405143762
93.6495132	4.260450601	2.009650283	0.08038591133
99.7588422	0.080385934	0.080385934	0.080385934
89.14790891	1.366560137	8.440510844	1.045020105
36.73629633	1.366559863	57.63669424	4.260449574
44.77493134	2.652731857	43.48873044	9.083606359
24.8392	7.15434	64.3891	3.61736
16.15760162	70.17680702	7.475880748	6.189710619
29.98392399	27.09002167	3.295822637	39.6302317
19.373	12.6206	51.5273	16.4791
