>taipale_cyt_meth__PRDM1_NRGNGAAAGTGN_eDBD_meth
3137	1127	2022	1846
5982	456	2149	803
687	292	8131	916
446	1208	2352	4125
98	0	8131	0
8131	374	11	296
8131	191	1563	220
8131	30	146	74
0	62	8131	10
0	617	1038	8131
1891	720	8131	1294
2697	1121	2810	1503
>taipale_cyt_meth__PRDM1_NRGNGAAAGTGN_eDBD_repr
1209	654	860	954
2472	286	1205	418
548	242	3677	482
346	556	1548	1226
113	9	3677	0
3677	133	55	64
3677	79	577	118
3677	105	113	21
12	11	3677	79
60	388	567	3677
916	404	3677	694
966	679	983	1048
>kznf__ZNF184_Imbeault2017_OM_RCADE
38.05558478	28.05558878	26.94438922	6.944437222
21.3889	33.6111	12.5	32.5
4.722220094	0.2777780056	30.27780061	64.72220129
71.3889	9.16667	13.6111	5.83333
12.500004	1.388890444	85.83332747	0.2777780889
99.16666628	0.2777779056	0.2777779056	0.2777779056
96.94444266	0.2777781222	2.5000011	0.2777781222
83.61112676	0.2777780889	14.72220471	1.388890444
2.5	1.38889	92.5	3.61111
32.5	2.5	41.3889	23.6111
18.0556	22.5	26.9444	32.5
3.611112528	4.722223306	76.94445386	14.72221031
35.83331147	62.50002	0.2777780889	1.388890444
71.38890714	2.50000025	24.72220247	1.388890139
6.944437222	11.38889544	10.27779589	71.38887144
14.7222	53.6111	10.2778	21.3889
33.6111	23.6111	18.0556	24.7222
23.6111	25.8333	29.1667	21.3889
44.7222	20.2778	10.2778	24.7222
13.6111	20.2778	42.5	23.6111
21.3889	29.1667	25.8333	23.6111
