>hocomoco__ZNF41_HUMAN.H11MO.0.C
89	175	44	41
249	35	46	19
37	252	25	35
260	22	49	18
248	3	87	11
24	7	304	14
39	12	275	23
137	3	208	1
331	3	10	5
155	26	163	5
79	69	41	160
151	76	71	51
184	41	89	35
124	13	174	38
87	75	144	43
19	260	41	29
338	2	6	3
13	318	16	2
81	242	8	18
290	4	43	12
41	17	40	251
34	60	226	29
247	16	42	44
54	29	228	38
>kznf__ZNF484_Imbeault2017_OM_RCADE
12.4999965	2.976189167	83.9285765	0.5952378333
12.50000275	5.357141179	81.54761794	0.595238131
95.83333258	0.5952382024	0.5952382024	2.976191012
14.881	17.2619	55.3571	12.5
24.4047756	24.4047756	14.88098512	36.30946369
2.976189167	0.5952378333	88.69047517	7.738097833
50.5952	19.6429	19.6429	10.119
38.6905	7.7381	45.8333	7.7381
2.976190952	0.5952381905	91.07142914	5.357141714
26.78571607	57.73813464	5.357143214	10.11900607
76.7856785	2.976189167	19.6428945	0.5952378333
2.976190952	91.07142914	5.357141714	0.5952381905
55.35713321	17.26191036	5.357143214	22.02381321
14.881	7.7381	60.119	17.2619
2.976189107	12.49999625	79.16667625	5.357138393
>cisbp__M08245
1.3015	9.3275	1.7354	87.6356
6.073793926	0.8676991323	74.4034256	18.65508134
0	2.81999718	95.44460456	1.735398265
0	0.6508	0	99.3492
7.1584	9.3275	73.5358	9.9783
13.66591367	38.82863883	25.5965256	21.90892191
9.9783	49.2408	4.3384	36.4425
10.4121	19.5228	14.5336	55.5315
15.1844	20.6074	16.9197	47.2885
46.4208	10.1952	21.692	21.692
1.301501302	43.16704317	5.856805857	49.67464967
0.6508	3.6876	0	95.6616
0.2169002169	51.62695163	0.4338004338	47.72234772
5.423	74.6204	6.2907	13.6659
2.82	85.4664	0.2169	11.4967
