>kznf__HKR1_Imbeault2017_OM_RCADE
7.7381	55.3571	29.1667	7.7381
17.26188274	14.88098512	38.69046131	29.16667083
0.595238131	10.11900223	83.92861846	5.357141179
12.5	29.1667	48.2143	10.119
62.499975	7.738096905	24.40479024	5.357137857
29.16669125	62.49998125	5.357138393	2.976189107
10.11901012	41.07144107	17.26191726	31.54763155
48.21432893	5.357143214	36.30952179	10.11900607
26.78571661	0.595238369	45.83332842	26.78571661
0.5952378929	2.976189464	93.45238318	2.976189464
7.738101857	0.5952381429	91.07142186	0.5952381429
95.83333258	0.5952382024	2.976191012	0.5952382024
0.5952379167	0.5952379167	98.21428625	0.5952379167
5.357139143	0.5952379048	93.45238505	0.5952379048
62.49997625	22.02379163	14.88099435	0.5952377738
>kznf__ZNF263_Imbeault2017_OM_RCADE
26.7544	20.0877	40.7895	12.3684
16.57891018	0.08771935386	83.24565111	0.08771935386
0.08771933693	0.08771933693	99.73684199	0.08771933693
0.08771933693	0.08771933693	99.73684199	0.08771933693
99.73684199	0.08771933693	0.08771933693	0.08771933693
2.543859255	0.0877192743	93.07017273	4.298248741
0.08771926614	31.66668778	68.15787369	0.08771926614
99.73684199	0.08771933693	0.08771933693	0.08771933693
0.08771932693	44.64911371	54.12281662	1.14035035
