>kznf__ZNF764_Imbeault2017_OM_MEME
0	26.6667	3.3333	70
13.33331333	0	83.33338333	3.333303333
30	50	16.6667	3.3333
0	100	0	0
33.3333	53.3333	6.6667	6.6667
0	80	0	20
0	100	0	0
13.33331333	10.00001	3.333303333	73.33337333
33.3333	26.6667	33.3333	6.6667
16.66668333	46.66665333	29.99997	6.666693333
10	10	3.3333	76.6667
0	0	96.6667	3.3333
6.6667	3.3333	86.6667	3.3333
13.3333	40	16.6667	30
13.33331333	43.33334333	33.33333333	10.00001
70	23.3333	6.6667	0
40	20	23.3333	16.6667
16.6667	13.3333	43.3333	26.6667
20.00002	33.33333333	13.33331333	33.33333333
13.33331333	30.00003	33.33333333	23.33332333
13.33331333	23.33332333	20.00002	43.33334333
23.3333	20	56.6667	0
23.33332333	3.333303333	60.00006	13.33331333
23.33332333	20.00002	13.33331333	43.33334333
66.6667	13.3333	13.3333	6.6667
6.6667	46.6667	13.3333	33.3333
16.66668333	9.99999	6.666693333	66.66663333
10	3.3333	76.6667	10
