>swissregulon__hs__IRF4
302.723	390.309	162.248	144.72
263.298	109.753	466.266	160.683
314.007	79.9429	170.722	435.328
657.943	42.407	54.822	244.828
175.125	281.452	69.4221	474
14.8658	891.988	5.48865	87.6573
12.2521	1.77087	982.933	3.04431
985.642	6.24842	5.37914	2.73073
933.526	2.10882	3.14278	61.2223
988.146	3.43588	1.66911	6.74873
21.7706	945.675	26.5223	6.03202
29.3054	568.908	17.9081	383.879
396.869	133.807	324.146	145.178
326.865	278.882	198.196	196.056
506.287	142.988	165.503	185.222
>swissregulon__hs__IRF5
819	439	147	440
1844	177	158	115
388	1844	181	351
59	1844	1	34
9	11	1844	0
1844	0	4	0
1844	0	7	219
1844	28	0	0
38	1844	93	13
106	973	45	871
982	398	266	198
>swissregulon__hs__IRF6
256.714	363.08	149.403	230.804
312.941	135.162	190.389	361.507
255.033	128.823	354.898	261.246
667.588	53.9326	205.778	72.7013
199.95	339.707	114.445	345.899
29.8525	908.514	6.3833	55.2497
19.6209	2.23067	976.266	1.88212
983.875	5.31988	8.63853	2.16642
698.671	2.74078	6.72495	291.864
990.097	3.60935	3.04677	3.24718
8.90473	975.208	11.4947	4.39248
22.0917	611.448	18.8276	347.632
538.109	125.313	241.515	95.0634
456.841	205.124	177.213	160.822
372.926	189.134	195.747	242.193
217.155	198.027	300.393	284.425
277.63	187.849	237.049	297.472
>swissregulon__hs__IRF9
276.786	305.435	213.026	204.753
396.362	114.731	248.667	240.24
461.284	92.0469	334.734	111.936
775.091	19.7026	57.0745	148.131
860.742	32.8268	20.8784	85.5532
318.035	134.94	114.054	432.971
31.9892	819.436	31.5292	117.045
38.741	5.30853	945.956	9.99493
961.581	18.4937	13.4008	6.52436
943.392	4.22296	7.86852	44.5164
964.748	10.7889	3.72727	20.7354
29.4009	875.794	79.8689	14.9365
34.5723	294.928	12.2009	658.299
370.121	165.75	227.886	236.243
803.71	72.5098	54.5192	69.2612
>cisbp__M00176
26.22535166	23.02836147	29.27478495	21.47150192
35.34016766	20.18662409	29.51858931	14.95461894
19.85461207	33.73164192	22.16326805	24.25047795
18.26745539	52.72665328	7.135776558	21.87011477
9.405427449	2.948471531	83.20329168	4.442809342
79.41597732	3.141497429	11.99751535	5.445009898
45.45029408	2.76383523	16.38914608	35.39672462
94.26187211	0.8488071935	1.123082103	3.766238594
7.078462949	66.49034746	17.06546424	9.365725352
13.04044406	38.01784327	13.84682009	35.09489258
>cisbp__M00177
30.84535933	19.08659607	26.28468137	23.78336323
41.35796217	16.98388509	23.62404285	18.03410989
23.61040548	30.92879185	18.57260276	26.8881999
16.66457085	56.44602996	5.276615878	21.61278332
9.629590015	2.023524214	86.04243896	2.304446809
79.36148359	4.590611124	13.79095797	2.256947322
56.209962	0.303945765	21.30824317	22.17784907
93.98326015	1.381426531	0.002720653105	4.63259267
11.00883221	59.06850541	21.08786758	8.834794796
15.8104347	34.49002479	10.81214615	38.88739436
>cisbp__M02254
30.9588927	18.77751761	32.22234908	18.04124062
56.89432788	12.31965126	21.56767467	9.218346201
13.07051671	39.66063208	17.29399031	29.9748609
9.263715414	76.4093599	1.946640762	12.38028392
2.383216381	0.05173871163	97.36346089	0.2015840217
95.82715017	0.3473390282	3.429951256	0.3955595439
56.39590829	0.05246529419	1.772509977	41.77911644
98.81397377	0.09192695643	1.065281443	0.0288178305
1.581950839	87.23963809	8.746545245	2.431865829
3.776376255	35.82926031	5.863606671	54.53075676
>cisbp__M02259
31.20313714	19.75880888	30.23783268	18.80022131
50.27101361	18.67242074	18.90063865	12.155927
19.07588089	36.02304421	15.51596963	29.38510527
18.43418541	58.19791075	4.360479392	19.00742444
9.370468708	0.8322972814	88.58915566	1.208078354
87.54886127	3.284902681	5.969444686	3.19679136
50.89187918	0.9961360513	7.464450676	40.64753409
99.00226504	0.01522394938	1.060584059e-08	0.9825110009
5.10198908	77.63605486	11.01920906	6.242747
13.43463776	32.50479228	11.63907235	42.42149761
>cisbp__M02260
41.87705772	20.38375232	27.5151876	10.22400236
17.00423248	39.78389899	19.55952309	23.65234543
14.48171578	66.87912413	4.5854437	14.05371639
6.814645108	1.115244863	89.93381296	2.136297069
80.99034556	6.260937644	8.796289258	3.952427541
55.48028855	1.123027089	18.46778378	24.92890059
98.41262939	0.03576337852	0.0001895550917	1.551417678
6.98698046	71.09723751	17.18519887	4.730583153
12.9783566	37.46035196	12.10093948	37.46035196
30.8092834	20.04171906	29.30669692	19.84230062
>cisbp__M02432
35.6461485	24.91138916	24.06818128	15.37428106
50.59976182	22.52729971	17.19494398	9.677994487
14.83456261	40.64061847	13.22271964	31.30209927
19.1133486	65.03006011	2.838537732	13.01805356
12.94322182	0.7814819902	84.76922848	1.506067715
93.21239323	1.566608292	2.486374998	2.734623481
57.90600356	0.4603249154	5.127681377	36.50599015
99.00675411	1.353661257e-08	3.243568657e-09	0.9932458733
7.377348778	74.60000597	10.23671174	7.785933509
13.87738037	29.2108508	8.865017549	48.04675128
