>jaspar__MA0140.2
1114	2038	967	836
206	807	159	3783
318	0	0	4637
4955	0	0	0
0	0	0	4955
0	4955	0	0
2049	63	55	2788
658	1331	2214	752
963	1214	1244	1534
1191	1127	1520	1117
1778	1130	990	1057
1038	1237	1712	968
1352	1142	1466	995
1885	1033	820	1217
1381	1237	1884	453
110	4822	23	0
4659	0	0	296
160	890	3544	361
>swissregulon__mm__Tal1
400	1329	618	595
261	444	520	1717
131	182	1921	710
265	746	1228	706
669	635	775	866
701	687	903	654
664	745	938	599
713	699	891	644
734	662	862	691
996	407	940	603
527	1172	901	345
1959	31	37	920
3	7	2936	0
2928	7	2	10
16	26	30	2873
2770	6	23	144
2382	51	376	134
547	550	1601	242
>hocomoco__GATA1_HUMAN.H11MO.0.A
96	202	103	99
58	72	95	275
28	39	320	113
59	103	195	143
97	157	141	105
134	123	139	104
112	105	184	99
131	84	170	115
107	112	157	124
166	94	162	78
92	194	161	53
360	10	4	126
3	0	497	0
498	0	0	2
1	0	6	493
473	2	7	18
429	8	45	18
107	77	277	39
176	94	173	57
>hocomoco__GATA1_MOUSE.H11MO.0.A
50	108	95	247
31	60	300	109
54	138	215	93
97	117	185	101
98	105	201	96
81	139	200	80
116	104	184	96
121	122	147	110
144	74	184	98
77	229	159	35
324	24	11	141
1	2	495	2
488	3	6	3
27	9	20	444
462	4	7	27
396	6	76	22
79	97	303	21
164	103	208	25
154	134	162	50
>hocomoco__GATA2_HUMAN.H11MO.0.A
66	226	113	95
62	52	79	307
40	25	326	109
66	111	207	116
136	78	145	141
152	79	153	116
124	99	184	93
135	98	138	129
111	112	134	143
163	57	172	108
96	169	186	49
387	2	4	107
0	0	498	2
493	0	4	3
3	1	8	488
483	3	0	14
422	5	57	16
70	84	314	32
172	96	195	37
>hocomoco__TAL1_HUMAN.H11MO.0.A
51	286	80	83
35	74	76	315
17	18	360	105
29	135	242	94
93	113	162	132
115	113	182	90
107	107	193	93
96	105	203	96
77	154	159	110
145	85	189	81
59	237	164	40
320	16	4	160
1	1	498	0
500	0	0	0
2	0	1	497
475	1	6	18
411	8	74	7
72	82	317	29
145	109	207	39
>hocomoco__TAL1_MOUSE.H11MO.0.A
57	270	101	72
35	98	67	300
9	22	326	143
45	136	215	104
89	132	147	132
130	109	136	125
130	109	163	98
144	100	134	122
118	121	136	125
205	70	126	99
90	193	170	47
342	9	0	149
1	0	499	0
495	1	1	3
3	6	4	487
491	1	0	8
462	3	28	7
77	88	301	34
199	91	187	23
194	108	127	71
>dbtfbs__NCOA1_representative_N1
53	64	53	274
20	4	314	106
46	86	197	115
92	85	120	147
113	72	149	110
112	83	143	106
108	92	155	89
91	88	153	112
143	69	155	77
72	177	151	44
281	22	11	130
0	0	444	0
444	0	0	0
0	0	0	444
415	0	0	29
364	2	62	16
81	73	252	38
>dbtfbs__TAL1_representative_N1
51	270	115	64
39	72	36	353
10	13	369	108
29	115	225	131
119	89	138	154
127	104	147	122
119	133	148	100
122	105	152	121
84	142	162	112
182	80	134	104
85	194	170	51
350	13	3	134
0	0	500	0
498	0	1	1
0	3	0	497
465	1	1	33
418	5	62	15
76	95	277	52
>homer__CGGCTGCNGNNNNCAGATAA_GATA_SCL
19.3	43.3	19	18.4
32.2	8.5	37.4	21.9
4.704704705	25.12512513	45.04504505	25.12512513
3.5	84.2	12	0.3
4.7	0.1	0.1	95.1
0.1	0.1	98.9	0.9
3.2	35.7	34.8	26.3
21.92192192	19.91991992	32.73273273	25.42542543
13.98601399	24.87512488	40.35964036	20.77922078
19.6	27.2	31.3	21.9
17.5	28.7	34.5	19.3
20.8	33.6	26.9	18.7
31	19.3	29.5	20.2
11.7	43.3	36.8	8.2
67.5	1.5	0.6	30.4
0.1	0.1	99.7	0.1
99.7	0.1	0.1	0.1
0.1	4.1	0.1	95.7
98.1	0.1	0.3	1.5
67.5	4.4	22.5	5.6
>kznf__ZNF823_Imbeault2017_OM_RCADE
6.809701362	9.794781959	10.91420218	72.4813145
1.958960784	6.809702724	4.570901828	86.66043466
0.09328365261	71.36194025	1.958961105	26.58581499
0.0932836459	0.0932836459	0.0932836459	99.72014906
0.0932836459	99.72014906	0.0932836459	0.0932836459
9.04850895	0.4664179459	0.09328358918	90.39178951
7.929107929	40.76494076	34.42163442	16.88431688
7.182838305	29.57089302	0.09328357799	63.1529851
0.4664181026	27.33210601	3.078360677	69.12311521
0.0932836306	0.0932836306	52.33211716	47.48131557
11.6604035	58.6754176	7.555972267	22.10820663
16.51119141	51.21267337	0.8395515634	31.43658365
>cisbp__M07964
17.16248284	38.67276133	24.94277506	19.22198078
13.5011	14.4165	16.7048	55.3776
6.636193364	8.924491076	61.55603844	22.88327712
13.5011	22.4256	41.4188	22.6545
21.0526	24.9428	27.6888	26.3158
26.08697391	25.4004746	30.43476957	18.07778192
20.59497941	23.34097666	34.78256522	21.28147872
25.1716	25.4005	34.5538	14.8741
23.341	24.714	30.8924	21.0526
29.5195	21.7391	29.9771	18.7643
12.81461281	43.02064302	34.0961341	10.06861007
65.44626545	2.288302288	0.2288002288	32.03663204
0	0	100	0
100	0	0	0
0.6865	0	2.5172	96.7963
92.9062	0	0	7.0938
78.03207803	1.601801602	16.01831602	4.347804348
18.5355	17.1625	55.8352	8.4668
>cisbp__M07967
10.4294	23.9264	23.7219	41.9223
12.6789	6.3395	48.4663	32.5153
13.29241329	20.65442065	50.71575072	15.33741534
18.8139	21.8814	33.5378	25.7669
25.1534	24.3354	31.4928	19.0184
23.1084	22.0859	35.1738	19.6319
20.8589	23.1084	37.4233	18.6094
19.8364	26.3804	31.4928	22.2904
29.2434	20.2454	36.4008	14.1104
14.1104	45.8078	32.7198	7.362
69.32513067	2.249497751	1.431498569	26.99387301
0	0	100	0
100	0	0	0
0	0.2045	0.6135	99.182
90.593	0.409	1.227	7.771
76.0736	2.6585	16.9734	4.2945
12.2699	20.8589	58.4867	8.3845
31.6973	23.3129	38.6503	6.3395
>cisbp__M07968
13.02608697	43.08615691	26.05207395	17.83568216
12.62528737	19.03808096	15.23048477	53.10614689
9.018009018	8.216408216	58.11625812	24.64932465
14.22848577	23.24647675	43.08615691	19.43888056
22.6453	20.0401	27.2545	30.0601
24.0481	19.6393	32.4649	23.8477
23.8477	23.8477	30.6613	21.6433
26.2525	21.6433	31.0621	21.0421
16.6333	25.0501	30.6613	27.6553
30.2605	18.8377	32.4649	18.4369
18.4369	40.0802	33.2665	8.2164
73.1463	1.4028	1.002	24.4489
0	0	100	0
98.7976	0.6012	0.2004	0.4008
0	1.2024	0.4008	98.3968
87.7756	0	1.2024	11.022
80.3607	2.4048	14.6293	2.6052
19.0381	18.2365	55.1102	7.6152
>cisbp__M08202
20.1004799	46.23115377	19.0954809	14.57288543
7.5377	22.6131	16.0804	53.7688
10.5528	11.0553	60.3014	18.0905
8.542708543	29.64822965	44.22114422	17.58791759
21.10552111	25.62812563	24.62312462	28.64322864
17.0854	31.1558	38.6935	13.0653
22.6131	24.1206	36.6834	16.5829
22.6131	24.1206	35.6784	17.5879
17.5879	31.6583	32.6633	18.0905
25.12562513	21.10552111	37.18593719	16.58291658
8.0402	52.2613	29.1457	10.5528
66.8342	4.5226	0.5025	28.1407
0	0	100	0
100	0	0	0
0	0.5025	0.5025	98.995
93.4673	0.5025	0	6.0302
86.9347	2.0101	9.5477	1.5075
10.0503	22.1106	62.814	5.0251
28.1407	28.1407	37.6884	6.0302
30.1508	29.1457	27.1357	13.5678
