>yetfasco__YOR337W_817
40.38157618	9.196754363	16.87993814	33.54173131
22.57689015	14.41572649	4.024652634	58.98273073
15.92519731	41.51229806	23.40732965	19.15517497
4.69551927	1.355629914	2.3425509	91.60629992
2.158389445	13.44854611	52.65815847	31.73490598
0.2410669071	98.88201031	0.5581660871	0.3187566956
0.1440646287	1.103552525	98.56089758	0.1914852665
0.5375018507	2.686759149	96.45537399	0.3203650077
50.14330053	8.101142098	26.98640984	14.76914753
92.93882346	2.593934746	2.585394971	1.881846827
64.64232948	2.953056365	4.273596315	28.13101784
1.523992375	0.3637460624	0.18449997	97.92776159
1.827896453	1.246264814	0.3052077001	96.62063103
97.98849299	0.5119567454	1.03339192	0.4661583464
97.46890476	0.6100477295	0.2136544464	1.707393061
42.00181303	12.34287087	8.430258592	37.22505751
31.99828861	13.01982008	11.74566768	43.23622362
79.11651374	9.470194825	2.794502484	8.618788955
17.88599032	38.84479902	16.91360022	26.35561044
0.8212261182	97.73863332	0.8273663258	0.6127742408
