>cisbp__M06855
20.5	19.8333	12.6667	47
23.6667	18.8333	9.8333	47.6667
20	15.5	14	50.5
25.6667	14.1667	3.8333	56.3333
19.1667	16.5	12.5	51.8333
19.5	16.5	13.6667	50.3333
18.5000185	25.33332533	7.833307833	48.33334833
14.5	14.5	11.3333	59.6667
14	12.8333	15.5	57.6667
11.16668883	22.66667733	2.999997	63.16663683
30.33333033	13.000013	7.833307833	48.83334883
38	19	19.1667	23.8333
0	100	0	0
0	1.5	0	98.5
0	0.1667	0	99.8333
0	0	0	100
15.5000155	7.333307333	3.833303833	73.33337333
12.83331283	13.5000135	10.83331083	62.83336283
24	23	26	27
