>jaspar__MA0174.1
2	0	0	14
2	0	0	14
6	0	2	8
16	0	0	0
0	0	0	16
0	2	6	8
13	0	3	0
>jaspar__MA0182.1
12	2	3	13
7	1	0	22
13	0	0	17
30	0	0	0
0	0	0	30
0	0	6	24
15	0	15	0
>jaspar__MA0183.1
7	3	2	14
0	7	0	19
0	6	7	13
21	0	2	3
26	0	0	0
0	3	3	20
7	0	1	18
22	0	4	0
>jaspar__MA0953.1
177	252	287	284
149	524	85	243
745	89	73	92
886	71	1	42
20	6	1	972
356	310	128	206
924	5	38	32
106	66	130	698
234	111	266	389
>swissregulon__hs__ISL2
380.653	464.278	69.7102	85.3585
372.741	252.485	94.8934	279.881
400.406	346.871	119.279	133.444
582.825	148.558	126.868	141.748
743.019	117.598	49.6914	89.6916
55.277	296.642	93.5154	554.566
16.8917	507.616	7.6715	467.82
599.279	361.703	19.0607	19.9567
705.284	282.581	5.32318	6.81103
13.75	13.079	4.73636	968.435
13.2641	13.8042	4.61232	968.319
933.004	4.44656	5.17934	57.3703
656.051	41.5771	212.432	89.9405
145.543	109.863	307.597	436.997
323.514	98.5713	137.254	440.66
204.784	284.909	75.6377	434.669
>swissregulon__sacCer__PHO2
4.66	5.77	1.68	11.95
3.54	1.12	0.04	19.28
19.13	0.17	0.1	4.58
16.96	0.03	0.02	6.97
4.29	0.02	0.03	19.64
7.62	0.1	0.17	16.09
8.24	3.04	2.12	2.58
11.67	2.04	1.77	0.5
9.1	0.57	0.29	6.02
2.5	2.85	1.64	9
>swissregulon__sacCer__SMP1
72.83	12.49	17.55	25.11
10.93	70.91	20.29	25.85
23	79.79	6.07	19.12
16.66	18.84	10.92	81.55
52.33	16.46	14.36	44.83
12.47	29.96	4.34	81.22
96.11	16.02	5.88	9.97
110.79	2.35	2.4	12.44
12.44	2.4	2.35	110.79
9.97	5.88	16.02	96.11
81.22	4.34	29.96	12.47
63.46	5.25	7.75	51.52
81.55	10.92	18.84	16.66
>flyfactorsurvey__CG12361_SOLEXA_2_FBgn0250756
339	296	263	588
283	142	180	954
0	0	0	1692
870	13	183	626
1692	0	0	0
0	0	0	1692
0	0	635	1057
1122	0	570	0
201	289	363	193
>flyfactorsurvey__CG12361_SOLEXA_FBgn0250756
179	132	103	309
119	69	29	506
42	10	0	671
429	9	44	241
706	0	17	0
4	10	0	709
62	14	250	397
459	15	231	18
>flyfactorsurvey__CG15696_Cell_FBgn0038833
3	7	8	14
2	3	3	24
2	3	0	27
21	0	6	5
32	0	0	0
0	0	0	32
0	0	2	30
16	0	16	0
>flyfactorsurvey__CG32105_SOLEXA_FBgn0052105
419	416	347	587
325	356	236	852
279	53	13	1424
1163	13	64	529
1753	1	14	1
4	18	80	1667
38	38	246	1447
1277	3	481	8
>flyfactorsurvey__CG4328_Cell_FBgn0036274
12	6	4	8
12	2	3	13
7	1	0	22
13	0	0	17
30	0	0	0
0	0	0	30
0	0	6	24
15	0	15	0
>flyfactorsurvey__CG4328_SOLEXA_FBgn0036274
289	212	182	362
222	158	177	488
217	3	8	817
576	0	40	429
1043	2	0	0
4	0	16	1025
0	5	153	887
715	1	324	5
>flyfactorsurvey__CG7056_SOLEXA_FBgn0038852
214	185	145	492
60	353	29	594
22	308	297	409
830	0	141	65
1036	0	0	0
7	139	122	768
282	14	164	576
749	0	287	0
>taipale__HOXD8_DBD_NNTAATTANN
252	155	282	23
246	261	62	143
389	79	75	712
712	160	53	44
712	3	8	76
168	27	45	712
69	140	251	712
712	59	61	275
260	59	264	128
164	286	139	123
>taipale_cyt_meth__EMX2_YTAATTAN_eDBD_meth
1021	8209	1600	4742
1533	2391	0	12951
12951	2946	314	511
12951	296	539	100
335	572	697	12951
982	787	4816	12951
12951	3	3634	827
1983	4952	2925	3090
>taipale_cyt_meth__HOXA9_GYAATAAANN_FL_meth
311	219	1491	280
0	990	0	501
1491	1513	345	261
1491	340	592	212
12	4	0	1491
1491	179	213	1583
1491	14	0	238
1491	944	154	610
383	502	340	265
203	437	554	297
>taipale_cyt_meth__POU2F2_NTMATTATGCAN_eDBD
183	432	326	275
606	462	624	1215
645	570	444	206
1215	207	201	143
389	194	190	1215
70	249	100	1215
1215	2	68	32
176	489	342	1215
78	61	1215	112
10	1215	54	303
1215	327	489	376
272	283	261	399
>homer__YTAATTRAWWCCAGATGT_Pitx1_Ebox
22.1	25.2	14.7	38
31.8	7	9.7	51.5
69.4	4.3	17.8	8.5
99.5	0.3	0.1	0.1
14.7	15.5	9.7	60.1
18.2	16.3	17.8	47.7
41.1	17.8	28.7	12.4
39.56043956	18.18181818	19.38061938	22.87712288
47.65234765	10.08991009	7.792207792	34.46553447
44.15584416	11.28871129	7.392607393	37.16283716
30.63063063	47.34734735	11.61161161	10.41041041
1.1	98.7	0.1	0.1
98.3	0.1	0.1	1.5
3.9	20.1	53.9	22.1
58.9	28.3	11.6	1.2
3	0.1	0.1	96.8
1.9	1.9	79.5	16.7
9.3	18.2	24.4	48.1
>yetfasco__YDL106C_2154
34.10307038	13.05782304	20.07323671	32.76586987
21.25507545	10.87640443	15.5894704	52.27904972
47.28517911	3.92041262	13.41263145	35.38177682
35.86863625	4.095395409	14.43799498	45.59797336
99.03743026	0.07175468446	0.8741510101	0.01666404061
5.406162127	1.564457999	4.126953311	88.90242656
10.17945289	2.411794958	12.94062084	74.46813131
67.57312607	3.432230566	24.12407635	4.870567015
24.02180556	34.4311605	25.76358299	15.78345095
24.20765585	23.4922115	23.02703455	29.2730981
>scertf__zhu.PHO2
50	4	7	39
6	22	13	58
19	2	1	77
77	2	1	20
80	1	1	18
18	1	1	80
20	1	2	77
77	1	2	19
58	13	22	6
30	11	13	46
14	18	43	25
15	32	38	15
14	18	55	13
>cisbp__M00435
33.67644713	19.42961979	19.04488754	27.84904555
29.35915087	18.7202211	21.96838297	29.95224506
14.31471865	29.11601259	15.66279702	40.90647174
6.092085165	24.21543923	1.181742938	68.51073267
76.84657113	12.83031656	7.402448706	2.920663603
95.4389944	1.856118059	1.696364178	1.008523361
3.554880567	1.629578622	1.281871946	93.53366887
15.00605806	19.6574026	7.451787899	57.88475145
58.29445521	7.355931402	13.53808712	20.81152627
>cisbp__M00445
15.20807816	9.132383701	4.720084704	70.93945343
69.04581246	8.625908005	13.52811663	8.800162905
88.60615244	1.302390337	3.575844229	6.515612997
3.107736226	3.683614826	2.840257053	90.3683919
11.09111974	10.13652021	15.58244196	63.18991809
49.10616396	4.874339296	34.95231017	11.06718658
36.72205483	19.17059364	26.93367935	17.17367218
28.7640636	23.55002346	18.34077671	29.34513623
27.85336915	20.02444814	17.76009229	34.36209042
>cisbp__M00802
36.65407796	22.90888187	14.607348	25.82969218
29.21680538	8.454882377	5.231740795	57.09657145
38.6323566	11.06835548	8.449355612	41.8499323
98.75817337	0.1455368689	0.1035888241	0.9927009379
4.570249952	2.137352466	2.409858176	90.88253941
3.912335722	5.954424561	35.30888269	54.82435703
41.25552546	38.46639697	5.696118937	14.58195863
51.68531417	12.00320482	23.69285871	12.61862229
27.9229221	19.09540886	16.76759127	36.21407778
33.66593364	19.42355403	21.46634704	25.44416529
>cisbp__M01250
15.41847044	28.9498832	18.45926052	37.17238584
14.8554037	39.5815731	7.91186621	37.651157
77.61261385	7.328200326	8.018328342	7.040857481
94.50485407	2.769456799	0.4354615394	2.290227596
1.354775495	1.467610773	0.2818545149	96.89575922
47.8599095	33.05848256	6.67439252	12.40721542
97.36806847	0.5371372227	0.9689893271	1.125804981
6.31634192	3.013614625	4.773788529	85.89625493
24.31860587	6.179527	29.40726436	40.09460277
19.91547405	23.3710253	37.76931573	18.94418492
>cisbp__M01251
15.96358556	27.94701024	19.1118818	36.97752241
14.45336759	40.08200332	8.092416906	37.37221218
77.11019812	7.427843271	7.730979306	7.730979306
94.11059899	3.078586848	0.4840682724	2.326745887
0.9334503873	1.140118878	0.3015355184	97.62489522
47.02849458	31.2104722	8.42121137	13.33982185
97.02096256	0.6736309061	1.290367504	1.01503903
6.634316618	3.533382636	4.86591933	84.96638142
23.78070427	6.881760509	29.33773311	39.99980211
20.02894316	22.35787002	36.13198142	21.4812054
>cisbp__M01551
15.31179184	26.01369786	34.41949917	24.25501112
5.122950015	23.65868902	3.61008186	67.60827911
74.3002022	12.78296817	2.55515701	10.36167262
88.60814743	4.411539896	2.104807074	4.875505597
0.009616982026	0.8743934937	0.05108702221	99.0649025
45.72870783	14.19267918	4.107137366	35.97147563
36.13722053	13.2941405	4.167529333	46.40110964
52.21469302	15.26196722	10.64791322	21.87542654
32.9757371	19.60475329	12.75307032	34.66643929
>cisbp__M01655
19.67253208	27.09159012	20.47538334	32.76049445
40.36788734	8.150135894	25.99838969	25.48358708
99.92994986	0.009508866885	0.0187693406	0.0417719357
0.05043881585	0.1240594684	0.04171083947	99.78379088
16.58273352	37.65109376	3.31468304	42.45148968
73.24977518	5.332793337	11.98762873	9.429802749
66.1029889	9.311162637	11.37267973	13.21316874
51.01648712	9.896180333	17.49908962	21.58824293
33.57816704	22.73432883	14.49604807	29.19145605
>cisbp__M01658
24.97456681	22.82503545	22.59792255	29.6024752
36.730465	11.5144932	22.27815317	29.47688862
99.930599	0.01009692796	0.02074346413	0.03856060716
1.141627371	1.064446305	1.012532646	96.78139368
26.08787044	31.23285145	4.91096506	37.76831305
72.58171271	5.667301052	10.22374544	11.5272408
63.64661916	10.20978126	12.2233274	13.92027218
48.96392588	10.70899263	17.65614393	22.67093756
31.00287797	22.51270998	18.431848	28.05256405
>cisbp__M01660
26.95970006	19.97223703	22.97354096	30.09452196
34.59892208	9.242593501	23.89866329	32.25982113
98.08460529	0.08944158277	1.743388139	0.0825649871
0.9794042174	1.322057409	1.232678158	96.46586022
24.55927465	30.60274066	3.93964087	40.89834382
78.69669925	6.023094803	8.212038719	7.068167228
73.33141786	7.134835088	7.652169004	11.88157805
55.72680351	7.694157262	14.59182213	21.9872171
36.51115777	21.06510555	13.70304274	28.72069394
>cisbp__M02055
25.94538465	23.47635485	21.03092005	29.54734045
17.45192393	22.86139994	28.20360753	31.48306859
5.820176815	24.81208026	8.947110597	60.42063233
74.09128466	15.10911055	3.371298258	7.428306533
89.76866206	5.192607295	1.487706899	3.551023743
0.009031202889	2.187873984	0.002536247355	97.80055857
27.11042564	8.845584111	4.903348623	59.14064163
38.34789899	3.47884291	2.655677342	55.51758076
66.62462547	10.79490497	15.62815759	6.952311967
>cisbp__M02059
12.03335197	18.13206876	13.70392277	56.1306565
39.3226687	3.039828699	2.391213948	55.24628865
66.60597245	4.849105478	6.812739057	21.73218302
96.89977657	0.00570551068	3.045536919	0.04898100125
5.889941281	2.673119195	18.23323501	73.20370452
8.838288016	3.418128553	19.0886362	68.65494723
44.5525495	4.936563199	45.00031006	5.510577242
36.39200251	20.58060319	27.78090847	15.24648583
26.96882936	19.97900018	17.36890834	35.68326212
29.43627198	22.02608989	20.53699009	28.00064805
>cisbp__M02074
15.28650037	20.42929929	34.7079966	29.57620373
6.688957061	35.88997349	2.24893769	55.17213176
77.52175364	10.49142849	4.66719659	7.319621284
86.99637572	7.358576177	1.441762697	4.20328541
0.008840842877	2.274196812	0.04378898142	97.67317336
50.23276203	9.362079589	4.291633563	36.11352482
32.98624093	7.001262804	3.407880465	56.6046158
52.12905689	16.34173896	17.17959783	14.34960632
>cisbp__M02191
13.87993963	19.69657191	15.49387223	50.92961623
45.03764857	5.797917349	4.126785503	45.03764857
59.67311018	7.234646531	6.546178888	26.5460644
96.11116116	0.03599070572	3.840127046	0.01272108345
4.553055483	4.287906173	11.65573743	79.50330091
11.66707697	5.456300203	22.1263884	60.75023443
49.44208817	4.35272484	41.29750344	4.907683553
30.92696289	23.37409573	29.71429933	15.98464204
22.46240502	24.82479678	21.15429639	31.55850181
>cisbp__M02196
10.54153523	2.655099895	5.283911672	81.51945321
2.05954323	0.02039151713	0.02039151713	97.89967374
64.67476489	0.01959247649	0.01959247649	35.28605016
97.98197492	1.978840125	0.01959247649	0.01959247649
0.01959247649	9.815830721	3.938087774	86.22648903
4.016786571	0.01998401279	25.99920064	69.96402878
70.41326067	2.293369664	27.27066303	0.02270663034
2.967097532	73.47238543	5.904817861	17.65569918
