>swissregulon__mm__Hsf1
764	263	348	3716
331	74	373	3716
58	3716	71	12
80	1617	1446	3716
3716	1592	1617	50
1	7	3716	3
3716	226	30	195
3716	115	103	350
392	1621	617	1086
1062	665	1421	568
533	208	237	3716
371	205	288	3716
248	3716	252	208
>swissregulon__sacCer__HSF1
49.7	10.55	43.16	0
1.3	0	98.27	0
98.52	0	0.78	0
90.87	0.54	5.4	2.97
14.37	44.64	15.95	31.58
20.17	40.7	28.4	19.51
4.02	19.17	9.21	71.66
6.62	25.94	0.2	70.22
98.12	70.67	27.2	9.12
11.04	21.47	3.34	169.11
78.9	11.05	116.7	0
0	0.11	201.41	0
201.41	0.07	0.1	0
199.47	0	2.85	0
>hocomoco__HSF1_HUMAN.H11MO.0.A
74	114	112	200
211	28	245	16
6	3	489	2
475	10	10	5
425	17	27	31
122	94	148	136
78	139	202	81
54	44	30	372
58	8	44	390
26	472	2	0
6	160	16	318
282	30	184	4
3	4	493	0
456	15	15	14
394	33	51	22
>hocomoco__HSF1_MOUSE.H11MO.0.A
82	133	83	202
301	12	171	16
4	0	495	1
470	16	8	6
456	9	20	15
144	129	125	102
106	116	181	97
43	36	18	403
28	8	36	428
2	495	3	0
5	159	21	315
331	4	161	4
0	0	497	3
459	9	18	14
407	23	51	19
>hocomoco__HSF2_HUMAN.H11MO.0.A
355	272	321	92
70	87	797	86
780	71	122	67
720	64	115	141
126	240	291	383
317	198	432	93
100	38	82	820
67	51	96	826
46	827	125	42
71	143	168	658
605	185	182	68
18	124	842	56
754	64	119	103
573	169	144	154
>hocomoco__HSF4_HUMAN.H11MO.0.D
3621	3040	2580	8148
7860	3657	5683	189
75	82	17156	76
17143	72	75	99
16808	56	30	495
2208	6911	3463	4807
5695	3426	6568	1700
551	83	66	16689
219	8	252	16910
1	17386	2	0
2	2351	1925	13111
13474	1616	2227	72
76	75	17160	78
16227	492	241	429
11172	1946	1900	2371
>hocomoco__HXB2_HUMAN.H11MO.0.D
97	76	71	176
226	74	98	22
28	6	375	11
389	8	7	16
381	7	4	28
61	169	79	111
145	101	135	39
23	6	6	385
9	2	14	395
0	420	0	0
0	53	51	316
352	25	39	4
3	1	416	0
397	10	4	9
200	70	69	81
>nitta__Hsf_TATGAT40NACA_KK_NNGAACATTCSAGAANN_m1_c2
109	152	109	212
192	194	182	14
13	22	581	8
581	13	6	27
581	7	13	47
81	581	96	278
581	298	257	193
45	11	20	581
22	0	10	581
0	581	2	2
8	297	285	400
581	78	69	8
29	21	581	33
581	42	17	36
581	101	70	131
103	203	146	129
167	149	136	129
>nitta__Hsf_TATGAT40NACA_KK_NNGAACATTCTSGAANN_m1_c2
99	146	99	190
212	153	161	8
3	8	534	3
534	16	11	16
534	8	6	38
66	534	77	274
534	271	328	231
71	7	16	534
14	0	18	534
1	534	2	0
12	60	88	534
400	259	275	3
12	23	534	8
534	38	5	24
534	79	47	134
128	174	117	115
139	133	140	122
>nitta__Hsf_TATGAT40NACA_KK_NNGAATGTTCSAGAANN_m1_c3
123	193	139	333
260	219	301	9
1	16	788	7
788	11	29	5
788	12	0	19
370	348	324	788
363	91	788	31
31	5	0	788
23	5	22	788
6	788	1	2
6	290	498	652
788	62	53	16
17	27	788	18
788	17	0	15
788	145	83	139
109	261	243	175
189	131	330	138
>nitta__Hsf_TATGAT40NACA_KK_NNGAATGTTCTSGAANN_m1_c3
118	232	225	384
250	211	486	12
11	13	959	14
959	8	10	18
959	10	11	74
333	503	321	959
348	125	959	4
53	18	0	959
21	6	31	959
0	959	8	6
0	44	74	959
652	444	516	9
0	25	959	5
959	23	12	56
959	30	37	225
164	316	296	184
205	229	326	200
>taipale_cyt_meth__HSF1_NGAANNTTCNNGAAN_FL_repr
3051	2615	3587	255
0	0	9508	0
9508	126	2	216
9508	149	100	826
1199	3850	1513	2947
2737	1260	4795	716
1104	135	248	9508
434	23	735	9508
3	9508	9	0
55	1541	2695	5217
5394	2216	1835	63
102	232	9508	161
9508	945	115	664
9508	1080	953	2071
1765	3161	2645	1937
>taipale_cyt_meth__HSF1_NGAANNTTCNNGAAN_eDBD
1729	1543	2264	151
38	59	5686	43
5686	336	69	411
5686	316	202	873
655	2150	1056	1826
1477	827	2961	421
1106	303	402	5686
680	89	998	5686
12	5686	50	0
109	975	1687	2915
2857	1305	1442	83
14	81	5686	58
5686	880	120	913
5686	950	871	1736
1026	1709	1722	1229
>taipale_cyt_meth__HSF1_NGAANNTTCYRGAAN_FL_meth
6422	561	7157	946
87	98	15087	109
15087	502	136	855
15087	339	304	2039
1923	6418	2114	4632
4389	2082	7283	1332
2606	491	379	15087
1813	62	1978	15087
41	15087	23	1
110	6880	207	8207
8025	155	7062	124
50	127	15087	171
15087	2264	159	2111
15087	1587	1665	4358
3198	4684	3625	3579
>taipale_cyt_meth__HSF1_NGAANNTTCYRGAAN_eDBD_meth
10570	1269	10050	1531
46	194	23419	138
23419	701	190	1239
23419	541	467	2885
3063	10034	3080	7242
7635	2988	10747	2050
4220	790	628	23419
2678	165	2725	23419
99	23419	175	10
204	9690	540	13730
13768	423	9651	308
75	322	23419	208
23419	2850	289	2880
23419	2251	2305	6614
5447	7152	5319	5502
>taipale_cyt_meth__HSF2_NGAANNTTCNNGAAN_FL
29906	24712	28740	1650
435	308	85008	192
85008	451	215	1498
85008	1713	1437	9063
11573	29304	19148	24983
23273	15030	35970	10735
15748	3492	3870	85008
8548	305	12349	85008
354	85008	328	510
501	15900	20200	48408
49391	17296	17728	593
910	1278	85008	1837
85008	9801	1717	8264
85008	10359	8569	20315
18964	22696	25079	18270
>taipale_cyt_meth__HSF2_NGAANNTTCNNGAAN_eDBD
2630	3336	3154	372
20	129	9491	44
9491	296	59	667
9491	484	364	1843
881	4212	1551	2846
2446	1627	4528	889
2329	326	853	9491
1604	67	2467	9491
0	9491	30	0
87	1877	2538	4989
4780	2419	2168	123
40	151	9491	70
9491	2173	118	1623
9491	2039	1312	3200
1534	3122	2763	2071
>taipale_cyt_meth__HSF2_NGAANNTTCYRGAAN_FL_meth
10416	18	17166	791
48	44	28391	101
28391	232	0	795
28391	350	862	4171
3362	9582	7743	7705
6151	4458	14542	3240
5299	1398	841	28391
3907	227	7321	28391
138	28391	127	182
101	13760	0	14631
11552	0	16839	338
494	1039	28391	1001
28391	5445	2108	4735
28391	3049	5739	8779
5594	6747	9986	6064
>taipale_cyt_meth__HSF2_NGAANNTTCYRGAAN_eDBD_meth
5570	505	6150	686
0	106	12910	76
12910	397	28	845
12910	266	260	2310
1267	5645	1841	4156
3733	1860	6294	1023
3232	522	405	12910
2806	19	3315	12910
32	12910	38	13
74	5639	168	7271
6932	162	5979	38
59	187	12910	227
12910	2898	152	2279
12910	1924	1532	4622
2558	4112	3133	3108
>taipale_cyt_meth__HSF4_NGAANNTTCNNGAAN_eDBD
4584	3611	4153	260
50	136	12607	149
12607	766	289	978
12607	649	513	1791
1244	5253	2692	3418
3865	1820	5670	1254
2202	442	776	12607
1778	145	2395	12607
21	12607	87	0
102	1803	3212	7490
7828	2451	2255	74
0	96	12607	23
12607	2195	281	1846
12607	1583	1247	3176
2314	3609	3866	2818
>taipale_cyt_meth__HSF4_NGAANNTTCYRGAAN_eDBD_meth
5308	262	6261	381
41	175	12212	124
12212	1290	228	1509
12212	593	623	2073
1457	5546	1946	3262
4520	1772	4599	1321
3511	899	902	12212
3552	388	3093	12212
117	12212	120	3
154	5871	83	6341
6512	128	5700	278
46	314	12212	139
12212	2899	444	2883
12212	1755	1694	4179
2974	3249	2992	2997
>transfac_public__M00169
28	6	12	4
0	0	48	2
46	0	2	2
46	0	2	2
12	19	8	11
11	8	19	12
2	2	0	46
2	2	0	46
2	48	0	0
4	12	6	28
28	6	12	4
0	0	48	2
46	0	2	2
46	0	2	2
12	19	8	11
>homer__TTCTAGAABNTTCTA_HRE
7.1	9.1	6.1	77.7
2.6	6.3	4.2	86.9
3.2	92.1	2.2	2.5
2.6	27	1	69.4
68.4	0.7	30.1	0.8
0.1	0.1	99.7	0.1
93.9	3.3	1.1	1.7
89.5	2.1	4.6	3.8
19.41941942	34.53453453	23.52352352	22.52252252
23.67632368	24.17582418	30.26973027	21.87812188
5.1	5.1	2.7	87.1
1.9	2.1	3.8	92.2
0.8	96.3	1.2	1.7
3.7	35.1	1.4	59.8
48.05194805	13.38661339	21.67832168	16.88311688
>yetfasco__YGL073W_615
2.281914164	0.9006108276	0.9317247536	95.88575025
0.9489944092	0.05751980903	2.692978471	96.30050731
2.617765896	94.94810404	0.01189968577	2.422230375
0.9253779608	24.33305992	4.749731127	69.99183099
81.39239482	3.897511542	9.154958178	5.555135463
5.198348931	4.468481584	72.44351678	17.88965271
77.41264434	5.166647755	16.45242715	0.9682807551
83.42738767	6.431611973	6.893231034	3.247769322
23.0716601	29.44153759	23.56838689	23.91841542
37.8540931	20.93882531	30.67749128	10.52959031
6.307393713	7.89410218	1.522851424	84.27565268
1.894963243	0.9611950121	0.05928870383	97.08455304
3.580539412	81.45368992	0.01469947205	14.9510712
2.123556432	37.14802616	8.834899055	51.89351835
>scertf__pachkov.HSF1
48	10	41	0
1	0	98	0
99	0	0	0
91	0	5	3
13	41	15	29
18	37	26	17
3	18	8	68
6	25	0	68
27	56	13	2
8	19	1	70
56	10	32	0
0	0	99	0
99	0	0	0
96	0	2	0
41	14	22	21
