>jaspar__MA1118.1
96	43	859	110
400	77	90	541
1049	18	6	35
1076	8	10	14
43	959	12	94
112	871	31	94
51	46	30	981
48	9	1025	26
1070	7	11	20
146	179	289	494
546	360	73	129
>jaspar__MA1119.1
1673	1234	1145	1401
1607	1242	1226	1378
963	2910	828	752
840	215	561	3837
165	56	5065	167
3578	319	273	1283
4885	264	66	238
5275	39	74	65
190	4367	170	726
586	4169	196	502
325	295	175	4658
321	114	4830	188
5202	75	85	91
553	615	1193	3092
2415	1812	563	663
858	2523	511	1561
>swissregulon__hs__IRX2
3039	3010	4859	4975
7636	697	3158	8247
15883	368	888	375
652	15883	365	472
15883	309	769	296
1435	5994	462	9889
4765	392	11118	2113
15883	600	1067	1390
1503	15883	687	1926
15883	860	1633	2011
6986	4241	1051	8897
2507	3436	7695	2245
>hocomoco__SIX1_HUMAN.H11MO.0.A
98	9	103	290
8	2	489	1
236	22	24	218
451	24	1	24
496	2	1	1
21	247	24	208
109	196	23	172
44	51	55	350
52	7	423	18
498	0	1	1
38	74	153	235
255	211	12	22
42	294	20	144
69	198	95	138
>hocomoco__SIX2_HUMAN.H11MO.0.A
83	6	156	255
13	2	476	9
296	20	43	141
426	30	11	33
492	5	2	1
28	250	34	188
112	184	37	167
80	68	55	297
84	13	369	34
496	1	1	2
37	80	220	163
276	181	14	29
99	266	33	102
>hocomoco__SIX2_MOUSE.H11MO.0.A
95	5	99	301
4	1	491	4
284	35	20	161
434	38	8	20
497	2	1	0
27	240	31	202
123	201	42	134
61	87	51	301
110	17	348	25
497	2	1	0
43	78	186	193
233	217	16	34
70	295	30	105
59	192	101	148
>hocomoco__SIX4_MOUSE.H11MO.0.C
166	20	78	223
16	13	444	14
235	33	90	129
348	77	41	21
410	5	53	19
28	236	109	114
112	251	31	93
96	68	89	234
57	94	323	13
426	14	18	29
56	166	212	53
240	124	61	62
61	232	126	68
75	198	98	116
>taipale_cyt_meth__ZNF32_NYGTAACNYGAYACN_FL
1925	1311	1728	1028
659	2449	1230	2991
102	71	5969	72
1301	841	244	5227
5744	641	140	679
5960	48	55	61
227	5068	416	2320
1616	2416	1022	938
182	2528	412	3296
1057	129	5417	519
5981	17	66	48
170	2529	383	3345
5461	1332	327	134
203	5423	738	1212
454	3167	1503	868
>taipale_cyt_meth__ZNF32_NYGTAACNYGAYACN_FL_meth_repr
3601	2603	2882	1683
700	5876	1476	4103
161	27	10762	10
1416	869	150	9684
10348	896	56	590
10745	55	46	83
199	9215	466	3356
2318	5180	1724	1547
169	5715	393	4859
1227	69	10032	704
10783	43	53	105
224	5016	407	5627
10000	1647	364	106
301	9717	988	2091
711	6839	1895	1324
>homer__GKVTCADRTTWC_Six1
18.1	9.4	56.5	16
9.109109109	3.903903904	48.14814815	38.83883884
40.04004004	29.22922923	26.52652653	4.204204204
0.1	0.1	0.1	99.7
0.1	99.7	0.1	0.1
83	0.1	8.1	8.8
27.8	7.9	33.7	30.6
38	6.9	48.4	6.7
0.1	0.1	0.1	99.7
0.1	0.1	14.7	85.1
51.7	4.9	0.1	43.3
0.1	99.7	0.1	0.1
>homer__GWAAYHTGAKMC_Six2
1.4	0.1	98.3	0.2
41.34134134	6.906906907	11.81181181	39.93993994
76.6	13.5	0.5	9.4
99.7	0.1	0.1	0.1
6	47.1	10.4	36.5
21.42142142	35.53553554	10.51051051	32.53253253
13.5	21.9	14.7	49.9
21.2	2.8	63	13
99.7	0.1	0.1	0.1
11.4	19.4	30.8	38.4
45.4	38.2	7.8	8.6
14.5	52	12.6	20.9
>homer__TGWAAYCTGABACCB_Six4
18.1	0.1	31.6	50.2
0.1	0.1	95.4	4.4
54.4	0.1	0.1	45.4
90.9	8.9	0.1	0.1
99.7	0.1	0.1	0.1
0.1	49.9	0.1	49.9
13.7	54.3	0.3	31.7
0.1	18.1	9	72.8
0.1	0.1	99.7	0.1
99.7	0.1	0.1	0.1
9.1	32	27.2	31.7
54.7	31.6	4.5	9.2
0.1	81.8	4.5	13.6
9	50.2	9.1	31.7
13.71371371	27.42742743	31.53153153	27.32732733
