>jaspar__MA0419.1
7195	2582	195	869
195	0	0	10410
0	0	2132	8375
10172	98	97	172
1260	1168	8333	0
0	97	0	10436
7781	2526	198	0
10507	0	0	0
98	0	6311	4323
2246	7759	509	394
6606	1126	2313	1229
>jaspar__MA0477.2
14979	12491	14848	15363
15921	11018	16855	13887
35056	6703	13127	2795
260	460	183	56778
515	301	54619	2246
56806	287	286	302
2557	43918	8615	2591
1060	163	598	55860
3133	53711	278	559
56408	344	566	363
2716	10399	6533	38033
14671	15640	12314	15056
13956	17637	11065	15023
>jaspar__MA0489.2
24680	17094	25927	26402
31879	23699	29063	9462
1166	716	718	91503
968	1468	88928	2739
89245	1493	1717	1648
3860	71105	14953	4185
3034	920	1009	89140
3691	88215	1228	969
89496	1827	1147	1633
4975	14637	13040	61451
22836	25178	21936	24153
23849	24232	21375	24647
>jaspar__MA0490.2
22772	16583	18150	22351
23561	15807	20403	20085
56607	7817	11566	3866
538	654	322	78342
770	550	74757	3779
78101	523	550	682
4755	59784	10519	4798
1999	289	913	76655
5243	73199	617	797
77675	588	900	693
3722	8876	7508	59750
21544	19230	16491	22591
21137	20653	15068	22998
>jaspar__MA0491.2
28467	21965	25006	30507
29234	19712	31347	25652
70166	10173	20586	5020
644	757	443	104101
1365	873	99787	3920
103797	650	573	925
4634	76028	20633	4650
2053	496	1147	102249
4915	98628	953	1449
103420	751	965	809
2796	12025	7908	83216
27969	28250	22249	27477
28212	29793	19236	28704
>jaspar__MA1137.1
237	269	195	300
216	146	376	263
566	100	287	47
23	16	16	945
36	21	880	63
917	20	21	42
63	626	198	113
59	23	115	803
271	683	9	37
904	21	38	37
53	225	170	552
300	298	204	198
247	300	223	230
>jaspar__MA1142.1
265	221	279	235
551	127	282	40
30	23	34	913
22	61	777	140
864	12	82	41
49	581	191	180
98	45	187	669
270	641	25	64
912	40	17	31
174	212	144	470
>jaspar__MA1928.1
1444	1414	1339	1475
1812	727	1267	1866
1471	880	2864	457
147	66	96	5363
134	72	5184	282
5303	117	61	191
227	838	4332	275
86	106	80	5400
216	5238	112	106
5483	54	56	79
592	1637	1192	2251
1692	1348	1028	1604
>swissregulon__hs__JUND
15.314	14.342	48.093	174.525
26.247	84.674	27.055	114.299
30.007	74.251	20.471	127.545
51.814	106.124	35.19	59.146
73.496	24.753	113.464	40.561
97.153	29.513	59.414	66.195
97.294	5.762	34.512	114.707
176.937	27.724	17.001	30.612
0.315	0.342	0.941	250.676
1.366	2.074	227.762	21.072
245.657	0.618	0.242	5.757
14.849	129.72	106.434	1.271
6.806	0.631	0.339	244.498
35.286	184.503	25.566	6.918
198.722	9.531	12.905	31.116
>swissregulon__mm__Batf
126.93	57.985	31.69	538.088
32.615	123.304	464.382	134.392
719.105	1.384	5.057	29.146
29.401	231.052	423.358	70.881
17.789	19.799	5.745	711.36
96.586	621.74	31.893	4.473
752.106	0.301	0.082	2.204
152.899	33.395	111.235	457.164
369.176	107.775	23.569	254.172
212.721	154.851	88.082	299.039
115.045	346.671	78.498	214.478
205.781	87.503	293.537	167.871
363.694	58.88	241.447	90.672
265.032	93.962	295.599	100.1
524.088	113.74	46.567	70.298
>swissregulon__mm__Fosl1
18.08607595	7.972151899	16.77721519	4.164556962
22.60759494	12.61265823	6.901265823	4.878481013
12.73164557	17.01518987	12.2556962	4.997468354
9.994936709	12.49367089	22.48860759	2.02278481
1.070886076	0	2.02278481	43.90632911
0	1.070886076	43.90632911	2.02278481
36.76708861	1.903797468	0	8.329113924
0	22.25063291	19.63291139	5.116455696
4.04556962	0	0	42.95443038
2.974683544	39.0278481	2.974683544	2.02278481
42.12151899	0.9518987342	0.9518987342	2.974683544
6.425316456	1.903797468	20.70379747	17.96708861
14.99240506	21.41772152	4.759493671	5.830379747
21.00126582	12.55316456	10.76835443	2.67721519
>swissregulon__mm__Jun
159	79	117	117
114	129	197	33
183	83	140	68
91	109	198	75
141	34	213	84
155	125	178	15
0	0	0	475
0	0	471	3
475	0	0	0
26	155	274	16
3	0	0	471
22	452	0	0
475	0	0	0
3	140	95	235
>flyfactorsurvey__CG14962_SOLEXA_F2-4
226	165	1224	165
53	204	146	1378
9	3	1763	7
293	390	215	884
20	1	31	1728
0	50	1	1733
206	1561	0	16
1681	13	81	7
1163	107	33	479
366	821	390	206
282	226	74	1200
70	22	35	1655
206	276	351	951
226	364	475	717
321	323	594	544
>hocomoco__BATF_HUMAN.H11MO.0.A
226	39	132	103
24	200	173	103
6	9	22	463
67	164	12	257
43	119	26	312
71	273	23	133
190	43	198	69
185	57	115	143
169	9	42	280
289	79	11	121
1	1	0	498
2	28	425	45
489	4	6	1
52	279	158	11
36	15	10	439
106	254	106	34
306	42	55	97
71	93	153	183
>hocomoco__BATF_MOUSE.H11MO.0.A
198	32	145	125
85	131	199	85
44	37	78	341
74	174	59	193
67	147	52	234
100	227	50	123
152	83	186	79
241	69	99	91
200	19	87	194
324	61	23	92
3	1	1	495
2	16	447	35
487	2	5	6
47	299	152	2
47	11	4	438
69	267	147	17
311	22	51	116
65	102	206	127
>hocomoco__BATF_MOUSE.H11MO.1.A
122	62	282	34
235	52	71	142
190	5	63	242
354	57	10	79
1	1	0	498
1	2	495	2
496	0	0	4
45	253	187	15
31	8	2	459
105	307	82	6
425	10	24	41
>dbtfbs__BATF_GM12878_ENCSR000BGT_merged_N1
22	12	51	412
68	195	39	195
63	160	27	247
103	215	54	125
130	47	256	64
206	48	102	141
181	6	33	277
318	51	6	122
0	0	0	497
1	14	432	50
491	0	0	6
37	264	183	13
7	0	0	490
88	310	82	17
373	3	43	78
>dbtfbs__mm_JUND_CH12.LX_ENCSR000ERR_merged_N1
24	12	108	220
57	112	99	96
114	91	33	126
141	119	21	83
154	28	153	29
165	30	91	78
175	0	36	153
239	30	34	61
0	0	0	364
0	0	340	24
364	0	0	0
14	176	171	3
0	0	0	364
63	301	0	0
341	0	4	19
>transfac_public__M00038
4	6	2	2
2	7	5	1
7	6	2	3
2	7	9	2
3	6	6	8
5	4	10	6
5	11	7	4
4	12	9	5
6	9	11	11
19	6	15	2
0	0	0	43
0	0	43	0
43	0	0	0
0	43	0	0
2	0	0	41
1	42	0	0
43	0	0	0
1	11	5	26
12	16	2	8
4	14	13	3
12	10	4	8
6	9	11	7
7	10	4	10
4	8	11	5
5	10	6	6
8	7	3	7
6	7	4	6
>transfac_public__M00517
6	15	19	7
14	12	13	8
19	3	16	9
4	2	5	36
4	2	33	8
36	4	2	5
3	13	29	2
0	0	0	47
2	44	0	1
47	0	0	0
2	8	24	13
10	24	5	8
15	12	11	9
>bergman__eyg
15	15	42	28
42	29	26	3
33	7	45	15
8	11	21	60
45	5	43	7
23	30	18	29
0	12	5	83
0	87	3	10
100	0	0	0
2	98	0	0
0	0	0	100
1	26	73	0
73	3	24	0
20	18	42	20
14	15	16	55
38	27	30	5
21	37	15	27
23	4	43	30
16	37	18	29
>homer__NATGASTCABNN_Fosl2
27.6	20.2	31.5	20.7
43	20	27.4	9.6
5.4	2.3	3.3	89
2.9	6.2	77.5	13.4
78.8	3.7	3.8	13.7
9.2	40.2	43.7	6.9
7.3	7.5	7.3	77.9
13.6	73.8	9.3	3.3
88.4	3.1	2.9	5.6
8.8	26.5	27	37.7
23.5	31.7	17.1	27.7
23.97602398	31.26873127	24.67532468	20.07992008
>homer__NDATGASTCAYN_Fos
17.28271728	24.77522478	32.06793207	25.87412587
22	16	33.2	28.8
45.2	21.6	23.7	9.5
0.1	0.1	0.1	99.7
0.1	0.4	74.5	25
90.4	0.1	0.5	9
12.31231231	30.33033033	43.64364364	13.71371371
0.1	0.1	0.1	99.7
18.3	81.5	0.1	0.1
99.7	0.1	0.1	0.1
11.5	32.9	9.3	46.3
20	34.9	20.6	24.5
>homer__NNATGASTCATH_Fra1
22.7	22.8	27.9	26.6
28.5	19.9	28.7	22.9
46.14614615	21.22122122	25.62562563	7.007007007
1.7	0.5	1.6	96.2
1.5	0.9	74.5	23.1
94.9	1	0.1	4
9.69030969	36.26373626	41.05894106	12.98701299
2.8	1.3	2.6	93.3
18.9	78.9	0.9	1.3
96.3	1.2	0.1	2.4
7.4	25.3	19.8	47.5
24.4	34.7	17.2	23.7
>yetfasco__YOL028C_1737
14.86511351	26.13348379	27.6561425	31.3452602
49.15492847	26.26981927	12.3528793	12.22237296
0.0959996928	3.610068448	0.2942390584	95.9996928
0.06502119691	4.010247341	30.90353455	65.02119691
97.98081144	0.09798081144	0.09798081144	1.823226939
9.088087249	44.58155135	44.72659971	1.603761686
1.387949844	0.09841521972	0.09841521972	98.41521972
55.47650154	44.41254546	0.05547650154	0.05547650154
99.70089731	0.09970089731	0.09970089731	0.09970089731
0.03288460229	2.193539181	64.8611485	32.91242772
10.43318678	71.54790311	7.935234838	10.08367527
36.25438542	24.1066285	26.91068768	12.7282984
>yetfasco__YOL067C_1493
23.1	30	28.3	18.6
53.2	11.1	25.4	10.3
10.3	12.5	15.2	62
6.8	13.2	72.9	7.1
77.1	8.6	8.7	5.6
4.4	18.4	72.1	5.1
6.693306693	7.092907093	6.693306693	79.52047952
33.76623377	20.67932068	35.26473526	10.28971029
74.6	12.7	7.6	5.1
14.28571429	19.28071928	22.47752248	43.95604396
36.76323676	12.08791209	34.96503497	16.18381618
>scertf__spivak.YAP7
6	6	66	21
40	56	1	1
1	1	1	96
0	2	22	74
97	0	1	0
1	76	10	11
2	1	0	95
80	18	1	0
96	0	1	1
8	2	22	66
>cisbp__M00903
28.65770412	37.91344505	16.71442542	16.71442542
0.01363886203	0.01363886203	0.01363886203	99.95908341
0.01363886203	0.01363886203	32.07710321	67.89561906
99.95908341	0.01363886203	0.01363886203	0.01363886203
0.01363886203	91.69052331	0.01363886203	8.282198966
16.59781314	0.01363886203	9.915589083	73.47295891
82.54266577	0.01363886203	0.01363886203	17.43005651
99.95908341	0.01363886203	0.01363886203	0.01363886203
25.71563109	8.299213447	17.0298582	48.95529727
>cisbp__M01150
30.82117476	23.05960841	23.05960841	23.05960841
30.82117476	23.05960841	23.05960841	23.05960841
23.05960841	23.05960841	30.82117476	23.05960841
42.25412669	30.46788566	9.745294403	17.53269325
0.01426162077	0.01426162077	7.801660471	92.16981629
0.01426162077	0.01426162077	21.65155618	78.31992058
99.95721514	0.01426162077	0.01426162077	0.01426162077
0.01426162077	92.16981629	0.01426162077	7.801660471
9.742052059	1.954653209	20.78983658	67.51345815
67.51345815	9.742052059	1.954653209	20.78983658
94.13604037	1.954653209	1.954653209	1.954653209
24.34346576	15.26896722	23.5949955	36.79257152
>cisbp__M01790
15.42206331	13.2738929	50.69357447	20.61046932
38.43302965	44.20850702	10.26681898	7.09164434
5.869585371	1.322844042	3.705373251	89.10219734
0.7506262327	3.074531574	38.59615096	57.57869123
91.10924507	0.009391589571	6.184581144	2.696782194
6.369019411	58.64166899	16.96997352	18.01933808
27.84272596	16.06385546	19.62043737	36.47298121
51.80344002	15.44764488	5.974237992	26.77467711
72.91761254	8.665331751	8.840383064	9.576672647
25.80649361	14.02198073	22.43508775	37.73643791
>cisbp__M07814
24.8421	14.7368	35.7895	24.6316
41.4737	29.6842	15.7895	13.0526
7.5789	4.6316	1.6842	86.1053
0	7.7895	78.3158	13.8947
99.15780084	0.4210995789	0	0.4210995789
2.5263	45.6842	44.8421	6.9474
1.2632	0	0	98.7368
11.3684	86.3158	1.6842	0.6316
100	0	0	0
20.21052021	1.894701895	4.842104842	73.05267305
51.78944821	9.473690526	1.473698526	37.26316274
27.3684	20.8421	8.6316	43.1579
14.7368	38.9474	10.9474	35.3684
25.8947	9.4737	44	20.6316
51.3684	7.5789	26.9474	14.1053
45.6842	4.6316	33.4737	16.2105
78.7368	10.9474	4.6316	5.6842
26.10527389	29.26317074	28.21047179	16.42108358
20.8421	18.5263	9.6842	50.9474
>cisbp__M07821
17.8	9.8	1.4	71
3.8	19.4	61.2	15.6
96.4	0	0.8	2.8
3	35.8	55.4	5.8
2.4	0.8	0	96.8
6.8	90.2	3	0
100	0	0	0
23.6	3	12.2	61.2
57.6	8.8	1	32.6
31.2	17.8	12.8	38.2
12.2	47.4	10.6	29.8
25.8	11.8	44.4	18
50	7.8	30.2	12
38.8	6.4	42.6	12.2
82	12.2	2.4	3.4
>cisbp__M07829
16.41138359	30.85336915	25.82057418	26.91467309
21.44422144	3.71990372	43.32604333	31.50983151
36.32386368	11.37858862	49.89055011	2.406997593
0	0	0	100
0	0	100	0
99.5624	0	0	0.4376
0.8753	59.7374	38.0744	1.3129
0	0	0	100
7.4398	92.5602	0	0
100	0	0	0
1.0941	16.849	19.9125	62.1444
17.2867	33.698	26.2582	22.7571
14.442	42.4508	17.9431	25.1641
17.5055	31.5098	14.442	36.5427
7.877492123	32.82276718	17.50548249	41.79425821
>cisbp__M07978
43	9.4	22.6	25
31	20.8	24.4	23.8
26	3.2	19.6	51.2
13.4	31.2	43	12.4
28.6	26	15	30.4
20.6	16.8	43.6	19
19.2	3.4	71	6.4
67.2	4.4	9.4	19
64	0	8.6	27.4
40.2	27.4	24.4	8
1	0.6	2.4	96
0	0.4	98.6	1
95.6	0.2	3	1.2
32.6	28.6	37.8	1
42.8	0.6	1.4	55.2
17.6	51	30.2	1.2
53.4	10.6	8	28
19.8	15.8	34.2	30.2
