>taipale_cyt_meth__CDX2_NYAATAAAN_eDBD
604	588	1358	303
0	1861	0	992
2853	4386	371	775
2853	345	768	157
0	0	0	2853
2853	581	209	1311
2853	440	13	1030
2853	1490	615	976
584	1016	658	595
>taipale_cyt_meth__HOXA9_GYAATAAANN_FL_repr
149	91	802	0
0	528	0	274
802	1017	328	87
802	297	305	111
0	8	0	802
802	258	164	1012
802	47	21	245
802	798	174	411
221	223	186	171
194	236	223	148
>cisbp__M00421
6.338562753	0.01265182186	2.543016194	91.10576923
2.029483037	0.01009693053	0.01009693053	97.9503231
66.6503332	0.009800078401	0.009800078401	33.33006664
90.17052136	0.009800078401	0.009800078401	9.809878479
0.009800078401	14.70991768	1.969815759	83.31046648
5.058562197	0.01009693053	57.56260097	37.3687399
74.09454374	3.539510818	21.17826905	1.187676388
6.909028256	55.15161957	17.2467264	20.69262578
>cisbp__M02075
3.878648233	0.03840245776	3.878648233	92.20430108
0.03328894807	0.03328894807	0.03328894807	99.90013316
58.02190722	0.03221649485	0.03221649485	41.91365979
96.68170103	0.03221649485	0.03221649485	3.253865979
0.03221649485	25.80541237	0.03221649485	74.13015464
0.03221649485	0.03221649485	41.91365979	58.02190722
83.25565912	0.03328894807	16.67776298	0.03328894807
0.0499001996	69.91017964	5.03992016	25
