>jaspar__MA0365.1
12	27	42	19
0	0	100	0
0	0	0	100
0	0	0	100
31	0	69	0
0	100	0	0
2	48	2	48
88	4	4	4
>jaspar__MA1554.1
0	164	63	58
0	2	279	0
0	24	0	279
0	27	0	279
95	0	279	38
2	279	35	19
0	115	13	164
279	22	104	27
37	106	27	109
>swissregulon__hs__RFX7
189.172	312.793	208.883	289.152
136.71	434.943	186.108	242.239
256.816	275.897	363.978	103.31
11.1461	863.463	99.3943	25.9964
373.741	237.226	146.987	242.046
5.01658	111.657	3.64749	879.679
841.176	13.7157	141.25	3.85773
29.9055	2.13285	962.64	5.32116
12.5944	847.704	2.15701	137.544
932.422	1.0135	52.2569	14.3077
982.357	6.93806	9.32273	1.3819
4.35108	989.051	1.15333	5.44465
110.845	311.938	548.936	28.281
277.504	180.989	410.98	130.527
306.73	193.91	280.42	218.939
>hocomoco__RFX5_HUMAN.H11MO.1.A
10	107	16	34
48	4	25	90
3	0	162	2
0	2	0	165
13	21	2	131
27	6	107	27
1	159	2	5
3	54	4	106
110	4	47	6
26	5	102	34
5	16	145	1
>taipale_cyt_meth__RFX7_NGTTGCYAN_eDBD_meth_repr
238	2358	1377	904
0	0	4877	0
149	33	66	4877
76	1006	0	4877
1316	0	4877	24
72	4877	152	672
27	1618	341	3259
4877	209	3462	319
421	1307	1261	1887
>dbtfbs__RFX5_representative_N2
26	72	44	194
7	162	34	133
22	59	80	175
43	129	118	46
6	304	12	14
69	220	0	47
0	96	0	240
198	0	138	0
18	0	315	3
29	240	4	63
280	0	35	21
336	0	0	0
0	336	0	0
163	67	24	82
73	37	207	19
>homer__SCCTAGCAACAG_Rfx5
12.31231231	39.23923924	29.32932933	19.11911912
2	85.4	2	10.6
29.92992993	48.64864865	1.001001001	20.42042042
0.1	21.2	0.1	78.6
61.1	1	37.8	0.1
0.7	0.1	99.1	0.1
7.9	67.2	0.1	24.8
87.5	0.1	10.4	2
98.1	1.7	0.1	0.1
0.1	99.7	0.1	0.1
45.25474525	21.27872128	8.191808192	25.27472527
23.1	17.6	44.8	14.5
>yetfasco__YLR176C_496
3.846153804	3.846153804	3.846153804	88.46153859
48.0769231	1.9230769	48.0769231	1.9230769
0	0	100	0
0	69.2307692	0	30.7692308
100	0	0	0
100	0	0	0
0	100	0	0
19.23076922	42.30769234	26.92307693	11.53846151
>cisbp__M00188
10.46054147	58.4171916	19.44539388	11.67687305
26.62681567	28.27332599	15.67267603	29.42718231
9.871829171	11.24231926	7.386730115	71.49912146
51.28137712	10.14851782	36.50056235	2.069542706
25.51700705	10.37444088	57.35988393	6.748668142
18.43107082	45.78872456	3.834495492	31.94570913
48.43966738	1.897086053	23.34351119	26.31973537
86.99823033	5.397240357	4.786922775	2.817606535
2.191060173	90.41277044	0.2656396798	7.130529703
23.62018236	30.02713675	33.51863428	12.83404661
>cisbp__M00709
2.435934144	34.47830599	48.92704516	14.1587147
0.1538917429	0.3098999138	99.33461563	0.2015927124
0.06679161866	0.04522172457	0.02268213485	99.86530452
16.03129652	16.85323866	0.1254990418	66.98996578
23.57324613	0.3829359375	70.11329477	5.930523155
0.5978848679	82.73501639	0.2939466261	16.37315212
0.3918020013	18.97270437	2.924142672	77.71135096
95.97298442	0.9085246493	2.396637565	0.7218533626
25.53268826	11.13351049	30.875393	32.45840825
0.6985024805	8.424831284	88.33915582	2.53751042
>cisbp__M02449
12.41027876	34.41612006	32.08937765	21.08422354
5.606318041	0.04388837432	94.05636055	0.2934330379
1.340749898	2.646476368	2.954203533	93.0585702
22.42241967	18.72877922	1.447823417	57.4009777
25.17273051	2.574772772	57.72909462	14.5234021
4.041871373	70.57724582	4.334940115	21.0459427
1.418312013	38.8406524	7.311638845	52.42939674
77.75271279	5.330971235	9.426580786	7.489735192
35.02789091	11.89531503	28.39305654	24.68373753
8.572252402	15.00720655	67.93358399	8.486957066
>cisbp__M02450
14.4681077	32.52015332	31.14171036	21.87002862
6.258631632	0.000395897506	93.68287668	0.05809579141
2.59410069	3.002252267	5.224111267	89.17953578
16.99024364	16.90967049	2.29359327	63.8064926
25.73403508	1.991065172	60.13734766	12.13755208
6.219573165	56.48353432	9.012750298	28.28414222
2.444202811	42.08366375	7.86847934	47.6036541
68.83405019	7.686586209	12.34904274	11.13032086
28.51164295	17.92931365	27.07742267	26.48162073
14.3651535	17.87363193	56.00760975	11.75360482
>cisbp__M02454
13.0931457	33.51820969	32.85450467	20.53413994
5.229735346	0.05471379949	94.10024716	0.6153036914
1.950923993	4.255886582	3.928678472	89.86451095
20.59604262	20.59604262	2.259399233	56.54851552
25.61262323	3.536315356	53.68240663	17.16865478
3.702501459	70.73982151	5.691698223	19.8659788
2.519037707	41.42468527	8.880669658	47.17560736
69.81415975	7.507007002	12.13188185	10.5469514
28.72243532	16.90616817	27.32162562	27.0497709
15.07701951	15.69232435	60.53197258	8.698683551
>cisbp__M02455
0.7146485094	0.1217282166	98.89271215	0.2709111282
0.2419657626	0.5718039794	0.5892180031	98.59701225
14.68350123	15.90644699	0.229173596	69.18087819
27.07918513	0.8596459651	61.48328543	10.57788347
1.256583259	79.7101028	3.41574744	15.6175665
0.4434045459	33.33897956	2.355439349	63.86217654
92.65615869	0.5763128773	4.476741436	2.290786994
28.3947531	14.24212864	28.3947531	28.96836516
7.190208916	14.92026309	73.1652241	4.724303903
>cisbp__M08010
13.0102	11.9898	16.5816	58.4184
11.7347	60.4592	14.2857	13.5204
54.08165408	17.09181709	16.83671684	11.98981199
10.96941097	31.12243112	29.59182959	28.31632832
4.0816	61.7347	9.1837	25
27.55102755	5.357105357	16.32651633	50.76535077
2.0408	0.5102	96.9388	0.5102
0	1.2755	1.7857	96.9388
6.1224	10.4592	1.0204	82.398
17.602	1.0204	71.4286	9.949
0.5102	95.1531	0	4.3367
0.2551	39.2857	0.5102	59.949
65.8163	0	32.398	1.7857
9.949	0.5102	72.7041	16.8367
3.061203061	2.295902296	92.6020926	2.040802041
11.22451122	42.09184209	30.86733087	15.81631582
56.37754362	16.07138393	20.15307985	7.397992602
32.1429	5.8673	58.4184	3.5714
57.3979426	12.75508724	21.17347883	8.673491327
>cisbp__M08012
7.1247	58.0153	10.687	24.173
25.44527455	4.58019542	18.57508142	51.3994486
0	0	100	0
0	2.2901	0	97.7099
5.0891	10.1781	0	84.7328
20.1018	2.799	68.4478	8.6514
0.7633992366	93.63860636	0	5.597994402
0	44.0204	0	55.9796
74.0458	0	24.6819	1.2723
14.75828524	1.781198219	63.86763613	19.59288041
5.3435	4.0712	88.2952	2.2901
12.4682	39.1858	33.3333	15.0127
50.1272	19.5929	21.883	8.3969
31.2977	13.486	49.6183	5.598
48.855	17.0483	22.9008	11.1959
