>jaspar__MA0374.1
0	91	5	4
0	0	99	0
0	99	0	0
0	0	99	0
6	55	18	20
19	30	37	14
23	26	34	18
>jaspar__MA0375.1
19	50	19	12
15	38	46	0
0	92	8	0
0	8	92	0
0	92	8	0
0	0	100	0
0	85	15	0
0	31	69	0
>swissregulon__sacCer__RSC3
79.93	16.4	19.71	11.94
55.15	78.08	83.68	40.35
22.82	149.72	50.15	33.29
30.51	29.05	184.11	11.03
0.36	253.2	0.86	0.28
0.36	2.02	252.15	0.17
0.74	252.54	0.54	0.88
6.6	7.46	241.51	0.41
10.24	94.39	13.77	9.57
5.71	24.46	36.08	61.73
>swissregulon__sacCer__RSC30
14.49	89.53	8.18	15.78
13.03	30.89	79.8	4.26
2.03	201.91	44.24	7.8
2.53	30.66	221	1.78
1.68	249.95	2.88	1.47
1.47	13.12	239.71	1.68
1.78	229.96	21.7	2.53
7.8	14.8	231.35	2.03
3.32	135.18	88.17	28.03
31.14	32.5	153.53	38.81
>taipale_cyt_meth__ZNF501_NSSCGACGCGAACMN_FL
150	308	161	121
118	206	435	123
109	121	559	65
37	688	112	66
117	170	686	49
717	60	7	51
17	729	10	40
69	50	726	17
22	732	8	36
16	52	735	26
710	97	22	126
686	197	47	62
122	697	58	37
486	170	123	104
152	341	103	145
>yetfasco__YDR303C_580
0.1748251998	91.08391601	5.069930095	3.671328696
0.1748251998	0.1748251998	99.4755244	0.1748251998
0.1748251998	99.4755244	0.1748251998	0.1748251998
0.1748251998	0.1748251998	99.4755244	0.1748251998
6.468531494	54.72027965	18.35664338	20.45454548
19.0559441	30.2447552	36.5384615	14.1608392
22.5524476	26.048951	33.7412587	17.6573427
>scertf__badis.RSC30
15	38	46	1
1	90	8	1
1	8	90	1
1	90	8	1
1	1	97	1
1	83	15	1
1	30	68	1
>cisbp__M00153
32.88435779	15.84726765	19.35589642	31.91247814
34.00624701	13.82590828	13.82590828	38.34193644
25.07806411	15.21061477	24.82853321	34.8827879
14.66622555	21.2328024	47.72938609	16.37158596
4.914849794	10.93819937	84.12141669	0.02553414235
9.866611163	88.16027343	0.0009020473443	1.972213365
0.1228085639	0.00133726536	97.79480646	2.081047708
2.25806909	62.45898258	32.60644808	2.676500247
13.55662696	28.4138159	36.12103932	21.90851781
23.48214043	29.26054877	18.28790935	28.96940145
>cisbp__M00154
32.37905928	15.76058015	18.49521214	33.36514844
35.64993787	12.35112812	13.37981736	38.61911666
25.27578838	14.43775942	24.77529423	35.51115798
12.6742174	20.07689806	54.57466715	12.6742174
2.320701505	7.477283165	90.18557685	0.01643847778
6.97405548	91.1217845	0.02241997233	1.881740043
0.01755396758	0.002547926772	98.25093007	1.728968033
1.140904661	61.05783376	35.93894439	1.862317184
10.84638666	26.14955041	38.62238373	24.3816792
25.07972107	27.1685375	16.81143979	30.94030164
>cisbp__M00662
18.08754708	17.55297928	26.44914135	37.91033229
11.38314298	30.32988635	47.56673034	10.72024034
4.220506106	18.91499608	76.70409146	0.1604063576
0.005756088651	99.73362778	0.005872369355	0.2547437632
0.006837552718	0.03934739916	99.95045341	0.003361643119
0.008233714105	65.39736198	33.13141484	1.462989466
14.11571617	28.14272259	44.58015472	13.16140652
19.29785489	39.64615397	12.55343011	28.50256103
39.04679325	12.11883379	15.56089061	33.27348235
27.39623594	19.4998277	19.30580117	33.7981352
>cisbp__M01011
28.57965665	20.96166218	24.59873844	25.85994273
28.57743863	23.16442154	25.09371829	23.16442154
25.45812956	23.73700267	27.30405223	23.50081554
20.80465359	17.90673129	49.1647396	12.12387552
73.55705266	8.741321085	9.469360085	8.232266174
11.61220933	72.3891968	0.007097995025	15.99149587
4.799461622	0.09715027721	86.35819885	8.745189253
0.02973491984	99.93968229	0.001436661627	0.02914612898
18.50869476	26.2650881	27.88923045	27.33698668
31.90805597	21.38860955	25.09976582	21.60356865
>cisbp__M01400
19.47090172	30.23260966	30.23260966	20.06387896
26.27356771	21.94552845	41.20515639	10.57574746
4.485665279	2.562252665	85.70291322	7.249168834
0.009135432058	97.94491269	0.002980706896	2.042971173
0.5534035443	0.002087751131	99.3185332	0.1259755036
6.964357246	44.73719772	32.48587304	15.81257199
10.81938208	31.22875056	16.6321765	41.31969086
36.95121775	4.804719211	3.667824122	54.57623892
50.75375238	18.85891137	18.11944288	12.26789336
26.1950915	24.91754181	23.46645714	25.42090955
>cisbp__M01457
28.8103899	23.12087948	33.47289754	14.59583308
12.50933151	52.27273348	8.469528898	26.74840611
1.983477037	0.002299304449	97.98862329	0.02560036639
0.03998056767	97.5766524	0.01869756924	2.364669458
67.66712246	7.573084336	8.887096795	15.87269641
10.23660637	67.0856496	6.462202187	16.21554184
20.76551098	9.614702954	50.06356431	19.55622176
13.78575552	9.617995263	57.03333093	19.56291829
39.74502271	14.62137675	22.93088332	22.70271722
13.64996415	49.0940033	14.06566745	23.1903651
>cisbp__M01960
30.74748789	18.40359697	9.232619222	41.61629591
31.34906299	13.61784117	30.14448871	24.88860713
14.46883604	42.08437354	31.2444016	12.20238883
0.03728722169	15.0499673	84.90856078	0.004184692586
0.009372470055	99.98491973	0.002080997871	0.003626806171
0.003626806171	0.002080997871	99.98491973	0.009372470055
0.004184692586	84.90856078	15.0499673	0.03728722169
12.20238883	31.2444016	42.08437354	14.46883604
24.88860713	30.14448871	13.61784117	31.34906299
41.61629591	9.232619222	18.40359697	30.74748789
>cisbp__M01965
29.35826043	15.6359688	20.8963385	34.10943227
17.41374116	13.29329292	27.31018246	41.98278345
12.20801055	24.09712018	55.26237728	8.432491996
1.934563689	11.58697725	86.47728832	0.001170741253
0.01331130918	98.57904438	0.001489758443	1.406154549
0.08665774667	0.001261077374	99.90414075	0.007940421936
1.233599768	64.7113451	33.11335037	0.9417047674
1.673094096	28.06924979	53.23279552	17.02486059
12.99388043	36.39671453	23.91434554	26.69505949
>cisbp__M01966
31.14752887	15.31350184	20.46538479	33.07358449
22.87356339	11.58813589	29.66541254	35.87288818
10.47171542	25.75626381	42.04236718	21.72965359
2.235315881	11.75622105	86.00303199	0.005431079037
0.02637660772	99.95521802	0.002566331755	0.01583903632
0.01522203139	0.0001330199466	99.98183619	0.002808761987
0.0448363914	61.26843829	38.67776308	0.008962239302
8.811979776	20.61692074	56.04260099	14.52849849
14.20329165	35.64018323	19.17243832	30.9840868
29.10254386	18.74309819	21.55969476	30.59466319
>cisbp__M01967
30.35447511	18.2277281	20.75825413	30.65954266
14.67007712	23.00726071	20.81783038	41.50483179
9.589459791	31.83812773	54.63444565	3.93796683
0.6126823252	16.2825062	83.10387173	0.0009397386944
0.2928093731	99.66021136	0.004901404488	0.04207786346
0.02801057026	0.0003304109649	99.96565408	0.006004936905
0.01423129418	39.16126322	60.20094651	0.6235589794
1.00763903	23.98935043	52.85804901	22.14496153
20.08894588	28.79407703	26.58028319	24.5366939
25.76730639	22.17812614	17.272342	34.78222547
>cisbp__M01968
23.3789759	13.89928156	42.59927151	20.12247103
15.17781231	43.80879712	39.24541589	1.767974684
2.05532682	4.857067553	83.96792421	9.119681421
0.6892548122	99.27122513	0.003082099537	0.03643795795
1.392163217	0.008319599264	98.57905427	0.02046291223
1.328827816	97.93433584	0.2764562254	0.4603801179
8.338453978	55.19530109	22.44073479	14.02551014
40.92755703	23.85046234	11.84378909	23.37819154
37.94465371	18.10392231	12.25738505	31.69403893
30.66270111	22.26569089	20.14683025	26.92477775
>cisbp__M08663
31.89157347	35.25765066	10.60789607	22.2428798
18.29919445	38.82894134	28.03084214	14.84102207
34.74734147	38.93394625	8.580057893	17.73865438
31.07131712	31.55412139	31.21101969	6.163541801
32.3581337	33.31181204	12.05969295	22.27036131
11.32404426	69.95213187	6.392452933	12.33137094
10.18243434	24.13964314	62.34914417	3.328778349
1.590791726	88.74409613	3.564393346	6.100718802
1.983457219	8.956747117	87.66174424	1.398051422
1.316899538	95.27615067	2.256261699	1.150688096
1.150688096	2.256261699	95.27615067	1.316899538
1.398051422	87.66174424	8.956747117	1.983457219
6.100718802	3.564393346	88.74409613	1.590791726
2.598968159	59.61480821	30.88502098	6.901202647
12.33137094	6.392452933	69.95213187	11.32404426
22.31948667	16.29919071	43.15381672	18.2275059
21.72438942	5.15830976	32.09778687	41.01951395
35.62257754	37.88421636	16.53085775	9.962348355
9.133105066	39.40634284	41.78453062	9.676021477
38.46206784	19.2628631	30.31201294	11.96305612
26.65349729	38.50913168	19.72820334	15.10916768
