>jaspar__MA0126.1
10	4	0	7
1	4	14	2
4	2	2	13
20	0	0	1
21	0	0	0
0	21	0	0
7	5	3	6
0	0	21	0
5	4	2	10
>jaspar__MA1176.1
93	179	78	248
287	27	188	96
252	0	117	229
173	392	33	0
16	514	68	0
0	0	598	0
0	0	0	598
0	1	0	597
576	0	1	21
13	506	7	72
316	36	155	91
>jaspar__MA1392.2
425	76	189	329
307	30	178	504
529	378	83	29
9	991	3	16
11	5	1000	3
6	1	1	1011
5	4	6	1004
1004	4	3	8
0	1015	2	2
407	117	182	313
377	95	156	391
>bergman__ovo
52.38095238	19.04761905	0	28.57142857
4.761904762	19.04761905	66.66666667	9.523809524
19.04761905	9.523809524	9.523809524	61.9047619
100	0	0	0
100	0	0	0
0	100	0	0
38.0952381	23.80952381	14.28571429	23.80952381
0	0	100	0
25	20	10	45
>idmmpmm__ovo
46.42857143	8.928571429	13.69047619	30.95238095
0	100	0	0
22.02380952	23.80952381	16.07142857	38.0952381
0	0	100	0
0	0	0	100
0	0	0	100
75	8.928571429	6.547619048	9.523809524
19.64285714	64.28571429	13.69047619	2.380952381
39.28571429	0	16.07142857	44.64285714
25	13.0952381	20.83333333	41.07142857
20.83333333	13.69047619	22.61904762	42.85714286
27.97619048	12.5	14.88095238	44.64285714
45.83333333	27.97619048	17.85714286	8.333333333
>cisbp__M00234
32.90574309	21.19249702	17.00737723	28.89438266
12.18623231	75.96759099	4.954552325	6.891624374
8.740391296	78.88214941	3.280365862	9.097093432
8.464048724	1.427361496	82.75029932	7.358290463
1.984760055	39.07559203	2.931452481	56.00819544
7.793278719	0.005007901373	0.06608996628	92.13562341
64.84449687	7.184975058	13.35635161	14.61417646
20.68310481	23.79123355	23.08809633	32.43756531
27.0363082	23.7404587	21.91520549	27.30802761
21.70019528	27.58635482	15.29186916	35.42158074
>cisbp__M00235
33.43346421	21.53236864	17.10819043	27.92597672
10.81311148	79.10368209	4.266353256	5.816853175
8.21341006	81.10691246	3.021544703	7.65813278
7.355287484	1.078336354	85.23562155	6.330754607
1.587947272	38.95636438	2.490397056	56.96529129
6.530826717	0.02320316793	0.07938336344	93.36658675
68.02123009	6.232763813	12.551245	13.19476109
19.80962293	23.95477856	23.24680786	32.98879064
26.12787687	24.36147092	22.04317045	27.46748176
21.73326389	27.62839325	15.1627837	35.47555916
>cisbp__M02301
22.62069216	32.13792353	22.62069216	22.62069216
13.01066612	32.12556128	22.5853885	32.2783841
4.720086988	4.720086988	85.83973904	4.720086988
0.01709389935	0.01709389935	0.01709389935	99.9487183
99.9487183	0.01709389935	0.01709389935	0.01709389935
99.9487183	0.01709389935	0.01709389935	0.01709389935
0.01709389935	99.9487183	0.01709389935	0.01709389935
0.01709389935	9.122928206	90.84288399	0.01709389935
2.396401743	2.396401743	51.9717834	43.23541311
52.2923062	23.69483823	12.00642778	12.00642778
29.95657525	20.29700691	20.29700691	29.44941092
>cisbp__M07088
49.2462	8.5427	14.0704	28.1407
48.0737	9.0452	8.5427	34.3384
45.8961	4.1876	6.3652	43.5511
39.531	9.7152	6.5327	44.2211
15.5779	30.4858	1.1725	52.7638
2.5126	0	97.4874	0
0	0	0	100
100	0	0	0
100	0	0	0
0	100	0	0
0	20.7705	77.0519	2.1776
0	7.2027	68.1742	24.6231
26.2981737	18.09048191	0	55.61134439
8.8777	39.531	0	51.5913
56.7839	5.3601	27.8057	10.0503
>cisbp__M07108
38.7205	12.2896	21.8855	27.1044
53.7037	6.3973	9.4276	30.4714
43.6027	8.0808	11.2795	37.037
40.23565976	10.94278906	9.595990404	39.22556077
27.1044	21.2121	9.596	42.0875
7.5758	0	92.4242	0
2.3569	0	0	97.6431
100	0	0	0
100	0	0	0
0	100	0	0
0.3366996633	11.27948872	82.82821717	5.555594444
0	6.0606	51.6835	42.2559
52.862	13.468	0	33.67
33.8384	23.2323	2.6936	40.2357
41.24575875	9.932690067	28.11447189	20.70707929
>cisbp__M07361
48.3278	8.194	14.214	29.2642
54.8495	5.5184	6.5217	33.1104
46.99	3.6789	5.0167	44.3144
32.107	14.0468	4.1806	49.6656
12.3746	32.9431	1.3378	53.3445
3.8462	0	96.1538	0
0	0	0	100
100	0	0	0
100	0	0	0
0	100	0	0
0	14.71571472	83.61208361	1.672201672
0	2.3411	67.3913	30.2676
36.1204	17.7258	0	46.1538
17.3913	30.4348	0	52.1739
52.34115234	7.85950786	27.92642793	11.87291187
