>jaspar__MA0090.3
17689	19272	14429	19008
16651	22059	12053	19635
58030	1248	9179	1941
6096	61276	1923	1103
68106	646	946	700
535	700	646	68517
4976	622	1210	63590
1348	66953	765	1332
702	67635	374	1687
57190	1729	2051	9428
9124	6215	47856	7203
13252	20002	26525	10619
19194	21358	16344	13502
>jaspar__MA0809.2
18932	22343	15111	21700
17306	26577	15427	18776
61263	2414	11265	3144
7543	66205	3295	1043
74797	1218	569	1502
965	1129	1025	74967
2673	1176	2100	72137
1366	72555	1580	2585
1314	75066	212	1494
61802	3874	1191	11219
16617	13864	32220	15385
19272	20301	22630	15883
>jaspar__MA1121.1
137	145	112	148
88	238	81	135
441	17	70	14
39	478	14	11
517	5	11	9
2	10	6	524
15	8	9	510
8	500	10	24
8	513	3	18
263	60	56	163
112	111	207	112
111	172	147	112
109	221	117	95
>swissregulon__mm__Tead4
221	360	215	215
645	22	366	30
434	1011	34	18
1011	12	21	26
21	0	0	1011
213	0	16	1011
0	1011	19	27
49	1011	1	348
572	82	226	439
219	289	199	304
>swissregulon__sacCer__TEC1
52.6	22.99	7.72	21.86
133.99	8.4	59.47	8.48
8.36	196.38	5.51	0.09
206.49	0.06	3.65	0.15
6.69	0.1	0.08	203.47
5.19	0.04	0.18	204.93
0.03	198.89	10.24	1.19
0.16	122.25	0.85	87.09
11.32	91.42	17.11	90.48
15.13	17.24	59.24	13.55
>hocomoco__TEAD2_HUMAN.H11MO.0.D
62	124	47	75
47	128	60	73
203	2	98	5
54	229	5	20
299	2	1	6
2	7	6	293
23	1	3	281
0	300	4	4
0	291	1	16
162	16	6	124
43	13	230	22
35	64	178	31
>hocomoco__TEAD2_MOUSE.H11MO.0.C
64	123	47	74
44	131	60	73
203	1	99	5
53	230	5	20
299	2	1	6
2	6	6	294
23	1	4	280
0	300	4	4
0	290	2	16
162	16	6	124
45	14	227	22
35	64	178	31
>taipale__TEAD1_full_NRMATWCCWN_repr
218	454	147	314
734	100	398	51
212	920	21	18
1132	63	0	32
0	10	4	1132
265	33	0	867
29	1132	2	24
0	1132	1	291
621	109	206	511
280	346	138	367
>nitta__sd_TACCTT40NCGA_KK_NNRCATTCCA_m1_c2
6666	14827	6823	7731
4170	19964	4379	7533
17030	148	19017	223
3334	36046	308	0
36046	0	326	0
0	0	0	36046
9598	0	1113	36046
41	36046	117	148
0	36046	38	305
36046	1820	10617	17643
>nitta__sd_TTGCTA20NTCT_KI_NNRCATTCCANN_m1_c3
5341	10765	5151	7211
3199	14953	3295	7020
14192	161	14275	66
1736	28467	47	0
28467	50	70	0
6	33	39	28467
4310	84	455	28467
108	28467	119	451
2	28467	80	109
28467	611	4233	11701
9136	5612	3033	10687
7019	5340	3153	12956
>taipale_cyt_meth__TEAD1_NRCATWCCN_FL
1335	4607	1809	2384
4397	337	5737	356
119	10134	0	0
10134	0	820	0
0	0	0	10134
4690	0	1595	5444
81	10134	673	0
0	10134	46	825
4234	499	2958	2443
>taipale_cyt_meth__TEAD1_NRCATWCCN_FL_meth_repr
1173	4495	1267	2021
4403	157	4554	377
240	8957	0	0
8957	0	0	0
0	0	0	8957
3894	0	1027	5063
75	8957	385	0
133	8957	0	971
3673	719	2323	2242
>taipale_cyt_meth__TEAD2_NRCATTCCWN_FL
2174	11328	2334	4507
10337	0	10007	0
1558	20344	0	0
20344	0	6	0
0	0	0	20344
3954	0	153	20344
0	20344	0	0
0	20344	0	967
13540	149	2699	6804
5446	5016	3452	6431
>taipale_cyt_meth__TEAD2_NRCATTCCWN_FL_meth
872	6040	1110	2118
4987	22	5154	0
0	10140	0	0
10140	12	5	0
0	0	0	10140
2116	0	114	10140
0	10140	45	0
0	10140	52	282
7237	101	2425	2904
2877	2500	1628	3136
>transfac_public__M00027
3	10	2	7
5	9	6	2
2	6	5	9
0	6	6	10
0	10	2	10
1	8	1	12
7	2	7	6
0	22	0	0
22	0	0	0
0	0	0	22
0	0	0	22
0	22	0	0
0	15	0	7
7	5	2	8
5	4	7	6
4	7	3	8
3	6	8	5
6	9	4	3
1	7	5	9
>homer__CYRCATTCCA_TEAD1
22.7	44	17.6	15.7
2.102102102	43.94394394	10.31031031	43.64364364
52	0.1	47.8	0.1
8.7	89.2	2	0.1
99.7	0.1	0.1	0.1
0.1	0.1	0.1	99.7
0.1	0.1	0.1	99.7
0.1	99.7	0.1	0.1
0.1	99.7	0.1	0.1
60	0.1	3.2	36.7
>yetfasco__YBR083W_815
15.4220734	23.38464721	24.95556514	36.23771425
31.22773683	19.48253234	26.22025411	23.06947672
14.45961784	19.71147062	31.72308778	34.10582376
33.75443961	18.9815163	31.43424742	15.82979666
26.03067343	14.06048372	16.1840136	43.72482925
12.88474692	56.3246065	16.39855412	14.39209247
58.02778761	1.281070026	39.92040011	0.7707422583
50.79569985	0.8104363528	48.23712623	0.1567375621
1.138750362	0.7453295565	98.08150731	0.03441277234
94.83937877	0.1742187575	0.04309346117	4.943309013
98.4480494	0.08182138908	0.09676480024	1.373364407
0.1513191739	3.469947851	0.06540112564	96.31333185
0.09041605233	0.2496077022	91.70275404	7.957222204
1.07401277	22.54845741	0.9890116299	75.38851819
20.78286063	7.343147435	21.86353706	50.01045488
21.06641606	19.84373207	43.0781474	16.01170446
26.44398062	18.76049758	35.36204638	19.43347542
21.48840147	16.65432464	20.29852711	41.55874678
22.82011643	13.84154126	26.38762437	36.95071793
27.68889577	13.03675984	30.24339304	29.03095135
>scertf__foat.DIG1
50	1	42	5
59	8	32	1
2	1	96	1
96	2	1	1
97	1	1	1
1	1	1	97
1	1	83	15
1	41	7	49
>scertf__spivak.TEC1
74	2	22	1
9	89	1	1
96	1	2	1
1	1	1	97
4	1	1	94
1	94	2	2
1	44	4	50
5	35	2	56
>kznf__ZFP14_Imbeault2017_RP_RCADE
31.5188	19.9597	26.4113	22.1102
38.5081	12.7016	34.207	14.5833
23.7231	12.4328	28.5618	35.2823
11.3575086	0.06720435087	86.62636558	1.948921475
11.35750837	0.06720434953	88.23926503	0.3360222476
99.52956954	0.06720427944	0.3360218972	0.06720427944
0.3360218972	0.06720427944	99.52956954	0.06720427944
8.400540336	21.84140087	68.88440276	0.8736560349
21.30380639	52.21771567	19.15320575	7.325272198
33.13169669	39.0456961	3.293009671	24.52959755
12.97040259	68.61561372	9.206991841	9.206991841
22.1102	21.3038	14.5833	42.0027
13.77690606	0.8736563844	72.11023173	13.23920583
1.142470244	0.06720431438	98.72312113	0.06720431438
98.185484	0.06720428905	0.8736558576	0.8736558576
57.86287917	5.981177847	35.2822873	0.8736556855
15.38981539	27.21772722	21.03492103	36.35753636
5.981178206	5.443548367	76.41127708	12.16399635
11.8951881	62.43273757	10.28228972	15.38978461
28.0242	35.8199	15.121	21.0349
20.7661	25.8737	39.0457	14.3145
>cisbp__M01091
20.50554447	30.59067767	23.35229605	25.55148181
43.18995612	8.377989518	39.07988839	9.352165973
34.33261059	49.20994064	14.24058019	2.216868577
86.0207599	0.7079290955	12.61124229	0.6600687136
4.455820659	4.238507721	0.908655954	90.39701567
33.54654459	1.620822709	13.77608152	51.05655118
11.37768841	59.243394	12.57429034	16.80462725
6.364768544	58.01942493	4.715136508	30.90067002
29.70745418	15.05030109	24.32240634	30.91983839
26.26331856	24.24409868	22.15743784	27.33514492
>cisbp__M01130
32.3802303	22.59092012	12.64861927	32.3802303
26.85119729	3.096617579	65.38614669	4.666038441
12.26996456	10.45577409	69.90620187	7.368059472
57.29062313	10.57123851	0.6963777413	31.44176062
97.40584519	0.4226910361	0.7253407184	1.446123057
0.7364769416	6.917971895	0.1305658801	92.21498528
1.883636255	12.46848283	51.07034962	34.57753129
7.861582045	39.33001091	7.113453599	45.69495344
25.34746277	24.11125242	29.15652229	21.38476253
>cisbp__M01323
29.99910311	24.07484417	13.7517692	32.17428352
28.21436511	2.772726826	64.06071139	4.952196669
13.29578058	9.751749801	67.85999837	9.092471247
54.48827074	12.28016627	1.159496041	32.07206695
94.89893984	0.8983572467	1.809069338	2.393633573
0.9704053036	8.584502508	0.4316926269	90.01339956
1.715848975	12.06016637	51.41387031	34.81011434
7.759919966	40.00370282	6.679025012	45.55735221
25.66710852	24.41530886	29.52420242	20.3933802
