>jaspar__MA0154.4
14160	8868	10891	11506
11403	9554	13481	10987
2352	4506	5497	33070
1321	34665	1920	7519
568	43256	371	1230
648	42562	443	1772
2539	39675	862	2349
34745	1707	1723	7250
3502	814	38728	2381
2617	495	41651	662
1515	455	42789	666
8856	2462	32761	1346
31636	6355	4957	2477
11229	13299	9855	11042
11903	10836	9173	13513
>jaspar__MA1604.1
4671	5870	7678	8042
3211	7196	3219	12635
196	25497	376	192
513	24252	259	1237
435	25137	242	447
19235	3744	1427	1855
19155	1347	3635	2124
737	239	25103	182
1276	220	24386	379
971	580	24124	586
21802	1437	1701	1321
7076	7668	6897	4620
6667	7158	4833	7603
>jaspar__MA1637.1
3818	5155	6102	6987
2542	6008	3048	10464
219	21297	361	185
382	20681	261	738
336	21017	324	385
15089	3634	1436	1903
15926	1150	3374	1612
515	260	21188	99
881	230	20589	362
569	515	20515	463
16662	1819	1985	1596
6587	6114	5789	3572
5692	5487	4566	6317
>jaspar__MA1841.1
45	83	75	78
65	62	83	71
94	30	91	66
36	50	136	59
16	18	11	236
1	277	1	2
6	252	5	18
4	259	9	9
47	174	22	38
153	25	54	49
12	6	258	5
27	7	243	4
2	5	272	2
227	8	27	19
64	130	46	41
52	101	37	91
75	72	57	77
63	78	80	60
>swissregulon__mm__Ebf1
182.5153956	543.2421477	576.8183564	502.6258187
70.91794423	373.4261076	129.4648008	1231.392866
1.54239218	1799.939514	3.181057982	0.5387541067
7.884337886	1608.045675	13.21034723	176.0613581
2.058640439	1726.111927	1.519886332	75.51126461
381.0497602	4.68783521	88.49324854	1330.970874
130.0202933	15.62807434	1248.177621	411.3757302
106.9104117	35.50028667	1661.199874	1.591145951
433.2522768	0	1324.000154	47.94928718
0.494595387	0.4848630548	1804.22226	0
966.42264	145.6171923	441.294901	251.866985
421.5167161	737.2106388	467.2942006	179.1801629
>hocomoco__COE1_HUMAN.H11MO.0.A
209	101	100	90
210	45	136	109
59	128	207	106
29	101	12	358
1	495	1	3
7	407	0	86
3	473	1	23
125	312	20	43
337	7	6	150
9	0	491	0
124	1	362	13
3	2	495	0
329	23	128	20
110	217	127	46
106	176	46	172
>hocomoco__COE1_MOUSE.H11MO.0.A
179	41	129	80
52	81	205	91
11	144	24	250
1	424	3	1
2	341	2	84
2	419	2	6
173	18	35	203
81	16	290	42
5	5	415	4
48	0	381	0
0	0	429	0
364	8	52	5
85	186	129	29
>dbtfbs__EBF1_representative_N1
10	73	9	408
0	500	0	0
7	450	0	43
3	489	0	8
63	332	12	93
262	7	6	225
4	0	493	3
127	1	368	4
0	0	499	1
293	33	149	25
>transfac_public__M00261
2	3	2	1
3	1	2	2
2	5	1	0
3	0	2	3
6	0	1	1
0	3	2	3
0	0	0	8
0	8	0	0
0	8	0	0
0	7	0	1
1	4	0	3
4	1	2	1
2	0	6	0
3	0	5	0
0	0	8	0
5	0	2	1
3	1	4	0
0	2	3	3
2	1	2	3
0	1	3	4
2	1	5	0
1	2	2	3
>homer__GTCCCCAGGGGA_EBF1
18.4	17	44.3	20.3
6.693306693	16.98301698	26.27372627	50.04995005
2.1	61.8	7.5	28.6
1.2	93	0.1	5.7
2.1	86.2	0.1	11.6
3.8	91.7	0.1	4.4
53.74625375	5.494505495	0.2997002997	40.45954046
14.6	0.6	77	7.8
17.9	0.1	79.4	2.6
1.9	0.1	97.9	0.1
21	4.5	72.4	2.1
50	20.4	24.2	5.4
>homer__NABTCCCWDGGGAVH_EBF2
34.46553447	20.07992008	20.07992008	25.37462537
40.8	11	25.7	22.5
14.81481481	22.62262262	32.63263263	29.92992993
7.9	18.9	8.6	64.6
0.8	94.4	2.1	2.7
3.5	73	0.2	23.3
3.3	86.6	0.6	9.5
28.2	26.3	4.1	41.4
34	4.5	31.8	29.7
11.2	0.8	83	5
21	0.1	75.7	3.2
1.6	1.6	96.2	0.6
61.8	7.9	23	7.3
34.7	31.2	22.6	11.5
26.87312687	22.97702298	12.68731269	37.46253746
>kznf__ZNF479_Imbeault2017_OM_RCADE
1.562499344	1.264879469	96.20535959	0.9672615938
90.84821544	1.562500266	6.919641176	0.6696431138
20.0149	6.3244	20.9077	52.753
0.07440478929	0.07440478929	99.77678563	0.07440478929
81.62199608	16.7410992	1.562499925	0.07440479643
0.07440486726	75.66966841	0.07440486726	24.18152186
3.348211574	38.16961794	0.6696433147	57.81252717
1.860120186	55.13390551	5.729170573	37.27680373
3.943448817	1.264879621	50.07438498	44.71728658
19.4196	4.53869	71.2054	4.83631
26.86011074	1.562500625	62.87202515	8.705363482
0.3720241756	0.07440483512	99.18154681	0.3720241756
3.348209665	1.860119814	93.52679065	1.264879874
60.4910971	17.63389915	21.80059895	0.07440479643
6.622020662	46.20540462	4.241070424	42.93150429
19.12201912	26.86012686	25.66962567	28.34822835
20.6101	32.5149	29.8363	17.0387
20.3125	28.0506	31.3244	20.3125
>kznf__ZNF479_Imbeault2017_RP_RCADE
2.23577038	1.151760196	96.27371637	0.3387530576
92.20868248	1.42275973	5.487798957	0.8807588327
17.68291591	6.300815671	19.57991762	56.43635079
0.06775073089	0.3387531545	99.52574538	0.06775073089
79.47153918	15.78590778	4.674802305	0.0677507334
1.422759848	75.40649193	0.06775069275	23.10299753
3.048779064	40.98918742	0.0677506792	55.89428284
4.132789587	51.82929482	6.571819343	37.46609625
3.04877878	1.422759431	44.2411823	51.28727949
16.59890664	1.151760461	77.03253081	5.216802087
25.54198467	1.422759146	60.77236354	12.26289264
0.06775073089	0.06775073089	99.52574538	0.3387531545
3.048779512	3.319779469	93.02168512	0.6097559024
60.77236779	16.05689149	22.8319879	0.3387528205
6.84282	49.3902	3.04878	40.7182
17.1409	31.7751	23.374	27.71
22.01897798	30.96206904	26.8969731	20.12197988
19.0379	30.4201	30.9621	19.5799
