>swissregulon__mm__Barhl1
189	26	1	4146
4146	9	32	325
4146	3	32	7
1996	76	475	2150
451	1754	403	2392
721	83	4146	325
639	1316	1264	927
421	1374	495	1855
737	1316	1533	560
764	1519	542	1320
183	28	2	4146
4146	0	29	434
4146	0	5	5
2151	60	495	1995
336	1897	389	2249
847	102	4146	382
>hocomoco__BARH1_HUMAN.H11MO.0.D
42	3	3	5634
5652	0	3	27
5679	0	2	1
2749	21	174	2738
201	2455	161	2865
370	5	5196	111
736	2072	1783	1091
352	2030	350	2950
956	1914	1840	972
1232	1932	498	2020
705	337	125	4515
4133	98	95	1356
4879	114	111	578
>hocomoco__BARH2_HUMAN.H11MO.0.D
9476	9834	17729	5786
7154	16490	5197	13984
386	266	260	41913
42328	28	63	406
42751	33	28	13
20392	77	1323	21033
709	19177	723	22216
903	72	41600	250
8745	10606	14842	8632
2423	11796	2673	25933
6192	16422	12607	7604
9366	16247	5721	11491
11501	5239	4330	21755
22378	892	2134	17421
21000	791	588	20446
17983	1380	2127	21335
14410	7798	5054	15563
9772	6668	18649	7736
>taipale__BARHL2_DBD_TAAWYGNNNNTAAWYG
276	74	16	3235
3235	12	65	280
3235	11	18	15
1542	110	427	1693
458	1314	376	1921
719	154	3235	464
669	872	893	801
480	936	441	1378
670	899	1128	538
643	1034	441	1118
297	82	25	3235
3235	14	67	433
3235	8	10	27
1644	77	439	1591
363	1374	325	1861
900	145	3235	525
>taipale__BARHL2_full_TAAWYGNNNNTAAWYG
856	285	130	17113
17113	89	335	891
17113	98	116	68
7218	306	1495	9894
1487	6571	1265	10542
2578	338	17113	1119
3247	4540	5007	4319
1609	5399	1822	8283
3161	5216	6529	2206
3275	6140	1865	5832
636	163	83	17113
17113	91	139	1277
17113	63	30	51
7903	208	1296	9210
1199	7341	1098	9771
2777	282	17113	1213
>kznf__ZNF354A_Imbeault2017_OM_RCADE
24.36590519	0.09057971929	75.09061599	0.4528990965
0.4528989153	1.17753978	0.09057968306	98.27898162
94.65579337	1.177539918	3.351449765	0.8152169429
98.27898162	1.17753978	0.4528989153	0.09057968306
88.49637434	0.4528988687	3.713768923	7.336957872
3.351449765	0.8152169429	1.177539918	94.65579337
10.23550218	0.09057971929	89.221019	0.4528990965
13.4964027	10.59780212	70.018114	5.887681178
36.32250363	9.873190987	16.75720168	37.0471037
6.97463442	67.1195463	1.177539058	24.72828022
5.16303809	7.699277151	0.8152166984	86.32246806
96.4673836	1.1775398	1.539859738	0.8152168614
92.11957236	2.626809212	2.989129103	2.264489321
82.69927519	3.713768886	7.336957799	6.249998125
9.14854817	33.06159339	3.713769257	54.07608918
>kznf__ZNF354A_Schmitges2016_RCADE
25.70421915	0.6338034722	73.59155483	0.07042255246
0.6338028194	0.6338028194	0.07042247993	98.66197188
89.64788879	0.0704224912	7.112679111	3.169009604
98.66197188	0.6338028194	0.07042247993	0.6338028194
93.87324459	2.04225097	4.014081907	0.07042253345
0.352112838	2.605628801	0.6338027085	96.40845565
2.887319249	0.6338028352	95.84507508	0.6338028352
14.43660722	2.887321444	76.97183849	5.704232852
34.43662066	14.71830883	8.239444944	42.60562556
6.549293909	70.49293444	0.9154921486	22.0422795
4.577459085	7.112678577	1.197179761	87.11268258
98.38028475	0.07042248908	1.197179814	0.3521129454
93.30987201	1.197179641	4.014078796	1.478869556
87.39437378	3.169009049	5.704228289	3.73238888
9.647885176	38.94368053	4.577457711	46.83097658
