>kznf__ZNF429_Imbeault2017_OM_RCADE
30.7002693	10.17918982	33.95766604	25.16287484
11.48209885	7.89901921	71.09119289	9.527689047
12.4593	14.4137	62.6221	10.5049
24.18569033	58.06187678	9.201946319	8.55048658
67.83388643	7.573288485	21.57979568	3.013029397
8.224755065	11.15639331	28.09448314	52.52436849
59.03908819	7.89901842	17.67099647	15.39089692
9.527686189	5.293157883	80.53746779	4.641688143
8.55049513	15.71660943	66.53093992	9.201955521
29.72312972	39.4951395	13.76221376	17.01951702
22.557	39.8208	24.1857	13.4365
25.8143	29.0717	28.7459	16.3681
31.67753485	50.57005563	4.641695106	13.11071442
80.21175438	0.7328994969	18.97391286	0.08143325521
83.46902488	4.641685822	10.17919084	1.710098461
1.058630106	19.62540196	1.384360138	77.93160779
5.61889263	0.08143323811	93.24104364	1.058630495
0.4071661547	3.013031145	96.17263655	0.4071661547
0.4071658941	11.80779693	85.42347779	2.361559386
4.641692321	59.36482968	1.384360692	34.6091173
27.443	15.0651	12.1336	45.3583
>kznf__ZNF429_Imbeault2017_RP_RCADE
30.5703	20.4907	27.9178	21.0212
33.7533	13.5942	29.5093	23.1432
18.63398137	20.22547977	39.05836094	22.08217792
35.0796	10.4111	28.9788	25.5305
13.32890666	4.84085242	71.41913571	10.41110521
10.6764	10.6764	66.9098	11.7374
24.73471484	59.74803585	5.901863541	9.615385769
68.23606588	6.167106916	22.34748883	3.249338375
6.432356141	12.26789264	25.26528484	56.03446638
66.90982007	9.350132805	9.880642964	13.85940416
9.615382885	5.636601691	80.70292421	4.045091214
9.084879092	19.960198	62.13529379	8.819629118
34.54908618	38.79308448	9.880636048	16.77719329
30.03983004	36.40583641	22.08222208	11.47211147
19.42968057	34.01856598	32.42706757	14.12468588
30.30500606	53.64721073	2.984080597	13.06370261
81.76391799	0.06631301459	17.83820392	0.3315650729
87.59947372	2.188329344	8.023867593	2.188329344
1.127319436	17.30769135	2.188328906	79.37666031
4.310341164	0.0663130179	94.49602551	1.127320304
1.127319775	2.453579509	95.29178094	1.127319775
0.8620690086	12.26790012	84.15120084	2.718830027
5.636595491	51.79045857	1.923078462	40.64986748
30.0398	17.0424	10.1459	42.7719
