>cisbp__M06846
42.3358	9.3066	15.5109	32.8467
16.7883	18.4307	17.1533	47.6277
31.02186898	25.36497464	22.44527755	21.16787883
69.5255	9.3066	17.7007	3.4672
81.7518	2.1898	0.9124	15.146
0.9124	8.2117	1.2774	89.5985
11.86128814	79.37952062	3.284696715	5.474494526
12.22628777	13.32118668	8.029191971	66.42333358
5.109494891	50.36494964	18.43068157	26.09487391
56.2044	10.5839	31.7518	1.4599
53.46714653	0.364999635	38.86856113	7.299292701
0.9124	98.5401	0.365	0.1825
4.1971	95.073	0.1825	0.5474
0.7299	0.365	93.0657	5.8394
0.5474005474	4.562004562	1.277401277	93.61319361
7.299292701	35.03646496	0.364999635	57.2992427
7.4818	38.5036	47.4453	6.5693
45.438	5.1095	48.5401	0.9124
56.0219	0.1825	0.9124	42.8832
5.292	8.5766	4.1971	81.9343
9.6715	36.4964	6.7518	47.0803
