>jaspar__MA0106.3
7544	1037	6563	2268
10514	116	2433	735
45	19689	13	837
11931	204	653	739
1710	374	137	18893
8	2	20393	0
244	12014	109	7106
1228	17286	417	2642
1145	11875	2151	3774
3851	1474	9954	2118
3584	756	17846	1546
7104	26	8821	190
0	19350	4	1
12925	250	157	1155
1825	118	89	17864
327	33	20549	68
879	3338	116	17859
1472	9183	825	9120
>jaspar__MA0525.2
1586	26	997	115
2261	1	185	21
0	2533	0	0
2246	0	76	4
692	33	0	2353
0	0	4021	0
14	85	0	3025
97	1025	26	1961
649	478	2070	13
112	681	1656	829
993	1	2132	47
2192	0	48	45
0	2788	0	0
2151	0	1	192
75	617	8	2823
0	0	3532	0
49	202	1	3126
701	2099	198	606
>jaspar__MA0861.1
3617	313	3891	3689
6206	429	3304	208
0	10829	0	0
8760	124	557	198
3837	293	806	11480
8	28	11787	1
130	2591	91	11892
1377	8161	783	2749
2166	2940	2230	4242
3488	2418	3558	2457
3988	441	7797	1002
9639	145	1414	442
0	11703	0	0
10125	143	279	2302
256	5965	130	8476
16	170	13026	39
993	6944	181	6995
4008	5125	519	2232
>swissregulon__hs__TP53
24.833194	49.909662	12.741555	5.420911
22.444117	25.789536	34.701953	9.969716
18.784722	0	72.238452	1.882148
32.427396	0	60.477926	0
20.189253	0.88108	66.411359	5.42363
0	92.063543	0	0.841779
85.656736	2.592464	3.656161	0.999961
8.111316	2.657697	12.65702	69.479289
0	0.850188	92.055134	0
3.889954	60.437433	2.528145	26.04979
1.742354	70.705243	7.574414	12.883311
1.847559	49.924775	31.043855	10.089133
5.242777	2.845862	75.807501	9.009182
8.123152	0	72.816085	11.966085
25.88775	0	66.104064	0.913508
9.196064	65.583922	16.211154	1.914182
56.757966	3.967273	4.800638	27.379445
16.192636	0	16.667139	60.045547
1.887978	9.659654	77.612774	3.744916
13.18344	18.179337	4.496092	57.046453
>swissregulon__hs__TP63
5320	5240	4474	5119
6288	4131	6006	3728
5905	2116	6852	5280
8363	645	8868	2277
40	19972	60	81
15074	2539	746	1794
6550	262	3507	9834
81	40	19992	40
1854	7618	181	10500
3144	9774	1814	5421
3386	7497	3063	6207
6207	4353	6268	3325
6247	1552	8767	3587
10016	161	8263	1713
20	20093	20	20
10621	3587	242	5703
2177	786	2539	14651
121	81	19911	40
2156	9352	584	8061
5099	7678	1673	5703
>swissregulon__mm__Trp53
1321	519	2012	951
2301	250	1604	648
91	3963	336	413
3150	567	269	817
1061	134	475	3133
10	14	4750	29
370	1950	101	2382
720	2565	375	1143
807	1724	634	1638
1666	658	1638	841
1158	375	2521	749
2387	106	1945	365
34	4736	19	14
3127	480	139	1057
792	259	519	3233
399	221	4097	86
605	1647	274	2277
1013	1988	524	1278
913	1666	663	1561
1220	1277	1158	1148
>hocomoco__P53_HUMAN.H11MO.0.A
179	41	174	92
89	19	324	54
254	23	184	25
3	440	10	33
334	28	16	108
105	3	23	355
3	1	475	7
24	251	4	207
53	327	17	89
11	399	41	35
351	54	19	62
81	21	365	19
306	3	165	12
0	481	4	1
385	21	3	77
58	25	15	388
20	9	453	4
29	228	15	214
57	304	19	106
47	258	32	149
>hocomoco__P53_MOUSE.H11MO.0.A
170	30	284	14
117	13	339	29
335	3	150	10
26	464	5	3
464	2	11	21
122	12	15	349
9	8	475	6
11	329	6	152
53	390	11	44
41	341	33	83
244	9	225	20
38	40	410	10
127	7	325	39
7	459	27	5
386	33	10	69
152	17	139	190
45	38	397	18
63	250	58	127
88	308	41	61
84	281	51	82
>hocomoco__P63_HUMAN.H11MO.0.A
146	37	209	108
205	8	242	45
0	492	2	6
379	45	48	28
186	7	77	230
1	1	497	1
41	225	5	229
67	264	54	115
10	394	71	25
279	92	19	110
101	21	322	56
208	3	240	49
1	497	2	0
263	86	7	144
46	48	64	342
11	5	481	3
30	260	11	199
105	216	45	134
67	200	100	133
>hocomoco__P73_HUMAN.H11MO.0.A
178	80	160	82
161	46	200	93
195	38	190	77
17	437	20	26
305	74	34	87
156	6	39	299
4	5	488	3
34	240	7	219
68	293	37	102
61	370	42	27
309	106	5	80
142	43	257	58
278	19	157	46
5	477	12	6
251	80	13	156
55	48	55	342
17	6	470	7
44	250	21	185
94	255	41	110
>taipale_cyt_meth__IRX3_NACATGNNNNNNCATGTN_eDBD
3636	2	2284	6765
12686	73	0	34
18	12686	1	154
12686	0	2	4
4569	6163	28	12686
2319	1454	12686	306
6019	2038	1858	2773
5806	791	882	5207
5789	472	461	5964
6173	427	481	5606
5255	916	845	5670
2958	1832	2056	5840
370	12686	1342	2021
12686	24	6050	4491
0	2	0	12686
145	5	12686	22
32	0	74	12686
6804	2303	15	3566
>transfac_public__M00034
4	0	13	0
5	0	12	0
15	0	2	0
0	17	0	0
17	0	0	0
0	0	0	17
0	0	17	0
0	13	0	4
0	17	0	0
0	17	0	0
0	0	17	0
0	0	17	0
2	0	15	0
0	17	0	0
17	0	0	0
0	0	0	17
0	0	17	0
0	2	0	15
0	13	0	4
0	7	2	7
>homer__ACATGCCCGGGCAT_p53
59.2	0.6	32.8	7.4
0.6	95.8	3.5	0.1
74.1	6.6	6.3	13
21.37862138	3.096903097	9.190809191	66.33366633
0.1	0.4	99.4	0.1
0.1001001001	85.48548549	2.202202202	12.21221221
1.5	96.2	0.1	2.2
2.4	72.4	1.6	23.6
24.6	2.2	68.6	4.6
1.2	0.6	97.8	0.4
11.7	1.8	86.4	0.1
0.6	99.2	0.1	0.1
72.47247247	8.808808809	5.805805806	12.91291291
16.6	8.6	18.6	56.2
>homer__NRRRCAWGTCCDGRCATGYY_p73
26.37362637	24.17582418	24.17582418	25.27472527
40.6	12.1	31.9	15.4
30.76923077	8.791208791	40.65934066	19.78021978
45.1	1.1	45	8.8
0.1	99.7	0.1	0.1
80.2	7.7	1.1	11
38.46153846	3.296703297	19.78021978	38.46153846
0.1	1	98.8	0.1
5.5	36.3	2.2	56
11	58.2	4.4	26.4
13.2	45	14.3	27.5
32.96703297	15.38461538	31.86813187	19.78021978
26.4	4.4	60.4	8.8
46.1	0.1	46.1	7.7
0.1	99.7	0.1	0.1
54.9	7.7	2.2	35.2
13.2	6.6	9.9	70.3
3.3	2.2	92.3	2.2
7.7	50.5	0.1	41.7
19.78021978	39.56043956	7.692307692	32.96703297
>cisbp__M08035
56.4103	0	35.0427	8.547
0	94.8718	5.1282	0
83.7607	5.9829	5.1282	5.1282
33.33333333	0.8547008547	21.36752137	44.44444444
0	2.5641	95.7265	1.7094
4.2735	59.8291	2.5641	33.3333
17.09401709	46.15384615	1.709401709	35.04273504
7.6923	61.5385	26.4957	4.2735
51.2821	0	17.9487	30.7692
13.6752	2.5641	83.7607	0
55.5556	0	40.1709	4.2735
3.4188	95.7265	0.8547	0
63.2479	9.4017	0	27.3504
14.5299	11.1111	22.2222	52.1368
11.1111	3.4188	85.4701	0
>cisbp__M08036
31.50683151	10.95891096	43.83564384	13.6986137
28.7671	8.2192	49.3151	13.6986
54.7945	2.7397	30.137	12.3288
0	95.8904	4.1096	0
78.0822	15.0685	2.7397	4.1096
36.98626301	1.36989863	8.219191781	53.42464658
0	0	100	0
5.4795	58.9041	0	35.6164
16.4384	57.5342	5.4795	20.5479
2.73970274	72.6027726	21.91782192	2.73970274
56.1644	6.8493	13.6986	23.2877
15.06848493	5.479494521	79.45202055	0
43.8356	4.1096	47.9452	4.1096
0	100	0	0
54.7945	15.0685	0	30.137
8.2192	12.3288	6.8493	72.6027
5.479494521	0	93.15060685	1.36989863
12.32878767	43.83555616	5.479494521	38.35616164
20.5479	53.4247	0	26.0274
>cisbp__M08037
24.6269	6.7164	55.9701	12.6866
0	97.7612	2.2388	0
56.7164	21.6418	8.9552	12.6866
29.1045	0.7463	18.6567	51.4925
0	0	100	0
3.7313	33.5821	0	62.6866
8.208991791	47.76115224	14.92538507	29.1044709
5.223894776	82.08951791	4.477595522	8.208991791
38.806	43.2836	0	17.9104
25.37312537	13.43281343	42.53734254	18.65671866
45.5224	0	32.8358	21.6418
0	91.0448	8.9552	0
47.0149	31.3433	0	21.6418
12.6866	1.4925	23.1343	62.6866
0	0	96.2687	3.7313
