>flyfactorsurvey__br-PAPE_SOLEXA_2.5
915	800	629	505
1045	796	534	472
1518	538	371	421
1146	709	422	571
592	959	468	828
308	1258	289	992
866	608	555	819
272	567	175	1833
0	2850	0	0
356	0	0	2493
2679	171	0	0
2713	76	3	58
0	1925	20	904
750	231	1726	141
515	1059	695	580
>flyfactorsurvey__br-PE_SOLEXA_FBgn0000210
943	515	800	625
534	703	1250	396
67	2106	90	618
1005	43	1835	0
46	3	0	2835
0	0	0	2885
2643	27	0	212
0	3	2881	0
1977	195	501	211
844	589	525	925
1075	315	1252	241
841	530	870	643
606	472	515	1292
438	402	569	1473
433	527	894	1028
>cisbp__M07157
46.5035465	18.35661836	11.88811189	23.25172325
48.4266	13.2867	11.8881	26.3986
45.8041542	15.90908409	10.13988986	28.14687185
41.43355857	19.93008007	8.216791783	30.41956958
29.8951	25.8741	7.5175	36.7133
20.8042	13.986	13.2867	51.9231
52.7972	1.5734	15.035	30.5944
66.0839	0.5245	0.1748	33.2168
58.5664	0	41.4336	0
7.3427	92.6573	0	0
0	100	0	0
0	100	0	0
0	0	0	100
100	0	0	0
84.44051556	0	15.20978479	0.3496996503
33.3916	15.2098	2.0979	49.3007
16.60841661	20.45452045	4.370604371	58.56645857
25.17482517	23.95102395	10.31471031	40.55944056
24.47552448	25.87412587	15.38461538	34.26573427
