>jaspar__MA1075.1
172	707	76	46
70	33	819	78
20	62	5	913
10	15	29	946
8	6	954	33
971	6	10	14
29	949	5	16
25	722	101	151
>jaspar__MA1076.2
403	201	271	365
395	254	197	394
426	250	201	363
489	192	175	384
521	127	163	429
583	58	515	84
15	7	1210	8
2	8	3	1227
9	1222	2	7
1221	8	4	7
1218	3	11	8
65	1088	8	79
100	88	893	159
330	246	338	326
309	305	189	437
350	182	296	412
>jaspar__MA1081.2
393	181	277	377
416	248	210	354
423	236	218	351
427	212	129	460
328	179	131	590
444	24	731	29
9	7	1202	10
3	7	0	1218
4	1217	4	3
1215	4	4	5
1201	5	13	9
130	1002	18	78
149	53	927	99
348	227	320	333
326	259	181	462
382	212	254	380
>jaspar__MA1083.2
1030	507	432	585
1385	269	366	534
1530	65	885	74
26	11	2498	19
7	7	3	2537
16	2526	6	6
2524	9	5	16
2521	11	8	14
56	2387	19	92
125	176	1992	261
556	1009	481	508
631	659	316	948
731	437	579	807
823	440	497	794
>jaspar__MA1084.1
152	672	73	104
69	28	849	55
26	30	21	923
8	23	39	930
9	16	961	14
955	17	10	18
16	951	13	20
15	679	17	289
>jaspar__MA1086.1
374	213	169	245
509	92	342	58
53	18	877	52
74	14	4	908
87	892	11	11
798	62	61	79
765	32	131	71
256	460	108	176
332	196	310	163
231	311	218	240
>jaspar__MA1090.1
270	278	269	183
106	409	106	380
136	22	820	22
0	0	1000	0
0	0	0	1000
0	1000	0	0
1000	0	0	0
1000	0	0	0
258	608	67	67
145	246	465	145
228	228	228	316
>jaspar__MA1307.2
98	78	41	82
83	66	76	74
88	67	42	102
88	44	41	126
134	4	153	8
2	0	296	1
0	0	0	299
2	296	1	0
297	1	1	0
290	0	3	6
16	264	4	15
29	11	240	19
72	108	49	70
64	92	42	101
84	47	105	63
76	41	107	75
68	44	59	128
67	74	65	93
>jaspar__MA1310.1
55	73	70	111
71	45	58	135
64	34	68	143
75	41	92	101
125	72	55	57
118	92	30	69
81	88	39	101
75	79	49	106
96	51	93	69
67	69	89	84
51	184	28	46
1	0	301	7
0	0	0	309
0	0	0	309
0	0	307	2
309	0	0	0
0	309	0	0
6	90	7	206
97	38	37	137
82	45	38	144
63	48	92	106
>jaspar__MA1311.2
929	287	243	633
901	240	240	711
919	67	924	182
21	11	2047	13
6	8	1	2077
12	2062	8	10
2059	17	6	10
2050	7	18	17
158	1730	55	149
596	254	740	502
694	436	330	632
>jaspar__MA1805.1
426	115	402	57
8	0	980	12
0	0	1	998
46	950	1	2
896	56	10	39
896	8	76	21
85	706	56	153
136	194	486	184
204	314	262	219
>cisbp__M00731
33.25510992	18.99562021	21.85016422	25.89910565
39.18221001	9.008988649	43.73824178	8.070559557
1.201176924	0.7141243629	93.06534167	5.019357039
1.567271328	0.0009022094136	0.002765140313	98.42906132
4.587226797	93.06290453	1.42372355	0.9261451179
88.25324427	6.235198767	1.878005779	3.633551185
84.91136276	1.651374418	10.71460669	2.722656129
21.92508688	57.83716145	5.975283242	14.26246842
16.05462436	18.65281234	45.87851525	19.41404805
22.80471221	28.41642123	27.30219741	21.47666915
>cisbp__M00732
37.69423976	20.76858675	20.76858675	20.76858675
38.56333326	14.26886287	14.26886287	32.898941
48.32531136	3.982901762	43.70888512	3.982901762
16.73260768	0.009234509837	83.2489233	0.009234509837
0.009234509837	0.009234509837	0.009234509837	99.97229647
24.78991143	75.19161955	0.009234509837	0.009234509837
99.97229647	0.009234509837	0.009234509837	0.009234509837
91.91499273	0.009234509837	0.009234509837	8.066538252
4.240647764	79.42303281	4.240647764	12.09567166
10.74037164	10.74037164	59.92386118	18.59539554
28.17115188	29.77618262	21.02633275	21.02633275
>cisbp__M00898
22.77994825	31.66015526	22.77994825	22.77994825
30.45483056	39.12048502	10.68613995	19.73854447
20.0496688	2.259166509	75.43199819	2.259166509
0.02314482644	0.02314482644	99.93056552	0.02314482644
0.02314482644	0.02314482644	0.02314482644	99.93056552
0.02314482644	99.93056552	0.02314482644	0.02314482644
99.93056552	0.02314482644	0.02314482644	0.02314482644
99.93056552	0.02314482644	0.02314482644	0.02314482644
11.40253019	84.11107665	2.243196578	2.243196578
14.33700487	14.33700487	46.50715638	24.81883387
31.70806505	22.76397832	22.76397832	22.76397832
>cisbp__M00899
31.73790725	22.75403092	22.75403092	22.75403092
34.7265583	35.3163525	14.9785446	14.9785446
54.10552467	4.646431483	36.60161237	4.646431483
0.0131065378	0.0131065378	99.96068039	0.0131065378
0.0131065378	0.0131065378	8.752283814	91.22150311
0.0131065378	91.22150311	8.752283814	0.0131065378
91.22150311	0.0131065378	8.752283814	0.0131065378
91.22150311	0.0131065378	8.752283814	0.0131065378
20.56012755	66.18254393	10.9982529	2.259075622
10.03456194	10.03456194	69.89631418	10.03456194
20.36667505	29.23757304	20.36667505	30.02907685
>cisbp__M00901
22.85987738	22.85987738	31.42036787	22.85987738
21.40445825	23.40895722	22.27225569	32.91432884
30.11911611	2.3277818	65.22532029	2.3277818
0.01616010136	0.01616010136	99.9515197	0.01616010136
0.01616010136	0.01616010136	0.01616010136	99.9515197
0.01616010136	99.9515197	0.01616010136	0.01616010136
99.9515197	0.01616010136	0.01616010136	0.01616010136
99.9515197	0.01616010136	0.01616010136	0.01616010136
10.48875419	85.19868037	2.156282724	2.156282724
12.35884151	20.69131298	45.53148957	21.41835594
22.6883783	31.9348651	22.6883783	22.6883783
>cisbp__M02551
26.95046032	27.82327694	26.92066045	18.3056023
10.55066108	40.85824465	10.55066108	38.04043319
13.61785767	2.215706173	81.95072998	2.215706173
0.01387247126	0.01387247126	99.95838259	0.01387247126
0.01387247126	0.01387247126	0.01387247126	99.95838259
0.01387247126	99.95838259	0.01387247126	0.01387247126
99.95838259	0.01387247126	0.01387247126	0.01387247126
99.95838259	0.01387247126	0.01387247126	0.01387247126
25.78795046	60.7955092	6.708270172	6.708270172
14.46321139	24.57482623	46.49875099	14.46321139
22.7981663	22.7981663	22.7981663	31.60550111
>cisbp__M02555
37.37426687	21.25004393	16.87026795	24.50542125
50.91521114	9.159484121	34.16028808	5.76501666
5.324506864	1.77186598	87.71689704	5.186730111
7.394059594	1.42497453	0.4238383967	90.75712748
8.650625813	89.15223626	1.105693222	1.091444704
79.75838749	6.224354397	6.081391279	7.93586683
76.52688109	3.222984285	13.13771304	7.112421588
25.64886744	45.96416679	10.77698714	17.60997862
33.15337925	19.58068879	30.98938863	16.27654333
23.12641726	31.13191932	21.79135683	23.95030659
>cisbp__M02569
42.95221189	15.96199951	15.96199951	25.12378909
15.74632961	28.82503915	6.967063611	48.46156762
28.78224063	2.135524215	66.94671094	2.135524215
10.91479022	2.135524215	76.21503991	10.73464565
10.73464565	2.135524215	2.135524215	84.99430592
8.802569608	82.70194074	0.02330360541	8.472186044
91.15082318	0.02330360541	0.02330360541	8.802569608
99.93008918	0.02330360541	0.02330360541	0.02330360541
9.061304094	72.81608772	9.061304094	9.061304094
26.50512243	18.05623999	37.38239758	18.05623999
22.88777939	22.88777939	31.33666183	22.88777939
22.88777939	22.88777939	22.88777939	31.33666183
31.33666183	22.88777939	22.88777939	22.88777939
>cisbp__M07403
41.01634102	18.14881815	22.32302232	18.51181851
41.7423	21.2341	13.9746	23.049
38.8385	25.7713	13.6116	21.7786
48.6388	15.971	9.4374	25.9528
50.27225027	10.70781071	8.892908893	30.12703013
67.6951677	0.9074009074	30.49003049	0.9074009074
0.362999637	0.362999637	98.72950127	0.5444994555
0.1814998185	3.811296189	0	96.00720399
0.725999274	98.91100109	0.362999637	0
98.5481	0	0.9074	0.5445
98.1851	0	0	1.8149
12.88568711	83.66601633	0	3.448296552
10.7078	7.804	63.3394	18.1488
29.76407024	29.58257042	18.51178149	22.14157786
24.8639	27.2232	9.6189	38.294
32.6679	15.608	24.5009	27.2232
33.39383339	16.6969167	25.77132577	24.13792414
23.77497623	12.88568711	21.96007804	41.37925862
20.32667967	17.24138276	20.14517985	42.28675771
>cisbp__M07405
34.45946554	23.87387613	10.81078919	30.85586914
39.4144	16.6667	18.6937	25.2252
42.34234234	12.38741239	21.84682185	23.42342342
28.6036	24.7748	17.3423	29.2793
34.009	26.8018	16.6667	22.5225
41.4414	14.8649	14.4144	29.2793
47.0721	11.4865	11.7117	29.7297
60.36033964	1.801798198	33.78376622	4.054095946
0	0	100	0
0	0	0	100
0.4505	99.5495	0	0
100	0	0	0
100	0	0	0
1.576598423	97.07200293	0	1.351398649
12.83781284	6.306306306	64.41446441	16.44141644
27.7027277	29.72972973	19.81981982	22.74772275
27.7026723	26.57657342	12.16218784	33.55856644
31.08106892	13.06308694	29.27927072	26.57657342
30.18016982	11.48648851	29.05407095	29.27927072
18.018	12.1622	25	44.8198
