>elemento__CCCGCGG
0	100	0	0
0	100	0	0
0	100	0	0
0	0	100	0
0	100	0	0
0	0	100	0
0	0	100	0
>yetfasco__YBL005W_2062
18.7	8.7	9.8	62.8
12.6	79.1	6	2.3
19.61961962	28.02802803	7.207207207	45.14514515
6	5.3	81.8	6.9
3.4	84.2	6.2	6.2
2.397602398	11.78821179	73.22677323	12.58741259
3.6	4	88.4	4
32.4	18	34.2	15.4
>yetfasco__YGL013C_485
8.3333333	21.6666667	8.3333333	61.6666667
3.333333303	83.33333338	3.333333303	10.00000001
1.6666667	88.3333333	1.6666667	8.3333333
1.6666667	8.3333333	88.3333333	1.6666667
0	86.6666667	0	13.3333333
0	0	100	0
0	0	100	0
48.33333335	15.00000001	28.33333333	8.333333308
>scertf__morozov.PDR3
18	8	9	62
12	79	6	2
19	28	7	45
6	5	81	6
3	84	6	6
2	11	73	12
3	4	88	4
>cisbp__M07512
8	22	8	62
3.03030303	83.83838384	3.03030303	10.1010101
2	88	2	8
2	8	88	2
0	87	0	13
0	0	100	0
0	0	100	0
48.48484848	15.15151515	28.28282828	8.080808081
