>jaspar__MA0008.3
72	32	29	58
80	27	18	66
50	31	20	90
16	148	1	26
190	1	0	0
190	0	0	1
1	0	0	190
134	2	2	53
189	0	0	2
0	0	0	191
6	0	4	181
13	5	168	5
95	20	30	46
75	15	29	72
62	24	34	71
>jaspar__MA0110.3
3639	1914	1346	3223
2718	2228	1336	3840
1051	7517	386	1168
9632	197	74	219
9563	154	50	355
230	98	59	9735
841	8049	254	978
9809	48	51	214
648	178	175	9121
633	312	394	8783
3099	1661	2309	3053
3606	1561	1609	3346
>jaspar__MA0950.1
579	191	107	124
668	46	53	233
18	35	6	941
48	201	633	118
965	7	15	13
9	8	17	966
30	10	19	940
128	18	766	88
>jaspar__MA0952.1
691	253	4	51
985	5	4	7
2	8	1	988
411	6	3	580
990	2	5	3
10	2	4	984
5	18	12	965
105	18	777	100
>jaspar__MA0954.2
92	58	68	382
53	389	92	66
473	62	11	54
560	3	0	37
0	1	1	598
2	2	464	132
600	0	0	0
0	0	0	600
0	0	2	598
37	3	551	9
324	46	181	49
174	57	98	271
128	91	93	288
>jaspar__MA1198.1
300	23	43	232
110	186	112	190
0	249	0	349
598	0	0	0
598	0	0	0
0	0	0	598
0	541	0	57
598	0	0	0
113	12	0	473
114	42	36	406
229	52	131	186
>jaspar__MA1209.1
58	59	23	90
30	115	2	83
230	0	0	0
230	0	0	0
0	0	0	230
218	0	9	3
230	0	0	0
0	0	0	230
0	1	0	229
71	19	110	30
131	27	31	41
>jaspar__MA1210.2
1122	540	543	1011
950	791	488	987
362	2470	86	298
3066	41	21	88
3127	25	6	58
55	23	15	3123
2276	309	309	322
3128	14	26	48
52	9	18	3137
83	20	78	3035
259	92	2650	215
1122	406	761	927
1120	459	607	1030
>jaspar__MA1211.1
103	191	105	196
0	373	0	222
584	11	0	0
595	0	0	0
0	0	0	595
45	308	5	237
595	0	0	0
0	0	0	595
27	8	13	547
219	15	234	127
114	73	216	192
>jaspar__MA1212.1
137	147	70	246
90	295	0	215
600	0	0	0
599	0	0	1
0	0	0	600
484	109	1	6
600	0	0	0
0	2	0	598
63	2	48	487
201	70	187	142
269	62	109	160
>jaspar__MA1213.2
2877	1041	1101	2478
2259	1751	784	2703
705	5659	189	944
7125	133	26	213
7415	23	5	54
31	19	8	7439
1160	247	247	5843
7442	7	14	34
39	11	29	7418
129	30	67	7271
897	148	5524	928
2341	824	1964	2368
2244	1209	943	3101
>jaspar__MA1214.1
233	93	118	156
213	169	95	123
404	25	68	103
111	325	68	96
21	530	0	49
600	0	0	0
600	0	0	0
0	0	0	600
388	18	25	169
600	0	0	0
0	0	0	600
56	5	41	498
92	9	397	102
255	60	141	144
221	104	126	149
171	145	133	151
192	159	79	170
206	121	56	217
216	67	70	247
261	64	54	221
221	85	51	243
>jaspar__MA1215.1
163	246	66	124
108	405	0	86
599	0	0	0
599	0	0	0
0	0	0	599
563	0	14	22
599	0	0	0
0	0	0	599
34	0	34	531
130	29	380	60
241	57	146	155
>jaspar__MA2052.1
2817	1418	1391	2958
2604	1840	1459	2681
7234	393	310	647
7675	170	164	575
210	82	45	8247
342	40	7885	317
8264	56	82	182
290	37	173	8084
214	77	213	8080
1185	410	5912	1077
3267	1175	1824	2318
2603	1165	1611	3205
>transfac_public__M00089
7	3	3	4
1	5	3	10
4	4	7	4
3	13	4	3
22	1	0	1
25	0	0	0
0	0	0	25
0	5	0	20
25	0	0	0
0	0	0	25
0	0	0	25
3	1	12	0
2	8	4	1
8	1	3	1
>transfac_public__M00503
1	31	4	3
31	6	0	2
37	0	0	2
1	0	0	38
2	7	8	22
37	0	0	2
0	0	1	38
0	0	1	37
0	0	5	1
>cisbp__M02043
22.34217278	32.97348165	22.34217278	22.34217278
52.76965381	19.04807686	9.844156005	18.33811333
70.86165709	0.006478132017	0.006478132017	29.12538665
0.006478132017	0.006478132017	0.006478132017	99.9805656
0.006478132017	0.006478132017	99.9805656	0.006478132017
99.9805656	0.006478132017	0.006478132017	0.006478132017
0.006478132017	0.006478132017	0.006478132017	99.9805656
0.006478132017	0.006478132017	0.006478132017	99.9805656
11.84131458	2.66430535	82.83007472	2.66430535
35.83623856	15.16232213	33.83911719	15.16232213
>cisbp__M02683
6.666666667	26.66666667	53.33333333	13.33333333
0	75	6.25	18.75
100	0	0	0
100	0	0	0
0	0	0	100
80	0	20	0
100	0	0	0
0	0	0	100
4.166666667	0	4.166666667	91.66666667
13.04347826	17.39130435	56.52173913	13.04347826
45.45454545	13.63636364	22.72727273	18.18181818
52.63157895	15.78947368	26.31578947	5.263157895
>cisbp__M02684
12.5	87.5	0	0
100	0	0	0
100	0	0	0
0	0	0	100
56.41025641	17.94871795	20.51282051	5.128205128
100	0	0	0
0	0	0	100
2.564102564	0	15.38461538	82.05128205
7.692307692	10.25641026	82.05128205	0
19.44444444	27.77777778	47.22222222	5.555555556
38.88888889	22.22222222	33.33333333	5.555555556
11.76470588	50	26.47058824	11.76470588
30	40	30	0
>cisbp__M06901
21.54117846	24.86867513	14.36078564	39.22936077
11.9089	54.641	1.0508	32.3993
100	0	0	0
100	0	0	0
0	0	0	100
90.0175	1.2259	8.7566	0
100	0	0	0
0	0	0	100
3.1524	0	7.5306	89.317
25.04377496	9.807390193	56.39224361	8.756591243
60.7706	9.9825	11.2084	18.0385
>cisbp__M06903
26.0135	31.25	20.1014	22.6351
11.1486	56.4189	1.3514	31.0811
96.4527	1.0135	0.6757	1.8581
100	0	0	0
0	0	0	100
16.38511639	0	77.1959772	6.418906419
100	0	0	0
0	0	0	100
0.1689001689	0	1.182401182	98.64869865
33.7838	0	66.2162	0
29.5608	13.8514	44.0878	12.5
>cisbp__M06907
31.3233	15.9129	29.3132	23.4506
21.608	43.5511	20.7705	14.0704
62.9816	7.3702	12.0603	17.5879
25.4606	47.4037	7.5377	19.598
0.335	94.6399	0	5.0251
100	0	0	0
100	0	0	0
0	0	0	100
47.9062	4.5226	4.3551	43.2161
100	0	0	0
0	0	0	100
12.5628	0.8375	8.3752	78.2245
21.94302194	2.68010268	53.43385343	21.94302194
30.9883	15.7454	33.3333	19.933
>cisbp__M06908
42.3333	6.3333	8.1667	43.1667
42.5	9.3333	13.1667	35
37	10	18.6667	34.3333
27.8333	11.6667	27.6667	32.8333
29.5	18.3333	24.1667	28
29.8333	14.5	20.6667	35
23.6667	29.5	13.8333	33
24	50	3.3333	22.6667
82.16661783	5.166694833	0.6666993333	11.999988
99.8333	0	0.1667	0
0	0	0.1667	99.8333
46.8333	1.5	4.6667	47
100	0	0	0
0	0	0	100
0	0	0.1667	99.8333
5.8333	0	92.6667	1.5
23.000023	4.833304833	52.33335233	19.83331983
15.5	9.5	6.1667	68.8333
19	16.5	34.3333	30.1667
27.1667	20.5	14.3333	38
>cisbp__M06910
22.0104	24.0901	18.8908	35.0087
3.6395	75.5633	0	20.7972
100	0	0	0
100	0	0	0
0	0	0	100
75.21667522	24.26342426	0	0.5199005199
100	0	0	0
0	0	0	100
5.3726	0	5.3726	89.2548
24.09012409	10.22531023	59.79205979	5.892505893
50.6066	12.825	14.0381	22.5303
>cisbp__M06913
16.2752	27.0134	9.8993	46.8121
6.543606544	58.55705856	0	34.8993349
99.32880067	0	0.1677998322	0.5033994966
100	0	0	0
0	0	0	100
70.4698	29.5302	0	0
100	0	0	0
0	0	0	100
4.5302	0	3.3557	92.1141
29.1946	7.2148	53.3557	10.2349
61.9128	9.8993	14.4295	13.7584
>cisbp__M06914
32.7181	21.9799	12.5839	32.7181
20.302	53.0201	0	26.6779
100	0	0	0
100	0	0	0
0	0	0.5034	99.4966
97.14760285	0	1.51009849	1.342298658
100	0	0	0
0.1678	0	0	99.8322
4.5302	0	7.5503	87.9195
25.8389	11.4094	46.8121	15.9396
54.86574513	7.046992953	10.57048943	27.51677248
>cisbp__M06915
45.1839	12.6095	10.8581	31.3485
28.1961	24.5184	15.937	31.3485
10.85811086	65.4991655	0	23.64272364
100	0	0	0
100	0	0	0
0	0	0	100
95.0963	1.7513	3.1524	0
100	0	0	0
0	0	0	100
2.451802452	0	7.355507356	90.19269019
23.1173	12.0841	58.3187	6.4799
55.86684413	9.807390193	11.03328897	23.29247671
37.12783713	11.20841121	21.36602137	30.2977303
27.3205	18.7391	22.9422	30.9982
>cisbp__M06922
17.8899	35.7798	20.1835	26.1468
23.8532	28.4404	8.7156	38.9908
83.945	0.4587	0	15.5963
100	0	0	0
0	0	0	100
0	6.422	87.6147	5.9633
100	0	0	0
0	0	0	100
0	0	0	100
48.1651	0	51.8349	0
25.6881	18.3486	36.6972	19.2661
26.6055	14.2202	12.844	46.3303
41.2844	10.5505	7.3394	40.8257
51.8349	11.0092	15.1376	22.0183
40.367	5.0459	10.0917	44.4954
>cisbp__M06923
16.15381615	30.76923077	20.00002	33.07693308
0.7692007692	48.46154846	0	50.76925077
99.2308	0.7692	0	0
100	0	0	0
0	0	0	100
0	99.2308	0	0.7692
100	0	0	0
0	0	0	100
8.461508462	0	0.7692007692	90.76929077
33.0769	7.6923	41.5385	17.6923
22.30772231	20.76922077	38.46153846	18.46151846
>cisbp__M06925
26.8781	32.7212	11.5192	28.8815
29.8831	34.8915	5.8431	29.3823
73.78967379	9.682809683	1.502501503	15.02501503
100	0	0	0
0	0	0	100
36.8948	6.6778	7.8464	48.581
100	0	0	0
0	0	0	100
0	0	0	100
10.6845	0.1669	86.8114	2.3372
32.3873	11.8531	32.8881	22.8715
22.2037	9.8497	9.3489	58.5977
16.5275	18.0301	33.8898	31.5526
24.20702421	25.04172504	13.02171302	37.72953773
>cisbp__M06926
40.1515	27.2727	15.9091	16.6667
20.4545	35.6061	12.8788	31.0606
3.0303	43.9394	0	53.0303
99.2424	0.7576	0	0
100	0	0	0
0	1.5152	0	98.4848
0	96.2121	3.7879	0
99.2424	0.7576	0	0
0.7575992424	1.515198485	0.7575992424	96.96960303
12.87878712	7.575792424	10.60608939	68.93933106
>cisbp__M06927
54.4999455	6.166693833	16.16668383	23.16667683
27.6667	30	16.3333	26
11	76.8333	0.1667	12
100	0	0	0
99.66660033	0.1666998333	0	0.1666998333
0	0.3333	0	99.6667
97	0	0.3333	2.6667
99.8333	0	0	0.1667
0.3333	0	0.1667	99.5
5.8333	0.8333	11.6667	81.6667
12.1667	12	67.3333	8.5
71.8333	7.8333	4.6667	15.6667
37.33333733	8.333308333	31.33333133	23.000023
>cisbp__M06928
40.8027	19.5652	15.0502	24.5819
56.3545	6.0201	16.2207	21.4047
25.2508	35.2843	16.388	23.0769
5.3512	86.1204	0	8.5284
100	0	0	0
100	0	0	0
0	0	0	100
98.9967	0	0	1.0033
100	0	0	0
0	0	0	100
5.6856	0	10.5351	83.7793
4.1806	11.0368	82.2742	2.5084
73.0769	9.5318	2.0067	15.3846
>cisbp__M06929
24.16667583	22.4999775	20.16667983	33.16666683
39.5	23.5	6.3333	30.6667
76	3.8333	2.5	17.6667
98	0	0.6667	1.3333
0	0	0.1667	99.8333
16.83331683	6.333306333	75.000075	1.833301833
100	0	0	0
0	0	0.1667	99.8333
0	0	3.1667	96.8333
51.33335133	0	45.33334533	3.333303333
32.6667	17.8333	25	24.5
>cisbp__M06932
24.207	26.3773	14.6912	34.7245
6.177	61.4357	0	32.3873
100	0	0	0
100	0	0	0
0	0	0	100
61.2688	36.394	0.5008	1.8364
100	0	0	0
0	0	0	100
7.345592654	1.001698998	8.848091152	82.8046172
29.54922955	15.35891536	36.89483689	18.1970182
48.24705175	8.514191486	18.86478114	24.37397563
>cisbp__M06933
20.33332033	26.5000265	18.33331833	34.83333483
0	67.5	0.8333	31.6667
99.6667	0.3333	0	0
100	0	0	0
0	0	0.1667	99.8333
42.1667	52	1.3333	4.5
100	0	0	0
0.8333	0	0	99.1667
5.6667	0.5	11.5	82.3333
21.66667833	12.999987	43.16665683	22.16667783
>cisbp__M06935
27.7027	18.9189	31.25	22.1284
28.20947179	32.93916706	22.97297703	15.87838412
53.88504611	10.3040897	13.00678699	22.8040772
27.027	35.6419	12.1622	25.1689
1.182401182	91.38519139	0	7.432407432
100	0	0	0
100	0	0	0
0	0	0	100
49.8311	8.4459	6.0811	35.6419
100	0	0	0
0	0	0	100
9.1216	1.5203	14.1892	75.1689
19.76351976	7.432407432	45.60814561	27.1959272
31.92566807	12.33108767	35.64186436	20.1013799
27.7027	27.027	22.8041	22.4662
