>dbtfbs__BACH1_representative_N1
31	32	9	364
0	12	424	0
24	412	0	0
3	7	0	426
1	0	421	14
416	5	0	15
5	58	369	4
3	0	0	433
13	423	0	0
436	0	0	0
6	108	47	275
>dbtfbs__MAFG_K562_ENCSR818DQV_merged_N1
316	95	82	6
4	10	7	478
15	5	473	6
481	9	3	6
12	354	110	23
33	3	7	456
29	440	9	21
463	3	13	20
8	0	468	23
1	496	2	0
444	3	21	31
183	74	129	113
189	24	49	237
147	34	21	297
119	110	18	252
>dbtfbs__NFE2L1_K562_ENCSR632SHZ_merged_N1
338	0	117	2
0	1	0	456
0	0	457	0
457	0	0	0
1	406	47	3
19	0	2	436
15	435	2	5
442	0	7	8
5	0	434	18
0	456	1	0
409	3	20	25
196	62	104	95
153	21	42	241
126	24	22	285
98	131	16	212
>dbtfbs__NFE2L2_representative_N1
254	24	98	108
283	18	30	153
260	31	22	171
101	108	73	202
19	31	3	431
1	4	479	0
10	473	0	1
3	7	1	473
0	0	474	10
472	0	0	12
2	30	452	0
0	0	0	484
2	482	0	0
484	0	0	0
1	121	3	359
>dbtfbs__NFE2_representative_N1
348	0	133	0
0	1	0	480
0	0	480	1
481	0	0	0
5	400	65	11
33	3	0	445
20	443	0	18
453	0	11	17
1	0	473	7
0	480	1	0
428	2	22	29
>transfac_public__M00284
4	6	3	1
4	4	1	5
6	2	2	4
5	4	2	3
5	4	2	3
9	0	4	1
0	0	0	14
0	0	14	0
14	0	0	0
0	12	2	0
3	0	3	8
2	8	1	2
11	0	1	2
1	0	12	1
0	13	0	1
13	0	1	0
6	2	3	3
3	1	2	8
4	0	1	9
5	5	3	1
3	3	1	7
1	2	8	2
>cisbp__M07813
24.6377	33.6232	32.1739	9.5652
66.087	1.1594	32.7536	0
0	0.2899	0	99.7101
0.2899	0	99.1304	0.5797
100	0	0	0
1.7391	82.029	13.6232	2.6087
8.6957	0	1.1594	90.1449
6.3768	88.4058	2.8986	2.3188
91.0145	1.1594	3.7681	4.058
0.2898997101	0.2898997101	96.23180377	3.188396812
0	98.2609	1.7391	0
85.5072	0.8696	7.5362	6.087
33.3333	17.6812	29.5652	19.4203
33.3333	7.8261	12.4638	46.3768
26.9565	9.2754	9.5652	54.2029
19.71011971	26.95652696	8.115908116	45.21744522
12.1739	32.1739	18.8406	36.8116
>cisbp__M08185
0	0	0	100
0	0	100	0
100	0	0	0
0	71.5083	25.1397	3.352
0	0	0	100
0	100	0	0
100	0	0	0
0	0	93.8547	6.1453
0	100	0	0
78.7709	0	5.5866	15.6425
