>kznf__ZNF799_Imbeault2017_OM_RCADE
11.91588808	10.35828964	67.99063201	9.735190265
3.193150319	80.45170805	7.554520755	8.80062088
77.95951559	13.47350269	3.504670701	5.062311012
82.0093328	5.685362274	7.554523022	4.7507819
6.931456534	43.38007831	1.323989338	48.36447582
68.61367942	15.6541953	4.127728762	11.60439652
15.03119248	76.71336164	2.881618559	5.373827313
4.750779525	35.59189644	5.373829463	54.28349457
5.062309494	14.09659859	9.735199026	71.10589289
13.162	8.4891	74.5327	3.8162
0.07788162212	35.59191011	2.57009073	61.76011754
0.7009353154	6.308412839	1.635510736	91.35514111
4.750779525	4.439249556	84.81309152	5.9968794
0.3894079299	23.44239578	1.635509706	74.53268658
2.881618415	70.48286123	0.7009346145	25.93458574
6.619939338	16.27729837	2.258569774	74.84419252
10.35829171	61.13705109	4.750776199	23.753881
60.51401815	12.53890376	18.76950563	8.177572453
13.47349731	5.373828925	73.90968522	7.242988551
7.55452	4.75078	22.1963	65.4984
10.98130329	2.258570678	72.35202171	14.40810432
53.03742652	3.193151597	24.37691219	19.3925097
18.76950188	4.750780475	1.635510164	74.84420748
9.735200195	1.323990026	0.3894080078	88.55140177
5.062309089	0.3894079299	66.1214881	28.42679488
3.193149681	1.012459899	82.63239174	13.16199868
2.881618271	63.62926182	26.86918388	6.619936028
>kznf__ZNF799_Imbeault2017_RP_RCADE
76.59397702	8.473147458	6.795297961	8.137577559
12.83559102	32.29867739	1.426169002	53.43956259
67.53358649	20.21809596	4.446309111	7.80200844
10.82210974	77.93627014	4.1107437	7.130876418
2.76846	24.245	4.11074	68.8758
4.781880956	16.86240337	15.5201031	62.83561257
11.49328736	14.1778844	69.88252313	4.446305109
0.08389255336	28.94298391	0.4194627668	70.55366077
0.7550341208	4.446310711	9.81544157	84.9832136
4.110742878	2.432891703	80.2852562	13.17110922
0.7550339698	15.52009938	1.426169943	82.29869671
2.43288927	77.60067672	1.761739471	18.20469454
1.426170143	6.124160612	2.768460277	89.68120897
4.110737122	73.23824873	3.104027827	19.54698632
72.56709274	4.446309555	19.54699805	3.439599656
4.446310445	3.439600344	83.9765084	8.137580814
0.08389252232	3.439596815	14.17788687	82.29862379
6.12416	1.42617	88.6745	3.77517
59.14428226	6.459728062	11.82889645	22.56709323
20.21811334	0.7550344983	1.09060072	77.93625144
0.08389262802	1.761740588	0.7550342522	97.39933253
2.097319736	0.08389258943	70.55369111	27.26509656
2.097318951	1.090599455	93.70805315	3.104028448
1.090599128	70.88924329	23.23828141	4.781876174
