>kznf__ZNF627_Imbeault2017_OM_RCADE
0.05720822437	0.2860411219	0.05720822437	99.59954243
0.286041028	0.05720820561	0.286041028	99.37070974
1.887869811	1.887869811	1.20136988	95.0228905
92.9633907	3.489699651	1.659039834	1.887869811
93.42105497	0.05720817243	3.718538208	2.803198649
3.947368263	0.5148737735	92.7345592	2.803198767
3.03204	82.6659	5.32037	8.98169
2.116699069	92.7345592	0.5148737735	4.633867961
1.659040859	84.26774365	0.05720822963	14.01600726
89.07321781	1.659040332	6.922201384	2.345540469
1.20137036	85.64072569	2.803200841	10.35470311
3.260869348	2.345539531	1.430209714	92.96338141
7.151029285	1.430209857	88.15789118	3.260869674
0.05720822437	0.2860411219	0.05720822437	99.59954243
0.2860410229	1.430210114	0.2860410229	97.99770784
3.947370632	0.9725401556	94.56521513	0.5148740824
98.4553811	0.05720818902	1.201369769	0.2860409451
0.05720818593	0.05720818593	99.82837544	0.05720818593
>kznf__ZNF627_Imbeault2017_RP_RCADE
0.05617977787	0.05617977787	0.05617977787	99.83146067
0.2808990624	0.05617981247	0.2808990624	99.38202206
2.528090758	1.629210489	2.303370691	93.53932806
92.64045558	3.876402326	1.853931112	1.629210978
92.19101014	0.2808990309	4.550560501	2.977530328
5.0000006	0.5056180607	92.19101106	2.303370276
2.977529404	83.65168327	5.89887882	7.471908506
2.07865106	92.64044725	0.2808991433	5.00000255
1.179780248	83.87641761	0.280899059	14.66290308
90.39326384	1.629209348	5.67415773	2.303369079
1.179778938	84.5505239	2.752807522	11.51688963
2.977529702	2.30336977	1.629209837	93.08989069
7.471912989	1.853930742	86.57303463	4.10112164
0.05617979124	0.955055851	0.05617979124	98.93258457
0.2808991292	0.730337336	0.5056182326	98.4831453
4.101120533	1.853930241	93.31461213	0.7303370949
98.48314058	0.05617982315	1.179780486	0.2808991157
0.05617977787	0.05617977787	99.83146067	0.05617977787
