>jaspar__MA0498.2
23727	18797	9714	24921
8690	5575	3174	77159
0	1249	77159	0
77159	2903	672	0
0	77159	0	1155
77159	0	9263	3861
17224	14864	29965	15106
>jaspar__MA0774.1
408	264	314	1351
31	3	40	1351
0	0	1351	0
1351	3	25	62
9	1351	0	5
1351	7	4	0
83	98	1351	67
157	701	650	88
>swissregulon__hs__PKNOX1
436.259	86.7055	169.714	307.321
433.826	63.2963	358.082	144.795
324.19	284.651	208.786	182.372
54.6482	285.295	518.967	141.09
922.874	12.2386	42.6559	22.231
36.6677	581.917	338.993	42.4222
21.5987	968.542	6.92012	2.93931
1.84636	26.0705	0.271421	971.812
7.23237	0.77273	989.645	2.34963
19.1029	5.77103	0.208821	974.917
1.53495	989.111	0.852312	8.50204
989.698	0.915024	4.90688	4.47982
679.114	77.0503	37.9314	205.904
330.007	110.122	67.9928	491.878
286.458	421.726	186.579	105.236
199.258	473.968	173.008	153.766
>swissregulon__hs__PKNOX2
428.425	195.557	163.102	212.916
596.487	103.248	171.37	128.895
255.216	203.813	424.426	116.546
34.183	441.823	347.767	176.227
613.88	25.6274	347.719	12.7743
28.6357	551.817	409.264	10.2834
20.8731	969.731	3.02525	6.37069
1.17095	39.7954	0.323193	958.71
4.30291	1.24115	992.873	1.58335
14.4904	7.3342	0.309359	977.866
0.87277	991.756	1.91989	5.45143
979.609	0.960143	15.7928	3.63836
586.289	199.905	51.1809	162.625
207.586	157.832	51.5642	583.018
295.651	262.238	182.998	259.112
158.213	267.067	215.259	359.461
>swissregulon__hs__TGIF1
190.163874	0	11.162951	7.391694
25.518757	22.805335	159.450245	0.944182
0	166.197785	9.416941	33.103793
0	0	0	208.718519
0	0.940602	207.777917	0
0	4.80978	3.719092	200.189647
0	208.718519	0	0
206.848933	0	0	1.869586
43.15712	55.270927	78.191211	32.099261
87.598316	31.251029	33.912165	55.957009
115.131771	6.515728	39.425784	47.645236
>swissregulon__hs__TGIF2
519.684	141.807	112.153	226.356
614.097	79.2113	138.045	168.647
186.975	327.654	245.051	240.32
108.289	303.53	219.106	369.076
914.812	12.0143	46.6283	26.5455
70.4816	163.253	689.315	76.9506
16.3543	972.639	3.64761	7.35864
2.04318	18.7175	0.383893	978.855
6.10861	1.40797	990.736	1.74748
24.7829	2.06022	0.402252	972.755
1.48509	991.963	1.756	4.79556
989.335	1.05215	2.31996	7.29301
778.804	56.3663	37.6318	127.198
377.98	94.5965	86.8882	440.535
458.125	289.431	152.762	99.6823
223.103	435.348	216.962	124.587
>swissregulon__mm__Meis2
378.836	145.096	102.046	374.022
507.161	90.7299	177.058	225.051
277.496	234.581	275.775	212.149
65.3	339.403	360.939	234.358
918.963	10.9484	43.2623	26.8264
17.2953	545.133	416.603	20.9694
23.3914	962.223	7.31141	7.07459
1.75992	20.2582	0.359941	977.622
13.9461	0.586129	983.699	1.76854
35.9103	4.82532	0.196897	959.068
1.46479	991.446	1.33832	5.75049
986.785	1.1575	5.84824	6.20884
715.894	43.0458	18.9665	222.093
332.332	84.8414	98.421	484.405
473.739	198.58	152.072	175.61
211.505	325.971	212.211	250.313
>swissregulon__sacCer__TOS8
35.84	60.16	25.6	6.4
1.28	20.48	1.28	104.96
0	0	128	0
0	0	0	128
0	128	0	0
128	0	0	0
81.92	8.96	8.96	28.16
64	19.2	19.2	24.32
>hocomoco__MEIS1_HUMAN.H11MO.1.B
88	56	269	87
133	229	64	74
76	2	13	409
1	2	496	1
474	19	7	0
20	476	4	0
475	1	4	20
63	36	343	58
137	166	145	52
>hocomoco__MEIS1_MOUSE.H11MO.1.A
56	136	199	109
78	43	54	325
30	68	359	43
168	174	70	88
53	5	36	406
4	24	471	1
464	3	32	1
32	448	14	6
467	3	1	29
71	11	318	100
128	176	148	48
130	85	71	214
>hocomoco__MEIS3_HUMAN.H11MO.0.D
2342	1721	2326	3509
2104	1278	2172	4344
103	73	91	9631
7	10	9876	5
9732	3	158	5
7	9876	5	10
9773	1	118	6
574	670	7585	1069
1106	3390	4532	870
1045	1422	841	6590
1656	1568	4075	2599
>hocomoco__ZN317_HUMAN.H11MO.0.C
80	20	338	17
341	22	69	23
177	103	50	125
78	27	58	292
138	14	241	62
371	30	29	25
5	416	6	28
350	10	34	61
70	10	355	20
60	359	12	24
187	19	19	230
35	3	409	8
432	6	9	8
14	293	9	139
59	24	15	357
49	42	32	332
53	261	19	122
30	48	40	337
44	268	59	84
313	47	50	45
>taipale__Meis3_DBD_NTGACAN
1199	1028	844	1829
455	539	478	4901
0	0	4901	0
4901	450	40	0
0	4901	44	0
4901	0	682	76
814	881	2421	785
>transfac_public__M00418
7	0	0	1
1	2	6	0
0	7	1	2
0	0	0	15
0	0	15	0
0	0	0	15
0	15	0	0
14	0	0	1
3	3	4	3
4	1	3	4
7	0	2	3
>yetfasco__YGL096W_494
19.2307692	15.3846154	15.3846154	50
22.11538462	6.730769207	6.730769207	64.42307696
0	0	0	100
0	0	100	0
100	0	0	0
0	100	0	0
81.7307692	0.9615385	16.3461538	0.9615385
4.8076923	20.1923077	47.1153846	27.8846154
>scertf__badis.TOS8
1	16	1	82
1	1	97	1
1	1	1	97
1	97	1	1
97	1	1	1
64	7	7	22
>kznf__ZNF317_Imbeault2017_OM_RCADE
54.64284536	10.64288936	22.64287736	12.07138793
69.21429308	3.49999965	21.49999785	5.785709421
10.92859563	8.071426771	5.785707686	75.21426991
62.64287494	6.357137457	13.4999946	17.499993
77.5	6.92857	6.92857	8.64286
12.35710741	1.5000009	83.78575027	2.357141414
79.78570798	1.50000015	13.50000135	5.214290521
35.78572505	24.35711705	8.07143565	31.78572225
7.785711557	4.928570986	7.5000015	79.78571596
36.6429	1.21429	52.3571	9.78571
89.21429019	0.9285708979	5.785709364	4.071429552
0.6428570283	91.50000403	0.07142860314	7.785710343
81.21429188	2.928569707	8.357139164	7.49999925
8.928570893	2.071430207	85.78570858	3.214290321
6.928567159	88.64286366	0.9285706193	3.499998565
44.07143085	4.64286325	2.92857205	48.35713385
6.642861422	0.07142861529	90.07141928	3.214290688
98.07142393	0.07142861743	0.6428571569	1.214290296
0.642857	64.0714	0.357143	34.9286
4.357139085	3.785709205	0.928570805	90.9285809
4.642859071	6.071428786	4.071429186	85.21428296
5.785708843	70.64288587	3.785709243	19.78569604
4.357138693	11.49999655	3.214289036	80.92857572
4.928572957	66.35713981	6.928574157	21.78571307
