>cisbp__M01518
32.46519759	22.5116008	22.5116008	22.5116008
9.767614741	9.767614741	53.29325132	27.1715192
9.640124181	76.51595424	11.91322138	1.930700203
68.78003043	9.666624007	11.91322138	9.640124181
0.01621814732	82.31089616	9.998739323	7.674146369
7.725642125	7.752141952	76.84806955	7.674146369
9.998739323	7.752141952	0.01621814732	82.23290058
7.752141952	0.01621814732	92.21542175	0.01621814732
78.74193685	16.24882846	2.504617344	2.504617344
22.90653163	29.30406782	15.24860341	32.54079714
23.08551794	23.08551794	23.08551794	30.74344617
23.08551794	23.08551794	23.08551794	30.74344617
