>jaspar__MA1741.1
37	960	0	3
0	0	269	731
0	0	5	995
199	209	537	55
390	194	107	309
457	72	212	259
321	176	166	338
169	261	140	430
331	154	182	333
7	532	48	413
998	2	0	0
301	699	0	0
2	0	925	74
50	465	32	453
441	135	7	416
793	8	0	199
>jaspar__MA1791.1
35	0	0	965
250	16	127	607
374	143	245	238
3	997	0	0
0	0	330	670
9	2	0	990
130	158	694	17
172	136	38	654
231	195	250	323
240	315	163	282
207	308	165	320
567	40	195	198
0	777	10	212
1000	0	0	0
278	722	0	0
0	0	981	19
77	283	103	537
398	176	9	417
847	2	3	148
>jaspar__MA1792.1
17	983	0	0
0	0	406	594
0	0	0	1000
91	117	781	10
145	143	46	666
217	198	253	332
236	291	181	293
246	279	148	327
535	43	179	243
5	731	24	239
1000	0	0	0
318	678	0	3
2	0	981	17
64	248	119	570
351	224	0	425
830	2	5	164
>jaspar__MA2033.1
195	72	51	112
89	53	199	89
86	46	222	76
30	2	5	393
98	9	51	272
153	21	165	91
6	423	0	1
0	2	255	173
2	0	0	428
35	16	378	1
42	44	10	334
176	57	103	94
117	102	103	108
96	161	70	103
294	17	58	61
6	337	40	47
420	2	2	6
358	65	5	2
1	1	422	6
79	51	29	271
177	51	7	195
384	4	2	40
102	148	48	132
81	182	70	97
>cisbp__M07167
19.49151949	14.06781407	45.42374542	21.01692102
21.01692102	5.593205593	3.728803729	69.66106966
42.5424	2.2034	15.7627	39.4915
30.1695	12.8814	27.6271	29.322
1.3559	97.7966	0.1695	0.678
0	0	16.2712	83.7288
0	0	0	100
11.6949	44.5763	37.1186	6.6102
27.6271	14.5763	4.5763	53.2203
20.67797932	23.72877627	16.77968322	38.81356119
22.5424	39.4915	17.7966	20.1695
24.2373	31.8644	12.5424	31.3559
39.4915	6.6102	11.6949	42.2034
0.339	63.8983	9.661	26.1017
100	0	0	0
47.6271	52.3729	0	0
1.8644	0	90.8475	7.2881
13.5593	40.5085	10.8475	35.0847
36.4407	15.9322	4.2373	43.3898
64.4068	2.0339	1.1864	32.3729
12.88138712	56.27114373	10.33898966	20.50847949
26.1017	36.7797	9.4915	27.6271
>cisbp__M07177
28.23127177	4.931995068	10.2040898	56.63264337
27.0408	2.7211	23.8095	46.4286
28.7415	17.517	28.4014	25.3401
10.7143	77.7211	0	11.5646
10.3741	10.7143	55.2721	23.6395
24.82992483	2.551002551	9.863909864	62.75516276
31.4626	16.4966	36.0544	15.9864
28.57142857	15.81631582	7.312907313	48.2993483
29.0816	24.4898	13.4354	32.9932
25	24.4898	19.2177	31.2925
29.42177058	21.42857857	18.87758112	30.27206973
54.7619	8.8435	12.415	23.9796
5.4422	53.5714	10.034	30.9524
100	0	0	0
0.3401	99.6599	0	0
0	0	100	0
3.4014	23.4694	22.1088	51.0204
67.8571	27.381	0	4.7619
78.5714	2.381	1.0204	18.0272
>cisbp__M07178
2	0	0	98
14.3333	0.8333	14.6667	70.1667
28.000028	13.83331383	33.33333333	24.83332483
0	100	0	0
0	0	25.8333	74.1667
0	0	0	100
5	17.1667	75	2.8333
20	19.3333	5.6667	55
24.3333	19.1667	22.8333	33.6667
23.6667	31	17.5	27.8333
26.6667	27.8333	14	31.5
54.5	5	20.1667	20.3333
0	82.8333	3.1667	14
100	0	0	0
43.16665683	56.66664333	0	0.1666998333
0.3333	0.1667	96.3333	3.1667
10.5000105	29.33332933	7.333307333	52.83335283
40.16665983	17.66668233	0	42.16665783
82	0.1667	0	17.8333
16.6667	42.3333	9	32
8.833308833	61.000061	11.83331183	18.33331833
>cisbp__M07180
29.6209	29.8578	23.6967	16.8246
1.4218	98.5782	0	0
0.9479	2.6066	78.1991	18.2464
4.2654	0.7109	2.1327	92.891
31.9905	18.4834	43.8389	5.6872
30.3318	16.3507	6.1611	47.1564
31.5166	21.327	15.4028	31.7536
29.85782986	27.96212796	20.37912038	21.8009218
27.7251	21.564	17.7725	32.9384
51.65874834	10.9004891	11.37438863	26.06637393
4.5024	58.2938	9.0047	28.1991
98.3412	1.4218	0.237	0
2.3697	97.6303	0	0
0.4739	0	98.8152	0.7109
7.109007109	23.93362393	18.24641825	50.71095071
55.9242	31.2796	0.4739	12.3223
86.019	0	0	13.981
>cisbp__M07182
25.3076	15.1142	35.8524	23.7258
2.109	0.1757	0.3515	97.3638
20.2109	1.9332	13.3568	64.4991
30.05273005	12.47801248	37.60983761	19.85941986
2.109	97.0123	0	0.8787
0.5272	0	43.761	55.7118
0	0	0.703	99.297
14.9385	13.5325	70.2988	1.2302
13.0053	14.2355	3.5149	69.2443
23.7258	15.6415	23.7258	36.9069
22.4956	25.6591	18.1019	33.7434
20.2109	26.8893	11.5993	41.3005
51.6696	4.3937	13.181	30.7557
0.3514996485	73.28642671	1.054498946	25.30757469
100	0	0	0
22.1441	77.8559	0	0
0.703	0	95.2548	4.0422
7.557107557	33.04043304	9.49030949	49.91214991
>cisbp__M07183
2.317297683	97.14790285	0	0.5347994652
0.5348	0	47.7718	51.6934
0	0	0.713	99.287
15.15151515	13.54721355	69.87526988	1.426001426
16.7558	12.1212	3.9216	67.2014
26.738	16.934	22.4599	33.8681
25.1337	32.2638	15.6863	26.9162
19.78608021	30.12476988	12.2994877	37.78966221
49.1979	5.8824	16.5775	28.3422
1.247798752	73.44022656	1.960798039	23.35117665
100	0	0	0
21.3904	78.6096	0	0
1.426	0	94.6524	3.9216
5.8824	37.2549	11.4082	45.4545
32.2638	23.1729	1.2478	43.3155
78.9661	0.713	0.8913	19.4296
>cisbp__M07184
7.666692333	0.6666993333	0	91.66660833
19.5	4.1667	10.3333	66
26.8333	14.1667	44.5	14.5
3.333303333	96.33339633	0.3333003333	0
0	0.1667	28.5	71.3333
0	0	1	99
19.3333	21.1667	53	6.5
38.83333883	15.83331583	10.00001	35.33333533
38.5	9	25	27.5
28.3333	23.6667	15.6667	32.3333
20	26.1667	10.3333	43.5
29.83332983	14.000014	20.83332083	35.33333533
0.6666993333	53.66664633	5.666694333	39.99996
100	0	0	0
30.3333	69.6667	0	0
1.5	0	89.8333	8.6667
3.5	48	2.3333	46.1667
41.16665883	16.16668383	1.166698833	41.4999585
83.5	0.5	0.5	15.5
13.000013	52.33335233	6.833306833	27.83332783
16.5	55.3333	11.1667	17
>cisbp__M07189
5.084705085	0.2421002421	1.694901695	92.97829298
16.4649	1.4528	8.2324	73.8499
36.56173656	7.263907264	16.46491646	39.70943971
0.4842995157	98.06290194	0	1.452798547
0	0	16.9492	83.0508
0.9685	0.4843	0	98.5472
7.7482	11.6223	77.4818	3.1477
15.25421525	12.59081259	8.232408232	63.92256392
32.9298	15.7385	27.6029	23.7288
28.5714	16.9492	22.276	32.2034
28.3293	27.6029	10.8959	33.1719
49.8789	5.569	21.0654	23.4867
4.6004954	65.13313487	3.874096126	26.39227361
98.063	0	0.9685	0.9685
53.9952	44.0678	1.937	0
0.2421	0	91.7676	7.9903
15.4964	18.8862	6.5375	59.0799
36.31956368	16.94918305	0.4842995157	46.24695375
78.2082	1.4528	1.6949	18.6441
19.37048063	41.4043586	7.506092494	31.71906828
15.01211501	51.57385157	8.958808959	24.45522446
>cisbp__M07191
1.8333	48.3333	0.1667	49.6667
14.5000145	0.8333008333	65.33336533	19.33331933
11	69.5	15.6667	3.8333
0	100	0	0
0	0.5	98.8333	0.6667
0	0.1667	16.8333	83
30.1667	21	31	17.8333
30.1667	17.5	24	28.3333
28.4999715	26.66667333	12.66668733	32.16666783
29.6667	27.3333	18	25
22.6667	18.8333	21.8333	36.6667
20.3333	35.6667	10.8333	33.1667
23.8333	27.3333	19.6667	29.1667
52.3333	45.1667	0.8333	1.6667
4.666695333	88.16661183	5.666694333	1.4999985
2.333302333	0	93.83339383	3.833303833
8	35.6667	23.3333	33
21.8333	38.5	1	38.6667
59	1.3333	32	7.6667
11.3333	42.1667	5.3333	41.1667
>cisbp__M07197
23.0903	14.7569	45.4861	16.6667
27.25692726	15.97221597	31.25003125	25.52082552
2.4306	0	0	97.5694
23.26387674	2.777797222	11.80558819	62.15273785
33.3333	14.4097	27.6042	24.6528
0.6944006944	99.13199913	0	0.1736001736
0.1736	0.1736	38.3681	61.2847
0	0.1736	0	99.8264
13.0208	15.4514	70.6597	0.8681
12.32638767	14.93058507	4.513895486	68.22913177
20.1389	21.7014	25.6944	32.4653
23.43747656	30.72916927	18.4027816	27.43057257
21.5278	28.6458	14.9306	34.8958
54.6875	3.8194	18.2292	23.2639
0.5208	76.2153	2.6042	20.6597
100	0	0	0
30.9028	69.0972	0	0
0	0	98.4375	1.5625
6.25	26.2153	10.0694	57.4653
33.33333333	19.44441944	0.1736001736	47.04864705
83.6806	0.1736	0.3472	15.7986
>cisbp__M07207
35.85856414	6.565693434	20.03367997	37.54206246
24.0741	3.0303	25.2525	47.6431
18.68688131	20.37037963	21.38047862	39.56226044
13.8047	62.6263	3.367	20.202
29.4613	14.8148	29.1246	26.5993
48.6532	3.7037	11.4478	36.1953
34.1751	16.1616	26.431	23.2323
20.8754	11.7845	6.3973	60.9428
26.5993266	22.8956229	15.15151515	35.35353535
26.26262626	26.26262626	16.83501684	30.63973064
26.76767323	19.02358098	19.02358098	35.18516481
51.3468	4.8822	15.1515	28.6195
0.1683998316	72.39052761	0.5050994949	26.93597306
100	0	0	0
0.1684	99.8316	0	0
0	0	100	0
4.3771	11.4478	25.7576	58.4175
59.7643	34.1751	0.3367	5.7239
71.04372896	0	0.5050994949	28.45117155
11.9529	52.3569	9.0909	26.5993
7.4074	32.8283	5.3872	54.3771
>cisbp__M07210
0.5076	99.4924	0	0
0	0.1692	38.2403	61.5905
0	0	0	100
13.5364	7.445	77.3266	1.692
19.797	14.7208	6.599	58.8832
26.3959	19.9662	30.6261	23.0118
29.1032	36.0406	13.5364	21.3198
32.3181	27.9188	15.2284	24.5347
60.0677	3.7225	21.8274	14.3824
0.846	77.4958	6.599	15.0592
100	0	0	0
45.6853	54.3147	0	0
0	0	96.4467	3.5533
12.52118748	27.41117259	4.399295601	55.66834433
46.8697	13.7056	0.6768	38.7479
88.4941	0.6768	1.1844	9.6447
>cisbp__M07218
7.0117	0.1669	0	92.8214
20.2003	1.8364	8.1803	69.783
25.7095	8.6811	51.586	14.0234
4.8414	94.9917	0.1669	0
0	0	31.0518	68.9482
0	0	0.1669	99.8331
22.37062237	19.6995197	52.58765259	5.342205342
37.5626	15.8598	8.3472	38.2304
45.0751	7.3456	18.0301	29.5492
30.384	14.8581	14.8581	39.8998
18.6978	20.7012	10.5175	50.0835
27.0451	11.8531	19.3656	41.7362
0.3339	45.0751	6.3439	48.2471
100	0	0	0
26.7112	73.2888	0	0
0.8347	0	89.1486	10.0167
2.337202337	45.40904541	3.005003005	49.24874925
39.3989606	14.69118531	0.6677993322	45.24205476
81.3022	0.3339	0.5008	17.8631
17.0284	43.5726	7.3456	32.0534
19.36561937	52.08685209	12.02001202	16.52751653
>cisbp__M07225
5.8981	0.2681	0.5362	93.2976
7.506692493	2.412897587	10.45578954	79.62462038
17.4263	6.7024	68.0965	7.7748
1.8767	97.8552	0	0.2681
0	0	30.8311	69.1689
0.2681	0	0.5362	99.1957
19.0349	21.7158	53.3512	5.8981
29.4906	17.4263	12.0643	41.0188
32.9759	12.6005	22.252	32.1716
24.66487534	25.73727426	16.62198338	32.97586702
17.9625	27.882	12.0643	42.0912
26.54157346	13.94098606	26.54157346	32.97586702
1.6086	59.2493	5.3619	33.7802
99.7319	0	0.2681	0
36.7292	63.2708	0	0
0.2681	0.2681	95.4424	4.0214
4.021404021	43.43164343	8.311008311	44.23594424
38.3378	16.622	1.0724	43.9678
74.7989	1.0724	0	24.1287
14.7453	43.9678	11.2601	30.0268
12.8686	48.7936	18.7668	19.571
21.71582172	13.67291367	14.20911421	50.4021504
24.1287	29.7587	12.8686	33.244
>cisbp__M07228
14.7208	66.1591	4.3993	14.7208
10.6599	13.198	28.4264	47.7157
25.88832589	5.245305245	4.906904907	63.95946396
30.1184	19.4585	37.7327	12.6904
27.0728	22.8426	9.4755	40.6091
25.88832589	22.16582217	15.22841523	36.71743672
25.04227496	23.35027665	17.25888274	34.34856565
32.1489	28.088	9.4755	30.2876
80.54141946	1.861298139	6.598993401	10.998289
3.045696954	87.64801235	2.538097462	6.768193232
97.1235	2.8765	0	0
15.0592	84.9408	0	0
0.1692	0	99.3232	0.5076
3.3841	60.7445	6.0914	29.78
64.2978	14.044	0.5076	21.1506
94.41629442	0.3384003384	0	5.245305245
>cisbp__M07229
25.49017451	14.97328503	30.12476988	29.41177059
4.4563	0.1783	0.3565	95.0089
19.7861	1.9608	15.8645	62.3886
35.47236453	16.3992836	23.70767629	24.42067558
1.9608	97.3262	0	0.713
0.3565	1.2478	35.8289	62.5668
3.208596791	0.1782998217	0.3564996435	96.25660374
16.3992836	18.003582	62.38853761	3.208596791
16.75578324	17.29058271	3.03029697	62.92333708
20.1426	23.7077	20.4991	35.6506
27.80747219	32.7985672	16.04278396	23.35117665
24.4207	29.7683	9.8039	36.0071
63.1016	3.9216	14.4385	18.5383
0	80.0357	1.426	18.5383
100	0	0	0
30.6595	69.3405	0	0
0	0	97.6827	2.3173
6.773606774	35.29413529	4.812804813	53.11945312
43.85025615	14.43848556	0.5347994652	41.17645882
86.0963	0	0	13.9037
14.4385	44.7415	8.3779	32.4421
>cisbp__M07231
10.5528	2.8476	1.005	85.5946
16.24791625	0.8375008375	5.527605528	77.38697739
39.1959608	14.40538559	27.3031727	19.0954809
3.3501	96.6499	0	0
0	0	50.7538	49.2462
0	0	0	100
22.6131	13.4003	60.804	3.1826
20.43552044	13.06531307	5.862605863	60.63656064
26.1307	16.2479	24.7906	32.8308
25.29312529	24.95812496	21.10552111	28.64322864
21.943	24.9581	11.0553	42.0436
48.9112	7.3702	15.5779	28.1407
0.5025	56.7839	2.3451	40.3685
100	0	0	0
15.7454	84.2546	0	0
0.1675	0	91.4573	8.3752
8.5427	32.4958	7.3702	51.5913
55.6114	15.0754	0	29.3132
78.392	1.34	0.1675	20.1005
>cisbp__M07232
13.5397	5.8027	2.5145	78.1431
26.499	4.8356	25.9188	42.7466
26.4990265	29.01352901	27.27272727	17.21471721
3.2882	93.4236	0.9671	2.3211
0	3.675	41.5861	54.7389
0	4.2553	0.9671	94.7776
11.7988	23.4043	58.4139	6.383
23.01737698	19.34238066	10.25148975	47.38875261
24.1779	25.9188	22.0503	27.853
19.92261992	35.3965354	23.21082321	21.47002147
23.5977	29.7872	19.3424	27.2727
41.5861	10.058	22.6306	25.7253
0	72.9207	0.9671	26.1122
100	0	0	0
13.7331	86.2669	0	0
0.3868	0	98.2592	1.354
8.510608511	29.01352901	11.02511103	51.45075145
32.6886	26.8859	3.2882	37.1373
82.3985	1.9342	0.1934	15.4739
17.2147	44.8743	12.9594	24.9516
11.412	55.706	19.7292	13.1528
>cisbp__M07234
9.0444	0.5119	0.6826	89.7611
23.2082	2.0478	12.9693	61.7747
35.3242	16.2116	24.2321	24.2321
1.3652	98.6348	0	0
0.3413	0	39.0785	60.5802
0.3413	0.1706	0	99.4881
15.8703	12.628	70.3072	1.1945
17.5768	16.5529	4.0956	61.7747
24.5734	20.6485	24.4027	30.3754
25.76792577	33.61773362	19.11261911	21.5017215
26.6212	28.6689	12.4573	32.2526
60.4096	4.6075	17.2355	17.7474
0	79.6928	4.4369	15.8703
100	0	0	0
37.5427	62.4573	0	0
0.3413	0	97.7816	1.8771
8.191108191	34.3003343	6.314006314	51.19455119
47.4403	15.6997	0.8532	36.0068
90.4437	0	0	9.5563
12.28671229	50.85325085	6.825906826	30.03413003
>cisbp__M07236
3.62979637	46.27945372	2.177897822	47.91285209
20.3267	0.726	54.6279	24.3194
14.51908548	68.6024314	9.981890018	6.896593103
0	100	0	0
0	0	99.274	0.726
0	0.9074	6.3521	92.7405
29.0381	19.0563	38.1125	13.7931
30.67153067	17.78581779	22.68602269	28.85662886
24.6824	29.7641	13.7931	31.7604
21.0526	32.3049	19.0563	27.5862
21.9601	18.8748	22.686	36.4791
19.0563	34.8457	10.7078	35.3902
19.6007196	44.28314428	14.7005147	21.41562142
76.4065	23.5935	0	0
0.363	98.7296	0.9074	0
0	0	99.637	0.363
5.4446	29.4011	27.9492	37.2051
21.7786	35.7532	2.7223	39.7459
>cisbp__M07242
7.8464	0	0.3339	91.8197
11.6861	2.5042	6.6778	79.1319
18.03008197	7.178592821	68.28043172	6.510893489
2.0033	97.9967	0	0
0	0	29.2154	70.7846
0	0	0	100
17.02838297	17.36228264	55.25874474	10.35058965
30.0501	17.8631	11.1853	40.9015
35.3923	8.5142	23.0384	33.0551
26.5442	18.8648	18.8648	35.7262
19.3656	21.5359	12.8548	46.2437
20.3673	12.6878	18.3639	48.581
1.5025	39.7329	9.015	49.7496
100	0	0	0
40.9015	59.0985	0	0
0	0	91.1519	8.8481
5.1753	46.5776	5.5092	42.7379
44.07345593	18.03008197	0.5007994992	37.3956626
70.2838	0	0.6678	29.0484
14.19028581	44.07345593	9.181990818	32.55426745
21.0351	48.0801	15.025	15.8598
>cisbp__M07243
16.3333	6.5	1.5	75.6667
42.83334283	1.833301833	29.83332983	25.5000255
50.8333	15.6667	22.5	11
2	97.6667	0	0.3333
0	0	18.3333	81.6667
0	0	0	100
4.3333	4.1667	89.5	2
16.6667	26	23.8333	33.5
28.3333	10.8333	19.1667	41.6667
22.1667	39.8333	16.8333	21.1667
39.6667	27.6667	10.8333	21.8333
26.5	26.3333	26.6667	20.5
2.3333	92.6667	4.1667	0.8333
99.8333	0	0.1667	0
82.66661733	16.66668333	0.4999995	0.1666998333
0.1666998333	0.1666998333	99.66660033	0
2.666697333	21.66667833	0.4999995	75.16662483
1.3333	21.5	0	77.1667
55	1.5	0.6667	42.8333
14.5	42.6667	5.3333	37.5
11.3333	56.5	11.6667	20.5
