>jaspar__MA1982.1
207	253	363	178
97	26	618	260
33	409	540	19
68	877	54	1
43	231	19	707
997	1	1	1
1	4	994	1
983	8	8	1
58	12	930	1
302	512	129	58
19	15	965	1
58	118	689	136
121	802	12	65
90	558	224	129
121	490	324	65
>flyfactorsurvey__CG7928_SANGER_10_FBgn0039740
1	13	4	1
19	0	0	0
0	0	19	0
0	0	19	0
0	0	19	0
8	10	0	1
1	2	0	16
4	1	13	1
3	11	5	0
12	6	1	0
5	4	5	5
14	1	2	2
14	4	0	1
7	9	2	1
7	5	2	5
2	11	0	6
3	8	5	3
3	14	0	0
>c2h2_zfs__M3827
7.10380929	2.732199727	58.46999415	31.69399683
4.3716	46.4481	45.9016	3.2787
7.6503	90.7104	1.6393	0
1.0929	22.4044	0	76.5027
100	0	0	0
0	3.2787	96.7213	0
100	0	0	0
6.010909339	0.5464009399	93.44268972	0
31.694	56.8306	7.1038	4.3716
3.8251	0	96.1749	0
3.2787	8.1967	69.3989	19.1257
14.2077	78.6885	0.5464	6.5574
10.929	57.377	18.5792	13.1148
14.7541	42.623	34.4262	8.1967
9.289618361	48.08744328	28.96172607	13.6612123
