>jaspar__MA0424.1
28	37	6	28
2	17	10	71
0	77	15	8
0	100	0	0
0	0	100	0
0	0	100	0
69	31	0	0
46	15	23	15
>jaspar__MA2039.1
480	168	281	470
297	210	210	682
33	1089	33	244
74	10	147	1168
12	1367	14	6
6	1391	0	2
14	2	1382	1
63	61	1244	31
25	1233	7	134
83	59	1217	40
853	144	228	174
393	419	252	335
393	188	449	369
>jaspar__MA2040.1
845	280	463	710
482	390	327	1099
41	1863	43	351
160	13	328	1797
24	2244	15	15
7	2283	0	8
13	0	2281	4
105	119	2017	57
59	2038	10	191
128	68	2037	65
1363	208	428	299
597	641	377	683
707	289	796	506
>swissregulon__hs__MBD2
16.77820316	44.41289073	44.41289073	4.934765637
5.921718764	43.4259376	51.32156262	9.869531273
0	27.63468756	82.90406269	0
0	0	57.24328138	53.29546887
0	110.5387503	0	0
0	110.5387503	0	0
0	0	110.5387503	0
0	0	110.5387503	0
59.21718764	39.47812509	11.84343753	0
11.84343753	11.84343753	65.1389064	21.7129688
35.53031258	13.81734378	53.29546887	7.895625018
>swissregulon__hs__MECP2
2.965733565	70.17648094	42.496301	2.965733565
0	118.6042491	0	0
0	118.6042491	0	0
0	0	118.6042491	0
0	0	118.6042491	0
68.20559861	0	50.39865047	0
52.38835293	0	66.21589614	0
>swissregulon__sacCer__CAT8
0	128	0	0
0	128	0	0
0	0	128	0
0	0	128	0
84.48	16.64	26.88	0
>swissregulon__sacCer__YER184C
2.56	21.76	12.8	90.88
0	98.56	19.2	10.24
0	128	0	0
0	0	128	0
0	0	128	0
88.32	39.68	0	0
>hocomoco__MBD2_HUMAN.H11MO.0.B
17	44	44	6
7	43	51	10
0	28	83	0
1	0	57	53
0	111	0	0
0	111	0	0
0	0	111	0
0	0	111	0
59	39	12	1
12	12	65	22
36	14	53	8
>hocomoco__MECP2_HUMAN.H11MO.0.C
4	70	42	3
0	119	0	0
0	119	0	0
0	0	119	0
0	0	119	0
68	1	50	0
52	1	66	0
>cisbp__M00921
22.71044937	31.86865189	22.71044937	22.71044937
29.89882119	29.47252795	20.31432543	20.31432543
21.77794288	33.58759041	21.42554472	23.20892199
4.814831366	4.814831366	25.70878633	64.66155093
2.491844409	92.52446677	2.491844409	2.491844409
0.01596006154	89.17460946	10.79347042	0.01596006154
0.01596006154	0.01596006154	99.95211982	0.01596006154
0.01596006154	20.63013515	79.33794473	0.01596006154
60.73354039	24.8187735	12.14217542	2.30551069
24.93516225	4.70163463	37.05156217	33.31164095
51.85060904	22.65215525	12.74861786	12.74861786
29.49307653	30.10466608	20.2011287	20.2011287
22.52411565	22.52411565	32.42765304	22.52411565
>cisbp__M01404
31.05199225	22.98266925	22.98266925	22.98266925
17.55274496	18.60546886	34.74384146	29.09794472
6.840277112	27.66290333	6.840277112	58.65654244
9.653905972	75.43491007	2.796018519	12.11516544
0.008503501888	99.97448949	0.008503501888	0.008503501888
0.008503501888	0.008503501888	99.97448949	0.008503501888
0.008503501888	0.008503501888	99.97448949	0.008503501888
62.9748289	16.18553787	20.83112972	0.008503501888
24.28350186	38.03710997	13.791026	23.88836216
18.16822639	29.31828646	34.34526076	18.16822639
27.48737331	29.31828646	18.16822639	25.02611384
22.21248498	22.21248498	33.36254505	22.21248498
>cisbp__M01407
28.40037766	21.8317906	27.93604115	21.8317906
25.06037875	35.1147451	25.15584841	14.66902774
5.080396364	5.080396364	11.63641836	78.20278891
3.564786929	89.30563921	3.564786929	3.564786929
0.007566078871	99.97730176	0.007566078871	0.007566078871
0.007566078871	13.05837561	86.92649223	0.007566078871
0.007566078871	0.007566078871	99.97730176	0.007566078871
74.3080325	12.62602582	13.05837561	0.007566078871
9.501704475	19.48237582	42.99823137	28.01768833
29.71527686	30.89335073	22.72690507	16.66446733
19.92716971	34.15605312	25.98960746	19.92716971
21.44277915	21.44277915	35.67166255	21.44277915
>cisbp__M01412
22.96470057	31.10589829	22.96470057	22.96470057
22.96470057	22.96470057	31.10589829	22.96470057
15.89178688	15.89178688	24.03298461	44.18344163
18.51423473	55.96451981	23.29559569	2.225649782
0.007925646225	25.68521606	16.59652799	57.7103303
0.007925646225	79.55662301	20.42752569	0.007925646225
0.007925646225	92.10416836	7.879980346	0.007925646225
0.007925646225	9.689661297	90.29448741	0.007925646225
2.043225077	2.043225077	93.87032477	2.043225077
79.89608676	8.95009177	9.110596396	2.043225077
9.116138764	39.05698121	34.56335404	17.26352598
22.78227586	22.78227586	22.78227586	31.65317241
>cisbp__M02611
22.82566269	22.82566269	22.82566269	31.52301194
42.64970221	16.1171984	16.1171984	25.115901
14.68084487	13.95879065	23.61544986	47.74491462
2.728236925	28.57449889	11.72693953	56.97032465
2.728236925	82.81658662	11.72693953	2.728236925
0.01595510415	99.95213469	0.01595510415	0.01595510415
0.01595510415	9.01465771	90.95343208	0.01595510415
0.01595510415	0.01595510415	99.95213469	0.01595510415
67.58286078	2.190292418	28.03655439	2.190292418
34.33860321	18.3665948	8.898756708	38.39604528
20.05586706	39.83239881	20.05586706	20.05586706
22.28771818	33.13684546	22.28771818	22.28771818
22.28771818	22.28771818	33.13684546	22.28771818
>cisbp__M02626
21.71227772	34.86316684	21.71227772	21.71227772
21.71227772	21.71227772	34.86316684	21.71227772
19.34940434	19.34940434	41.95178699	19.34940434
50.72369361	14.86662361	6.604810201	27.80487258
11.4978451	12.48312461	10.54292563	65.47610466
0.01317142929	91.6986723	0.01317142929	8.274984838
0.01317142929	91.88242668	8.091230462	0.01317142929
0.01317142929	0.01317142929	99.96048571	0.01317142929
3.300893711	11.37895274	82.01925983	3.300893711
71.81724745	11.37895274	13.50290609	3.300893711
63.50096704	5.663767092	13.74182613	17.09343975
26.48642026	18.40836123	18.40836123	36.69685728
31.80382238	22.73205921	22.73205921	22.73205921
>cisbp__M06973
5.5184	13.3779	5.6856	75.4181
3.846196154	81.93971806	3.846196154	10.36788963
32.4415	0	67.5585	0
1.8395	92.9766	0.1672	5.0167
0	100	0	0
0	0	100	0
0	0	100	0
89.1304	5.3512	1.3378	4.1806
50.8361	1.0033	45.6522	2.5084
69.8997	5.3512	7.8595	16.8896
50.6689	15.0502	6.1873	28.0936
>cisbp__M06976
23.4234	35.8559	11.5315	29.1892
18.73871874	21.62162162	36.3964364	23.24322324
9.7297	14.955	5.9459	69.3694
3.783796216	80.36031964	4.504495496	11.35138865
13.8739	0.1802	85.9459	0
2.882897117	94.95490505	0	2.162197838
0	100	0	0
0	0	100	0
0	0	100	0
79.2793	10.0901	2.8829	7.7477
24.1441	2.7027	70.0901	3.0631
57.47744252	10.45048955	11.35138865	20.72067928
36.03603604	17.83781784	7.387407387	38.73873874
27.20722721	11.53151153	25.22522523	36.03603604
18.1982	23.7838	20.7207	37.2973
>cisbp__M06977
21.8045	37.218	13.9098	27.0677
18.60901861	19.73681974	40.6015406	21.05262105
9.774409774	14.47371447	8.458608459	67.29326729
8.2707	75.5639	3.7594	12.406
16.9173	1.1278	81.7669	0.188
0.9398009398	96.05269605	1.127801128	1.87970188
0	100	0	0
0	0	100	0
0.5639	0	99.2481	0.188
82.5188	11.4662	1.6917	4.3233
26.5037735	1.503798496	68.98493102	3.007496993
56.95484305	12.03008797	10.9022891	20.11277989
40.97744098	14.84961485	8.082708083	36.09023609
27.6316	12.0301	23.1203	37.218
21.4286	21.8045	21.2406	35.5263
>cisbp__M06978
30.2013	20.8054	10.2349	38.7584
13.0872	43.4564	12.5839	30.8725
36.24156376	11.91278809	35.73826426	16.10738389
10.0671	19.2953	4.5302	66.1074
0.1678	91.1074	2.8523	5.8725
16.7785	0	83.2215	0
4.194604195	75.67117567	11.40941141	8.724808725
0	100	0	0
0	0	100	0
0	0	99.8322	0.1678
63.4228	20.6376	1.5101	14.4295
38.75836124	0.5033994966	59.56374044	1.174498826
61.4094	7.5503	10.4027	20.6376
37.75166225	16.44298356	13.59058641	32.21476779
32.21476779	11.91278809	25.5033745	30.36906963
>cisbp__M06979
31.5254	21.6949	10.5085	36.2712
13.05081305	47.11864712	8.474608475	31.35593136
31.8644	15.9322	32.5424	19.661
9.491509492	19.49151949	3.898303898	67.11866712
0	91.01699102	1.355901356	7.627107627
18.6441	0	81.3559	0
1.694898305	84.91521508	8.474591525	4.915295085
0	100	0	0
0	0	100	0
0.1695	0	99.8305	0
71.35597136	17.45761746	1.186401186	10.00001
34.9153	2.3729	61.5254	1.1864
57.11865712	7.966107966	11.69491169	23.22032322
35.08473508	17.7966178	9.491509492	37.62713763
32.5424	12.0339	25.5932	29.8305
