>yetfasco__YBR182C_864
26.15291235	22.92699488	17.29519178	33.62490099
16.84742284	20.10739569	38.10341104	24.94177043
9.768369533	45.58603074	29.01162341	15.63397631
26.9202281	10.15533798	10.415522	52.50891192
27.94093835	27.15001764	27.50341994	17.40562407
39.33144674	14.67753218	26.29110212	19.69991895
13.01928286	14.72611687	8.537568751	63.71703151
40.25453662	6.059748269	4.101575463	49.58413965
9.742744525	23.40678626	3.39115766	63.45931156
75.08677142	12.51647967	4.600256229	7.796492682
86.56168337	1.837841692	1.879785982	9.72068896
9.72068896	1.879785982	1.837841692	86.56168337
7.796492682	4.600256229	12.51647967	75.08677142
63.45931156	3.39115766	23.40678626	9.742744525
35.02374545	11.22315286	12.86394122	40.88916046
63.71703151	8.537568751	14.72611687	13.01928286
14.94122138	4.744483006	62.34030798	17.97398764
20.19869222	15.85866701	55.40090086	8.541739914
19.61953552	13.71585817	9.762892294	56.90171401
35.60394674	26.58205942	18.82993508	18.98405875
40.94583065	23.51820191	24.43246367	11.10350377
