>cisbp__M06592
38.3178	13.0841	32.243	16.3551
4.4393	0	94.8598	0.7009
39.95326005	5.607494393	26.86917313	27.57007243
98.5981	0	0.4673	0.9346
0.4673	5.1402	0.4673	93.9252
6.5421	85.7477	0.7009	7.0093
25.7009	19.1589	8.6449	46.4953
36.68223668	13.78501379	14.95331495	34.57943458
60.2804	3.271	15.6542	20.7944
0.7009	0.4673	95.7944	3.0374
100	0	0	0
0	0	0	100
3.271	1.4019	1.1682	94.1589
0	100	0	0
12.8505	27.5701	14.7196	44.8598
33.8785	16.5888	21.4953	28.0374
29.4393	21.2617	10.0467	39.2523
>cisbp__M07024
0	0	100	0
92.8214	0	2.6711	4.5075
100	0	0	0
0	0	0	100
2.3372	97.6628	0	0
10.8514	5.8431	2.5042	80.8013
18.197	15.8598	13.0217	52.9215
24.8748	16.3606	23.5392	35.2254
17.36231736	5.008305008	62.6043626	15.02501503
71.61932838	0.6677993322	14.69118531	13.02168698
11.6861	9.6828	5.8431	72.788
>cisbp__M07025
39.8333	10.1667	32.3333	17.6667
0	0	99.8333	0.1667
85	1	7.1667	6.8333
99	0	0	1
0.1667	0	0	99.8333
4.8333	95	0	0.1667
12.8333	5.6667	0.5	81
16.83331683	19.000019	10.83331083	53.33335333
21.5	17	25	36.5
14.1667	4.1667	71.3333	10.3333
76.66662333	2.166697833	13.4999865	7.666692333
12.8333	4.6667	3.5	79
24	20.6667	9.8333	45.5
4.666695333	70.16662983	8.666691333	16.4999835
18.3333	28	15.1667	38.5
>cisbp__M07030
18.33331833	5.833305833	66.83336683	9.000009
49.3333	8	21.5	21.1667
73.4999265	1.166698833	7.666692333	17.66668233
7.3333	14.6667	2.8333	75.1667
15	63.8333	4.1667	17
33.5000335	21.33332133	21.33332133	23.83332383
52.66664733	15.16668483	13.4999865	18.66668133
81.5	1.6667	8.5	8.3333
1	0.5	84	14.5
99.6667	0.3333	0	0
2.8333	0.6667	0	96.5
10.5	8.5	4.3333	76.6667
0.8333	99.1667	0	0
