>dbtfbs__ZNF549_HEK293_ENCSR185QFX_merged_N1
10	4	380	2
4	385	0	7
1	12	7	376
0	0	385	11
1	367	5	23
2	388	0	6
1	310	0	85
249	7	112	28
285	7	98	6
20	38	4	334
16	28	20	332
24	332	29	11
329	51	6	10
0	1	0	395
>kznf__ZNF549_Imbeault2017_OM_RCADE
96.96261784	0.07788161433	1.947040358	1.012460186
3.504670701	1.635510327	20.32710407	74.53271491
3.504671752	8.8006244	80.76324038	6.931463466
75.15576994	9.423676231	9.112146355	6.308407477
79.51714373	0.7009353855	14.7196081	5.062312784
1.94704	30.6075	1.01246	66.433
11.60439536	24.68849012	1.947039221	61.7600753
10.35829569	0.0778815676	88.55136316	1.012459579
0.3894081121	0.07788162243	99.45482864	0.07788162243
2.570090216	2.881620242	94.47040794	0.07788160654
0.07788162243	99.45482864	0.3894081121	0.07788162243
92.6012463	1.635510818	3.816201908	1.947040974
0.3894080935	0.3894080935	98.20872357	1.012460243
0.07788157539	96.33956956	1.01245968	2.570089188
65.18689348	19.08099809	5.062309494	10.66979893
>kznf__ZNF549_Imbeault2017_RP_RCADE
98.49081615	0.06561681076	1.377950226	0.06561681076
1.902888478	1.115489108	18.17588546	78.80573696
3.215221608	8.727034364	80.64304032	7.414703707
77.75590778	7.939630794	9.251970925	5.052490505
81.95538853	0.3280839541	12.1390983	5.577429219
2.165348528	29.98687961	0.8530174199	66.99475444
11.35170114	27.09970271	1.90289019	59.64570596
12.92650429	0.06561682178	85.62992843	1.377950457
0.06561683255	0.06561683255	99.8031495	0.06561683255
2.165350286	1.640420217	96.12861269	0.06561680866
0.06561683255	99.8031495	0.06561683255	0.06561683255
92.71653709	1.902890761	4.002621601	1.377950551
0.3280841575	0.3280841575	99.01574753	0.3280841575
0.06561682835	95.86614141	1.640420709	2.427821049
62.5328	20.8005	6.6273	10.0394
