>hocomoco__FOXJ3_HUMAN.H11MO.0.A
122	92	103	309
0	0	0	626
52	0	572	2
1	0	0	625
0	0	0	626
6	0	110	510
512	0	23	91
0	45	0	581
71	0	269	286
28	0	204	394
33	0	18	575
4	6	11	605
225	44	87	270
>taipale_cyt_meth__FOXP1_NTGTTTRNNNNNNNNNNNNNNNNWCAACAN_eDBD
1514	1218	1477	1720
177	131	48	5930
1628	2	5930	0
118	253	16	5930
237	25	1155	5930
1	0	1791	5930
3449	64	2480	978
19	3202	824	1885
809	2012	1505	1604
3055	207	2006	663
610	980	214	4126
1317	1650	1921	1041
1723	1948	1507	752
1528	1665	1587	1149
1510	1344	1457	1618
1486	1541	1205	1698
1743	1454	1656	1077
739	2274	1338	1579
1172	1824	2159	775
4766	134	552	478
269	2358	101	3202
1832	676	2904	518
1421	1982	2174	352
4587	409	348	1342
2583	5930	6	132
5930	88	24	187
5930	2	108	104
0	5930	4	1259
5930	68	86	258
1884	1597	975	1473
>taipale_cyt_meth__FOXP1_NTGTTTRNNNNNNNNNNNNNNNNWCAACAN_eDBD_meth_repr
517	436	399	850
19	240	10	2201
598	0	2201	2
15	24	1	2201
44	36	264	2201
9	21	456	2201
1504	13	698	304
4	1172	260	765
259	973	320	649
1200	60	791	151
216	265	38	1682
345	719	629	509
642	555	709	295
594	595	502	510
668	486	553	494
497	661	437	606
512	617	608	464
267	820	449	666
508	763	631	299
1903	14	131	153
90	960	17	1134
712	270	953	265
527	827	780	68
1674	112	49	528
1022	2201	2	50
2201	10	5	28
2201	14	18	0
10	2201	0	458
2201	20	200	41
855	499	251	597
>scertf__badis.HCM1
27	8	4	61
66	32	1	1
93	5	1	1
97	1	1	1
1	85	1	13
94	2	2	2
57	17	11	14
>cisbp__M00044
24.25728005	25.75726647	29.92567418	20.0597793
38.86677558	11.24743146	40.85951778	9.026275175
19.35386783	11.62191207	9.707436948	59.31678316
56.73310176	24.00729748	1.474557355	17.7850434
72.62541956	17.73100837	2.21513864	7.42843343
88.27295149	1.462918973	3.707781562	6.55634797
8.016583667	68.82123559	4.960528833	18.20165191
87.18246353	4.047110642	3.625539863	5.144885965
49.7501867	15.91105605	14.11184078	20.22691648
>cisbp__M00663
27.61444548	17.60774783	29.03026838	25.74753831
18.67483173	26.23715985	25.20838609	29.87962233
37.39657909	28.26372647	29.12448508	5.215209355
58.81763461	7.421949204	8.36822436	25.39219183
48.09994301	20.15154565	3.718353611	28.03015773
75.06933702	8.832271066	3.812984365	12.28540755
83.89986121	3.419943258	10.17184856	2.508346973
0.1060098366	71.2202087	2.73402972	25.93975174
84.80666478	3.388455234	5.314155633	6.490724348
44.14086121	18.49288219	15.44655362	21.91970298
>cisbp__M00793
24.12242354	21.39467042	24.12242354	30.3604825
27.56659293	8.057510506	59.53739713	4.838499436
12.76076779	10.65868921	4.601468299	71.9790747
63.30166393	28.44327109	4.701641089	3.553423894
75.63600392	12.37814494	2.150999059	9.834852089
83.57745351	3.918754169	6.657698067	5.846094254
4.589697179	67.61393138	2.420112551	25.37625889
81.39417047	3.453208004	4.569042458	10.58357906
40.13963496	19.73441862	18.960621	21.16532542
>cisbp__M00794
27.28295779	21.67722674	23.48265939	27.55715608
23.61805374	26.89690995	23.38305018	26.10198613
37.60986844	12.02835134	45.93679705	4.424983169
30.13610081	11.65486647	5.450589761	52.75844295
54.14621835	36.29529558	1.129401826	8.429084238
80.8870548	12.59190059	0.5132736205	6.007770994
91.24140005	1.341124904	4.151662027	3.26581302
0.2773860332	69.24527264	0.2829896027	30.19435172
83.28557938	4.675216249	5.064601301	6.974603066
33.32746374	22.56458844	20.62248106	23.48546676
>cisbp__M00795
23.40808378	26.1299306	22.71627036	27.74571527
34.10070755	8.242619003	52.94841476	4.708258685
22.88917147	8.253719417	4.098675765	64.75843335
60.31483355	29.3583813	4.218915354	6.107869793
82.23320235	10.17118927	2.338615629	5.256992749
88.69836295	2.44792673	4.117480444	4.736229872
3.221800282	72.96211228	1.840321523	21.97576591
84.85101593	3.257294574	3.636046502	8.25564299
36.32273541	21.59461256	19.1527032	22.92994883
>cisbp__M01541
33.33840613	18.66611914	22.7988494	25.19662532
24.34907495	23.62945103	19.15366075	32.86781327
29.04028216	12.04541279	50.84002338	8.074281659
14.44926412	10.81185792	8.009621345	66.72925662
66.5365102	23.05196056	4.253536791	6.157992447
73.79932202	13.08346926	2.72195275	10.39525597
81.01599394	4.502562106	5.231230835	9.250213123
8.732168468	61.37568404	7.980601078	21.91154642
81.57098095	3.10022154	7.779356117	7.549441398
40.28743284	19.22169483	16.05530911	24.43556322
>cisbp__M01989
25.91112786	21.86030694	24.15937548	28.06918972
22.79540121	26.22095274	23.96414642	27.01949964
34.30133152	10.64599935	49.65922496	5.39344417
23.88074812	12.97562525	4.406464277	58.73716236
58.6792559	29.43211051	4.104509605	7.784123984
79.97456052	11.72482737	2.979360235	5.321251878
86.56198091	3.006752824	5.007119002	5.424147261
3.372255173	69.10186435	1.330535791	26.19534468
85.29637859	3.881151931	3.959556401	6.862913081
35.55695741	21.56638483	19.51407197	23.36258579
>cisbp__M09098
43.26424118	13.84579138	7.03787885	35.85208859
96.71913333	1.680754947	1.013547039	0.5865646788
91.8096942	2.91214266	0	5.278163143
63.02989229	32.56793535	0	4.40217236
45.65079533	43.02101678	0	11.3281879
92.88873855	0	7.111261453	0
14.48311156	3.692694897	0	81.82419355
81.54728817	17.56929079	0	0.8834210329
100	0	0	0
99.8926179	0	0	0.1073821045
0.2684552612	91.43803817	0	8.293506567
100	0	0	0
49.47427974	16.46900559	14.6471266	19.40958807
