>jaspar__MA0144.2
1936	8571	3801	7312
708	0	0	20912
250	346	5850	15174
1006	19585	0	1029
840	7780	0	13000
3692	0	11456	6472
1574	0	20046	0
2532	0	18686	402
21620	0	0	0
21620	0	0	0
9311	962	6579	4768
>jaspar__MA0532.1
15	50	24	29
24	22	59	13
27	35	41	15
91	1	17	9
47	0	27	44
0	1	1	116
0	6	0	112
0	106	0	12
0	67	14	37
38	21	30	29
41	2	70	5
0	1	117	0
113	0	2	3
118	0	0	0
63	9	10	36
>jaspar__MA1624.1
1328	851	1004	1331
314	372	207	3621
151	89	144	4130
66	4381	26	41
71	4046	28	369
3191	588	137	598
3351	80	980	103
19	22	4441	32
4337	41	49	87
4274	66	101	73
1432	1028	988	1066
1160	1217	687	1450
>swissregulon__hs__BCL6
873	1075	799	1134
1052	799	850	1180
858	846	1350	827
846	1514	636	885
466	908	237	2270
124	803	202	2752
105	225	120	3431
66	3447	89	279
97	2514	47	1223
2418	35	97	1331
450	50	3268	113
252	128	3365	136
3058	186	528	109
3365	159	206	151
1603	679	862	737
>swissregulon__hs__STAT4
2.179824561	8.442982456	5.25	5.127192982
4.175438596	0.9824561404	3.684210526	12.15789474
3.070175439	4.912280702	2.210526316	10.80701754
0	0	0	21
0	0.8596491228	0	20.14035088
2.210526316	17.92982456	0.8596491228	0
0	2.210526316	4.052631579	14.73684211
0.7368421053	4.052631579	10.80701754	5.403508772
1.964912281	0	15.22807018	3.807017544
1.842105263	0.9824561404	14	4.175438596
20.01754386	0	0.9824561404	0
20.14035088	0.8596491228	0	0
11.05263158	1.842105263	4.912280702	3.192982456
>swissregulon__hs__STAT5A
1526	629	959	915
657	790	818	1764
4	4	4	4017
4	4	4	4017
4	4017	4	4
32	1257	4	2736
1100	882	902	1145
2796	4	1197	32
4	4	4017	4
4017	4	4	4
4017	4	4	4
1773	753	838	665
>swissregulon__mm__Stat5a
118.6489253	20.29068577	38.97645855	25.79324463
94.80450358	9.858751279	39.54964176	59.4964176
1.031729785	0	2.980552712	199.6970317
17.53940635	7.107471853	1.948822927	177.1136131
6.99283521	192.8188332	1.948822927	1.948822927
9.285568066	106.7267144	26.48106448	61.21596725
29.80552712	53.07676561	48.4912999	72.3357216
82.5383828	11.00511771	103.2876151	6.878198567
8.024564995	2.06345957	190.8700102	2.751279427
189.8382805	2.06345957	2.636642784	9.170931423
190.296827	0	13.41248721	0
109.3633572	16.85158649	56.28659161	21.20777892
>swissregulon__mm__Stat5b
26.57683486	10.52178899	16.48509174	30.24655963
7.912844037	13.0733945	1.949541284	60.89449541
0	0	0	83.83027523
0	0	0	83.83027523
0	83.83027523	0	0
2.52293578	37.2706422	3.669724771	40.36697248
25.5733945	7.110091743	25.91743119	25.2293578
24.5412844	3.096330275	55.50458716	0.6880733945
0	0	83.83027523	0
83.83027523	0	0	0
83.83027523	0	0	0
16.74311927	13.76146789	5.619266055	47.70642202
1.290137615	12.41399083	2.207568807	67.91857798
>hocomoco__STA5A_HUMAN.H11MO.0.A
4	19	2	475
34	11	3	452
5	493	1	1
25	221	6	248
329	0	171	0
194	2	294	10
2	1	493	4
473	0	9	18
481	3	15	1
211	86	115	88
>hocomoco__STA5A_MOUSE.H11MO.0.A
10	9	2	479
22	2	4	472
1	496	3	0
20	331	4	145
325	175	0	0
243	3	224	30
4	0	492	4
477	5	8	10
490	0	5	5
215	93	102	90
>hocomoco__STA5B_HUMAN.H11MO.0.A
78	119	78	225
4	13	4	479
29	8	6	457
5	478	3	14
38	158	7	297
0	0	212	288
235	9	206	50
10	2	469	19
425	17	10	48
485	1	13	1
223	73	97	107
95	127	70	208
>hocomoco__STAT6_MOUSE.H11MO.0.A
34	142	65	166
9	12	3	383
7	7	2	391
20	355	3	29
50	267	4	86
135	89	25	158
102	126	149	30
237	13	81	76
7	11	369	20
392	6	1	8
374	20	11	2
118	168	73	48
88	105	25	189
72	131	160	44
>taipale_cyt_meth__IRF3_NCNGTTTCCNGGAAACYGAAAS_eDBD_meth
235	455	8391	3589
170	12636	13	1888
3188	62	3997	5423
1046	3298	11444	564
455	1	1	12610
282	3	1	12670
1	526	0	12670
2	12670	2	9
1063	12586	1155	767
4741	2869	91	4969
272	2145	12519	661
238	1	12669	13
12665	0	22	2
12670	0	2	84
12605	34	2	340
2893	10927	2145	199
3029	6145	2007	4461
4673	1	9595	2
11374	2636	1458	35
10544	1873	40	3303
12477	1066	54	1356
2572	8694	3436	1034
>taipale_cyt_meth__IRF3_NCNGTTTCSNSGAAACSGAAASN_eDBD_repr
3607	1013	6612	9615
935	18797	769	2343
8683	3896	5934	2333
205	1299	20249	795
120	5	15	20843
702	107	0	20563
152	392	78	20735
4	20814	3	453
2442	9842	10741	511
5586	6036	5915	3310
1379	10551	9468	2546
902	1	20225	1
20385	3	3160	69
20053	1	12	1785
20638	1	7	1248
209	20349	2056	72
1032	16238	3706	3541
1206	6	20690	79
17586	6660	2762	996
19117	1803	430	3345
20345	5281	655	2045
2498	14301	5778	2462
3935	6593	2969	7349
>transfac_public__M00223
0	0	0	14
0	0	0	14
2	12	0	0
0	12	0	2
0	9	2	3
4	2	8	0
0	0	8	6
13	1	0	0
14	0	0	0
>cisbp__M08014
8.7234	21.9149	11.7021	57.6596
0	0	0	100
0	0	0	100
2.5532	95.5319	0	1.9149
0	87.0213	0	12.9787
2.765997234	52.34034766	0.2127997872	44.68085532
28.93617106	2.127697872	64.46803553	4.468095532
1.9149	1.0638	82.3404	14.6809
94.4681	3.8298	0.4255	1.2766
100	0	0	0
57.8723	8.9362	27.6596	5.5319
>cisbp__M08015
9.3023	53.4884	11.6279	25.5814
48.8372	11.6279	23.2558	16.2791
9.3023	18.6047	2.3256	69.7674
0	0	2.3256	97.6744
0	0	11.6279	88.3721
34.8837	65.1163	0	0
0	72.093	0	27.907
11.6279	41.8605	9.3023	37.2093
30.23256977	2.325597674	62.79063721	4.651195349
11.62788837	4.651195349	67.44183256	16.27908372
88.3721	9.3023	0	2.3256
100	0	0	0
55.81394419	13.95348605	30.23256977	0
13.9535	20.9302	9.3023	55.814
2.3256	62.7907	34.8837	0
76.74412326	18.6046814	0	4.651195349
9.302309302	37.20933721	32.55813256	20.93022093
20.9302	37.2093	30.2326	11.6279
20.9302	4.6512	34.8837	39.5349
6.9767	27.907	46.5116	18.6047
>cisbp__M08043
12.2172	41.629	18.0995	28.0543
3.6199	0	0	96.3801
0	0	0	100
10.85968914	85.97281403	1.357498643	1.80999819
0	93.6652	0	6.3348
6.3348	45.2489	0	48.4163
26.6968	0	73.3032	0
1.3575	0	90.4977	8.1448
69.2308	27.1493	0	3.6199
100	0	0	0
33.0317	8.1448	39.819	19.0045
>cisbp__M08229
18.1319	19.7802	18.6813	43.4066
0	0	0	100
0	0	0	100
14.8352	85.1648	0	0
0	64.2857	0	35.7143
17.03298297	30.21976978	33.51646648	19.23078077
40.1099	0	59.8901	0
0	0	100	0
100	0	0	0
100	0	0	0
