>swissregulon__hs__SPDEF
498	10	10	92
214	284	37	13
2	498	22	0
21	498	0	0
0	5	498	0
10	0	498	0
498	0	1	1
77	21	7	498
158	40	498	39
0	81	0	498
236	25	89	148
>taipale_cyt_meth__ETS2_NACAGGANNNNNNTCCTGTN_FL_meth_repr
4450	1132	3822	2582
11985	329	3464	167
204	11985	226	133
11985	148	2	3
3	0	11985	0
1	0	11985	9
11985	3	7	3
6894	261	3	4827
3013	3	8967	3
11	4839	539	6596
6795	512	4665	12
8	9070	0	2907
4787	1	291	6905
4	5	4	11985
0	11985	7	3
4	11985	0	2
1	8	142	11985
105	243	11985	178
151	3439	338	11985
2640	3818	1038	4489
>taipale_cyt_meth__SPDEF_NAMCAGGATGTN_FL_meth_repr
212	85	222	138
657	16	36	81
360	296	189	8
3	657	14	21
657	824	0	0
0	1	657	2
3	0	657	305
657	0	0	0
36	88	0	657
311	71	657	19
5	255	15	657
261	45	244	107
>taipale_cyt_meth__SPDEF_NAMCAGGATGTN_eDBD_meth
2364	1726	2584	1437
8112	361	947	2226
4530	3582	2178	539
404	8112	294	582
8112	2721	60	0
0	35	8112	0
0	0	8112	0
8112	0	0	4
347	1835	11	8112
3144	1147	8112	195
326	4199	232	8112
2283	905	2635	2289
>homer__AACAGGAAGT_Ets1-distal
45.3	32.9	21.3	0.5
86.4	0.1	7.9	5.6
0.1	85.9	9.3	4.7
96.7	3.1	0.1	0.1
0.1	0.1	99.7	0.1
0.1	0.1	99.7	0.1
97.6	0.1	0.1	2.2
82.1	0.1	0.1	17.7
26.2	0.1	73.6	0.1
0.2002002002	25.42542543	3.003003003	71.37137137
>homer__ACATCCTGGT_SPDEF
62.5	0.1	37.3	0.1
7.2	46	31.6	15.2
56.9	0.1	0.1	42.9
0.1	0.1	0.1	99.7
0.1	99.7	0.1	0.1
0.1	99.7	0.1	0.1
0.1	0.1	36.1	63.7
0.1	0.1	91.6	8.2
4.604604605	28.62862863	38.93893894	27.82782783
30.3	7.1	0.1	62.5
>cisbp__M00159
40.12125517	13.48942774	18.951939	27.4373781
28.8004504	29.97581908	23.57981444	17.64391608
20.73098048	50.48262527	20.52470378	8.261690465
27.63763487	61.50868756	8.492457583	2.361219981
0.1256080054	1.813775728	98.04344623	0.01717003975
0.5077094997	5.596571363	89.31363405	4.582085087
81.04679639	2.843474505	7.652456608	8.457272495
29.39951984	18.19193461	6.759698866	45.64884668
28.51848435	23.11663413	30.89370528	17.47117624
17.14135686	27.70170804	12.57227601	42.58465909
