>jaspar__MA0768.2
286	239	229	327
238	224	247	372
176	231	308	366
73	788	130	90
26	989	21	45
12	19	14	1036
19	47	39	976
18	18	15	1030
73	75	882	51
987	28	25	41
130	28	51	872
135	306	461	179
234	218	139	490
189	299	263	330
>scertf__macisaac.RME1
0	18	0	81
12	32	12	43
11	33	17	37
98	0	0	0
74	0	10	15
86	10	0	3
18	0	81	0
22	0	76	0
57	14	12	15
79	0	7	13
>cisbp__M05895
74.37437437	0.3003003003	0.3003003003	25.02502503
3.196803197	0.4995004995	0.1998001998	96.1038961
4.6	84.9	8.7	1.8
98.4	0.2	0.2	1.2
98.5	0.5	0.4	0.6
96.3	0.6	1.8	1.3
8.808808809	12.91291291	77.37737738	0.9009009009
23.17682318	18.88111888	44.55544456	13.38661339
30.9	25.5	30.3	13.3
33.83383383	19.91991992	18.91891892	27.32732733
>cisbp__M09461
83.2	1.3	9.7	5.8
0.5	50.1	48.5	0.9
73.7	0.2	0.1	26
2.2	0.2	0.1	97.5
0.1	90.1	9.5	0.3
99.7	0.1	0.1	0.1
98.9	0.5	0.5	0.1
99.5	0.1	0.3	0.1
5.8	0.1	94	0.1
20.3	13.5	59.2	7
28	30.7	35.6	5.7
44.5	19.7	16.5	19.3
