>jaspar__MA1592.1
7978	7294	8315	7598
10812	4819	17492	3308
1041	9979	2362	26041
16867	23	13540	2655
139	300	4331	29357
11	5	31185	0
30115	19	1445	1242
1770	2889	29909	164
71	20	104	31153
114	13338	0	27470
15	31181	6	8
0	0	0	31180
5	29919	0	2991
8629	907	20538	5406
4050	15335	6974	12410
7599	5479	8877	9231
>taipale_cyt_meth__ZNF274_NRTRTGAGTTCTCRYN_eDBD_meth_repr
14021	8213	9005	12065
15147	6326	24397	4022
1075	12862	2287	37080
27391	67	14630	4104
305	24	5783	41023
0	7	43305	0
41681	38	1918	2094
3207	4241	41184	267
200	6	233	43219
200	14756	0	39018
20	43301	0	8
0	1	0	43301
1	40829	0	5959
18246	1764	21172	10809
6770	22539	8892	16259
10595	7633	10809	14268
>kznf__ZNF274_Imbeault2017_RP_RCADE
59.21750592	4.840850484	4.310340431	31.63130316
9.350128504	0.5968169045	89.19098573	0.8620688621
99.00530495	0.5968170298	0.06631300332	0.3315650166
2.453581031	0.3315651393	97.1485408	0.06631302785
77.51987364	0.8620687069	21.28649276	0.3315648873
97.41379026	0.5968169403	1.923079808	0.06631299337
1.392569721	64.78778704	4.840849032	28.9787942
4.575599131	5.371348979	0.8620688362	89.19098305
0.06631297414	99.80106108	0.06631297414	0.06631297414
90.25199097	9.084879092	0.5968169403	0.06631299337
5.371346401	32.95757792	0.5968166001	61.07425908
85.47745726	1.127319436	10.67639466	2.718828641
1.392570279	79.64191593	6.69761134	12.26790245
21.55171509	8.289125802	6.167114317	63.99204479
5.90185941	2.453579755	84.15119158	7.493369251
