>yetfasco__YNL139C_786
54.1	0	16.7	29.2
100	0	0	0
54.15415415	12.51251251	0	33.33333333
8.3	0	87.5	4.2
62.56256256	8.308308308	8.308308308	20.82082082
58.35835836	8.308308308	12.51251251	20.82082082
4.2	0	95.8	0
79.2	0	0	20.8
83.3	0	0	16.7
91.69169169	0	0	8.308308308
100	0	0	0
4.2	0	8.3	87.5
>scertf__harbison.THO2
87	8	0	4
0	0	0	99
8	0	0	91
16	0	0	83
20	0	0	79
0	95	0	4
20	12	8	58
20	8	8	62
4	87	0	8
33	0	12	54
0	0	0	99
29	16	0	54
