>jaspar__MA1542.1
1028	1302	717	1843
448	235	4890	17
0	4890	0	18
4	99	0	4890
4890	83	38	444
10	4890	0	0
0	2103	5	2787
62	4	4890	24
407	612	504	4890
1102	545	1512	1731
>taipale_cyt_meth__OSR1_NGCTACYGTN_eDBD_meth
861	1000	801	1730
494	226	4392	13
0	4392	0	33
7	303	0	4392
4392	122	90	389
24	4392	0	26
0	1254	0	3137
79	22	4392	64
446	677	642	4392
990	469	1578	1354
>dbtfbs__OSR2_HEK293_ENCSR324LTM_merged_N1
0	195	49	0
206	0	38	0
0	0	244	0
72	45	34	93
198	0	46	0
0	0	244	0
0	244	0	0
104	48	8	84
59	32	152	1
>homer__ADGGYAGYAGCATCT_PRDM9
46.7	12	25.3	16
31.36863137	8.791208791	22.57742258	37.26273726
21.8	0.5	67.6	10.1
30.8	4.7	60.5	4
8.191808192	45.45454545	1.498501499	44.85514486
79.2	0.1	18.9	1.8
10	2.3	86.8	0.9
4.1	50.2	0.7	45
89	0.3	9.4	1.3
11.2	13.8	53.3	21.7
0.1	99.6	0.1	0.2
57.7	4.5	0.1	37.7
3.4	21.8	26	48.8
0.4	97.9	0.6	1.1
33	12.5	0.3	54.2
