>kznf__ZNF436_Schmitges2016_RCADE
5.181617927	3.044868782	4.113248355	87.66026494
0.4807688462	98.77136839	0.2670939145	0.4807688462
0.2670940321	88.08761057	0.2670940321	11.37820137
4.540601635	3.47222125	0.69444425	91.29273287
3.044869696	93.42949066	1.121789888	2.40384976
0.9081196476	95.352563	0.05341877927	3.68589857
86.37820864	1.762820176	7.959400796	3.89957039
6.463681939	1.121790337	84.45512534	7.959402388
1.976500731	0.4807691779	97.27563599	0.2670940988
75.48078188	15.65169624	8.173078038	0.6944438333
93.0021279	1.549150465	2.617520785	2.831200849
0.05341882329	0.05341882329	99.83974353	0.05341882329
2.8312	72.2756	7.1047	17.7885
1.762819295	93.64316254	1.335469466	3.258548697
3.472218611	51.97647921	2.617518953	41.93378323
