>kznf__ZNF528_Imbeault2017_OM_RCADE
33.74128988	41.43358757	16.95799491	7.86712764
56.11886633	8.56642486	28.84618269	6.468526119
16.95800763	0.1748250787	76.39863438	6.468532911
2.272730455	0.174825035	97.37761948	0.174825035
5.769231154	0.174825035	93.88111878	0.174825035
99.47552487	0.1748250437	0.1748250437	0.1748250437
83.39163753	2.272731023	14.16080637	0.1748250787
0.8741262098	0.174825042	98.77622371	0.174825042
5.769228269	35.83918925	16.95799491	41.43358757
14.16080708	85.48954274	0.1748250874	0.1748250874
86.18883878	2.972031337	10.6643048	0.1748250787
1.573430629	20.45450818	5.769232308	72.20282888
0.1748250787	14.86010669	5.769232596	79.19583564
0.1748249038	1.573429135	34.44058106	63.8111649
2.972030446	94.58041419	0.1748250262	2.272730341
>kznf__ZNF528_Imbeault2017_RP_RCADE
2.626810297	0.09057971024	96.82971094	0.4528990512
7.699276966	0.09057966431	92.1195637	0.09057966431
98.27898162	1.17753978	0.09057968306	0.4528989153
84.14858342	0.09057968216	14.58329713	1.177539768
0.09057966458	0.09057966458	99.72826101	0.09057966458
7.336955598	31.61228103	17.11958973	43.93117364
9.873185123	89.94565557	0.09057965525	0.09057965525
91.03260364	0.4528990181	7.699280308	0.8152170326
1.90217019	17.11960171	4.80072048	76.17750762
0.09057971024	8.423910952	0.4528990512	91.03261029
0.09057968216	1.177539768	24.72829513	74.00358542
2.26449046	93.20651892	0.09057971839	4.438410901
>kznf__ZNF528_Schmitges2016_RCADE
6.16711074	0.06631300796	93.43501121	0.3315650398
6.697610804	0.3315650398	92.90451115	0.06631300796
99.80106108	0.06631297414	0.06631297414	0.06631297414
90.25199097	0.3315649668	9.084879092	0.3315649668
0.06631297414	0.06631297414	99.80106108	0.06631297414
8.289118342	27.91779442	12.79839744	50.9946898
12.00269688	87.86467716	0.06631298276	0.06631298276
92.90451115	0.3315650398	6.697610804	0.06631300796
1.923079058	12.00269412	0.8620685776	85.21215825
0.06631301989	3.249340975	0.596817179	96.08752883
0.3315647281	0.5968165106	12.53318972	86.53842904
0.06631298276	95.29177522	0.06631298276	4.57559881
