>homer__TTCAAAWTAAAAGTC_MYNN
12.5	7.8	28.1	51.6
21.9	25	12.5	40.6
14.1	50	15.6	20.3
45.4	17.1	15.6	21.9
59.3	11	17.2	12.5
50	26.5	9.4	14.1
42.25774226	7.792207792	18.68131868	31.26873127
1.6	4.7	1.6	92.1
96.8	3	0.1	0.1
87.5	0.1	10.9	1.5
70.3	0.1	23.4	6.2
96.8	0.1	1.6	1.5
0.1	0.1	99.7	0.1
4.7	29.8	4.7	60.8
6.3	71.8	3.1	18.8
