>jaspar__MA1738.1
174	505	44	277
769	113	20	98
559	285	24	132
0	753	10	236
166	245	30	559
486	302	76	135
106	807	0	86
27	765	0	208
1000	0	0	0
736	258	3	2
0	1000	0	0
199	373	29	399
760	46	160	34
289	527	19	166
264	439	0	297
>jaspar__MA1768.1
153	306	195	345
141	357	84	418
261	439	67	232
180	537	67	215
12	843	0	145
983	15	0	2
880	103	3	13
0	1000	0	0
62	525	22	391
764	12	173	51
167	744	0	89
86	682	0	232
616	79	57	247
402	384	45	168
162	613	45	180
>jaspar__MA1774.1
278	314	111	296
328	190	152	330
251	181	170	398
145	362	86	407
111	367	90	432
86	514	52	348
0	975	0	25
993	5	2	0
871	127	0	2
0	1000	0	0
66	529	0	405
975	0	25	0
129	835	0	36
127	514	0	360
244	86	66	604
219	299	72	410
247	285	102	367
308	186	190	317
188	339	133	339
>jaspar__MA1781.1
400	212	106	282
295	261	99	346
192	302	164	342
125	302	109	464
187	455	106	252
108	571	55	266
0	931	0	69
998	2	0	0
788	212	0	0
0	1000	0	0
42	453	2	503
975	0	18	7
125	852	0	23
51	582	0	367
330	81	44	545
268	266	86	379
219	362	102	317
270	257	138	335
309	263	138	291
>jaspar__MA2030.1
63	20	10	40
46	36	8	43
11	78	11	33
20	50	10	53
38	74	10	11
8	107	1	17
1	123	0	9
131	1	0	1
113	15	3	2
0	132	0	1
11	23	1	98
116	2	6	9
14	116	0	3
8	102	0	23
90	10	5	28
50	43	12	28
21	78	8	26
>cisbp__M07001
27.82807217	31.44796855	11.08598891	29.63797036
32.8054	19.0045	15.1584	33.0317
25.11312511	18.0995181	16.96831697	39.81903982
14.4796	36.1991	8.5973	40.724
11.08598891	36.65156335	9.04979095	43.21265679
8.5973	51.3575	5.2036	34.8416
0	97.5113	0	2.4887
99.3213	0.4525	0.2262	0
87.1041	12.6697	0	0.2262
0	100	0	0
6.5611	52.9412	0	40.4977
97.5113	0	2.4887	0
12.8959	83.4842	0	3.6199
12.66968733	51.35744864	0	35.97286403
24.4344	8.5973	6.5611	60.4072
21.9457	29.8643	7.2398	40.9502
24.6606	28.5068	10.181	36.6516
30.76923077	18.55201855	19.004519	31.67423167
18.77828122	33.93666606	13.34838665	33.93666606
>cisbp__M07036
17.9078	54.4326	4.2553	23.4043
71.0993	12.9433	4.7872	11.1702
50	32.8014	3.1915	14.0071
0	75.53197553	1.595701596	22.87232287
21.8085	26.0638	5.6738	46.4539
49.6454	27.8369	8.6879	13.8298
10.1064	79.2553	0	10.6383
2.1277	85.1064	0.3546	12.4113
100	0	0	0
74.6454	24.1135	0.3546	0.8865
0	100	0	0
18.4397	39.1844	3.3688	39.0071
72.51777252	4.078004078	15.24821525	8.156008156
25.000025	54.07805408	1.595701596	19.32621933
20.0355	48.4043	1.4184	30.1418
>cisbp__M07090
30.57433057	34.7973348	10.13511014	24.49322449
62.66896267	15.2027152	5.743205743	16.38511639
43.0743	31.9257	5.7432	19.2568
6.587806588	56.58785659	8.445908446	28.37842838
12.5	33.9527	7.0946	46.4527
36.6554	37.5	11.6554	14.1892
6.418906419	75.16897517	2.195902196	16.21621622
0.5068	83.4459	0	16.0473
100	0	0	0
78.88517889	20.94592095	0	0.1689001689
0	100	0	0
9.6284	42.0608	0.3378	47.973
84.9662	0	14.1892	0.8446
29.05407095	56.75674324	3.378396622	10.81078919
16.0473	55.9122	0	28.0405
>cisbp__M07103
17.71561772	41.49184149	13.75291375	27.03962704
9.324	51.049	9.324	30.303
23.77622378	29.83682984	13.05361305	33.33333333
11.4219	61.7716	3.7296	23.0769
92.7739	6.993	0	0.2331
54.7786	43.8228	0.4662	0.9324
0	100	0	0
32.4009324	44.05594406	0.2331002331	23.31002331
94.6387	0	4.8951	0.4662
0	99.7669	0	0.2331
1.3986	98.6014	0	0
65.035	1.3986	17.9487	15.6177
21.21212121	44.75524476	9.79020979	24.24242424
26.5734	50.5828	7.4592	15.3846
>cisbp__M07153
27.98632799	30.2048302	11.43341143	30.37543038
31.9113	30.3754	12.116	25.5973
32.9352	35.3242	9.215	22.5256
51.8771	18.7713	9.727	19.6246
30.7167	42.1502	5.802	21.3311
10.4096	40.6143	11.2628	37.7133
18.0887	32.9352	7.6792	41.2969
40.1024	38.9078	5.9727	15.0171
9.726990273	67.91803208	4.436895563	17.91808208
0.6826	88.7372	0.1706	10.4096
100	0	0	0
82.7645	17.2355	0	0
0	99.3174	0.6826	0
9.215	49.4881	2.0478	39.2491
80.7167	0.1706	9.0444	10.0683
24.5734	53.9249	2.0478	19.4539
12.96931297	64.50516451	0.1706001706	22.35492235
33.61773362	9.556309556	4.266204266	52.55975256
20.64847935	26.27987372	12.96928703	40.1023599
21.67237833	38.05456195	9.385690614	30.88736911
23.5495	16.2116	18.0887	42.1502
>cisbp__M07154
11.2416	56.0403	4.698	28.0201
88.255	6.8792	1.6779	3.1879
65.7718	23.8255	2.0134	8.3893
0	90.26840973	1.342298658	8.389291611
18.1208	29.698	5.8725	46.3087
55.5369	18.2886	13.4228	12.7517
7.046992953	82.21471779	1.677898322	9.06039094
4.1946	74.8322	0	20.9732
96.6443	0	1.0067	2.349
60.7383	36.4094	0.6711	2.1812
2.0134	96.8121	0	1.1745
24.1611	29.5302	5.2013	41.1074
69.7986302	7.885892114	16.27518372	6.04029396
31.0403	48.6577	3.5235	16.7785
25.3356	42.1141	2.1812	30.3691
28.1879	23.9933	5.8725	41.9463
29.3624	28.5235	8.7248	33.3893
33.38926661	24.32887567	10.73828926	31.54356846
>cisbp__M07309
20.55672056	20.77092077	13.91861392	44.75374475
20.985	37.045	7.4946	34.4754
17.5589	40.4711	9.8501	32.1199
6.424	65.9529	2.1413	25.4818
98.7152	0.4283	0	0.8565
74.9465	17.5589	2.1413	5.3533
0	96.5739	0	3.4261
16.7023833	21.41327859	1.927198073	59.95714004
63.1692	14.9893	9.4218	12.4197
13.91861392	73.44757345	5.781605782	6.852206852
6.852206852	69.59316959	0	23.55462355
93.7901	0.6424	0.6424	4.9251
72.591	25.2677	0	2.1413
1.9272	96.5739	1.2848	0.2141
22.05567794	37.04496296	3.64029636	37.25906274
72.37682762	5.567494433	17.55888244	4.496795503
34.9036	45.3961	2.9979	16.7024
28.47967152	37.68736231	1.070698929	32.76226724
