>kznf__ZNF154_Imbeault2017_OM_RCADE
9.636869036	5.726259427	1.256979874	83.37989166
3.491620524	0.1396650209	93.9944141	2.374300356
0.1396650209	3.491620524	2.374300356	93.9944141
0.1396649302	96.22905189	0.1396649302	3.491618254
0.1396649581	15.22349543	0.1396649581	84.49717465
83.93850923	0.1396650154	15.22350167	0.6983240768
0.139664986	0.139664986	98.46369015	1.256979874
1.815639909	0.139664993	21.9273989	76.11729619
96.78770968	0.139665014	0.139665014	2.932960293
54.32959783	0.6983239721	40.92179836	4.050279838
30.8659034	0.1396650154	68.29610751	0.6983240768
0.1396649316	0.6983236578	5.726257194	93.43575422
0.1396650279	91.20111824	0.1396650279	8.519551704
1.815639909	45.9496977	0.139664993	52.0949974
49.30169014	6.284918743	25.27929494	19.13409617
