>jaspar__MA0078.2
3418	2633	3349	2887
3470	3370	3116	2331
7836	957	1889	1605
2720	885	6638	2044
8708	1111	1561	907
11818	124	163	182
271	11241	490	285
11906	140	105	136
11634	258	281	114
1005	138	189	10955
1324	251	10241	471
1224	1012	9181	870
3683	3373	3024	2207
3358	3176	2756	2997
>jaspar__MA0445.1
1	8	7	13
0	25	0	4
0	17	0	12
20	0	0	9
0	0	0	29
0	0	3	26
2	0	27	0
0	0	0	29
1	2	4	22
4	10	6	9
6	1	1	21
>jaspar__MA0515.1
4	139	50	56
0	221	0	28
161	0	0	88
0	0	0	249
0	0	0	249
0	0	249	0
0	0	0	249
0	115	5	129
4	112	0	133
14	76	31	128
>jaspar__MA0867.2
3190	1771	5582	2286
5582	951	2047	431
5582	0	0	9
0	5582	37	33
5582	1	6	0
5582	6	11	0
5582	120	50	2719
1018	64	5582	83
2093	1422	3489	174
1775	1438	1889	480
>jaspar__MA0869.2
2884	2447	3058	1859
4163	974	3112	1999
1014	764	8063	407
7912	766	1298	272
9856	100	211	81
119	9471	501	157
10020	108	49	71
9676	264	248	60
9276	61	233	678
506	148	9486	108
3244	2321	3936	747
3542	2800	2627	1279
>jaspar__MA1152.1
32	554	147	267
62	412	26	501
631	3	5	362
3	3	6	988
3	2	2	994
83	21	890	5
24	2	3	971
180	188	125	506
215	253	114	418
241	188	165	407
>swissregulon__hs__SOX18
0.5205479452	0.5205479452	6.438356164	0.5205479452
1.97260274	0.9863013699	5.04109589	0
5.04109589	0.9863013699	1.97260274	0
3.068493151	2.95890411	0.9863013699	0.9863013699
3.068493151	0.9863013699	2.95890411	0.9863013699
5.04109589	0	0.9863013699	1.97260274
2.082191781	1.97260274	2.95890411	0.9863013699
4.931506849	0	2.082191781	0.9863013699
6.02739726	0	0	1.97260274
0	8	0	0
8	0	0	0
8	0	0	0
2.95890411	0	0	5.04109589
0	0.9863013699	3.945205479	3.068493151
0.9863013699	1.97260274	3.068493151	1.97260274
1.97260274	0.9863013699	2.95890411	2.082191781
2.95890411	0.9863013699	0	4.054794521
1.97260274	0	2.95890411	3.068493151
0.2465753425	4.301369863	2.219178082	1.232876712
>swissregulon__hs__SOX4
427.843	231.21	119.424	221.523
196.506	239.531	304.906	259.057
302.488	156.922	290.19	250.401
433.872	149.126	196.496	220.506
258.426	76.5112	475.1	189.963
841.714	46.4534	99.9149	11.9179
983.853	1.61162	1.36157	13.1736
3.46017	982.032	5.72793	8.77992
989.743	2.25323	2.01986	5.98379
990.761	3.39683	2.84255	2.99956
770.864	3.53959	1.54895	224.048
235.342	2.59752	757.383	4.67703
371.426	89.5743	529.959	9.04005
480.804	196.949	240.413	81.8332
187.158	355.102	216.599	241.142
248.006	232.182	157.452	362.36
403.367	177.684	164.649	254.3
>swissregulon__hs__SOX6
166	1098	527	453
539	1007	269	429
1196	38	348	662
7	31	29	2177
58	43	29	2114
40	153	2040	11
13	54	25	2152
240	512	404	1088
447	686	541	570
303	711	426	804
>hocomoco__SOX10_HUMAN.H11MO.1.A
49	167	112	172
15	155	129	201
23	254	69	154
13	424	6	57
67	39	1	393
1	75	18	406
6	23	8	463
15	121	328	36
20	3	4	473
14	115	118	253
18	239	16	227
64	179	62	195
69	237	59	135
>hocomoco__SOX10_MOUSE.H11MO.1.A
30	153	167	150
18	237	104	141
5	463	8	24
104	24	3	369
1	36	23	440
5	4	15	476
5	87	403	5
11	4	4	481
14	131	138	217
38	225	43	194
79	135	99	187
>hocomoco__SOX2_HUMAN.H11MO.0.A
52	114	123	211
18	176	131	175
5	321	40	134
8	364	5	123
146	5	0	349
0	1	1	498
0	0	0	500
8	78	404	10
31	9	0	460
23	127	104	246
53	206	38	203
51	156	68	225
38	198	129	135
>hocomoco__SOX2_MOUSE.H11MO.1.A
86	124	66	224
40	141	145	174
7	293	75	125
12	340	8	140
189	7	2	302
0	6	10	484
0	0	2	498
5	38	451	6
5	3	1	491
27	130	69	274
146	171	34	149
50	86	90	274
42	116	221	121
>hocomoco__SOX3_HUMAN.H11MO.0.B
17	128	183	172
4	337	63	96
6	377	3	114
164	5	3	328
0	5	2	493
0	0	1	499
3	47	448	2
4	1	1	494
9	173	157	161
45	220	31	204
55	174	114	157
>hocomoco__SOX3_MOUSE.H11MO.0.C
10	109	137	88
2	260	35	47
9	268	2	65
105	4	1	234
1	4	7	332
0	0	2	342
3	33	305	3
1	0	1	342
5	121	88	130
35	161	35	113
40	117	78	109
>hocomoco__SOX4_HUMAN.H11MO.0.B
20	167	118	195
9	266	61	164
3	402	4	91
53	15	5	427
2	8	18	472
1	6	13	480
11	46	424	19
6	10	7	477
7	167	60	266
14	287	44	155
28	181	81	210
60	190	103	147
>hocomoco__SOX9_MOUSE.H11MO.1.A
22	213	82	182
12	397	20	70
83	59	2	355
1	104	43	351
4	5	16	474
5	74	405	15
4	7	4	484
11	92	118	278
22	332	9	136
59	166	23	251
64	203	126	106
>taipale__SOX9_DBD_NAACAATRN_repr
1773	710	2287	1416
6186	1156	1398	1461
6186	1	38	486
0	6186	87	247
6186	0	0	42
6186	24	30	19
541	82	94	6186
2685	429	3501	857
1234	1410	2993	549
>taipale_cyt_meth__SOX3_NGAACAATGN_FL_repr
65	223	207	3
203	495	497	544
497	939	599	513
497	49	44	105
180	497	0	0
497	9	0	0
497	16	4	84
0	6	17	497
273	0	497	0
11	95	211	180
>taipale_cyt_meth__SOX4_GAACAAAGRN_eDBD_meth
6040	3187	7431	4268
7431	1402	2265	804
7431	0	0	11
0	7431	105	138
7431	0	0	0
7431	0	11	0
7431	82	81	3676
1861	139	7431	188
3592	1854	3839	362
2704	1857	2102	768
>dbtfbs__mm_NANOG_E14TG2a.4_ENCSR779CZG_merged_N1
8	282	47	81
15	220	2	181
180	0	0	238
0	0	0	418
0	0	0	418
29	47	342	0
0	0	0	418
59	91	54	214
124	112	38	144
56	70	28	264
>transfac_public__M00410
21	18	11	23
20	17	19	17
33	11	12	17
20	5	33	15
53	6	6	8
57	3	2	11
0	73	0	0
73	0	0	0
73	0	0	0
5	0	0	68
22	3	42	6
13	8	48	4
22	10	29	12
23	14	16	20
>homer__CCATTGTTNY_Sox6
7.4	48.9	23.5	20.2
24.02402402	44.84484484	12.01201201	19.11911912
53.3	1.7	15.5	29.5
0.3	1.4	1.3	97
2.6	1.9	1.3	94.2
1.8	6.8	90.9	0.5
0.6	2.4	1.1	95.9
10.71071071	22.82282282	18.01801802	48.44844845
19.91991992	30.53053053	24.12412412	25.42542543
13.5	31.7	19	35.8
>homer__CCWTTGTYYB_Sox10
1.801801802	44.44444444	27.52752753	26.22622623
0.1	88.7	0.1	11.1
46.95304695	3.296703297	0.0999000999	49.65034965
0.1	3.6	0.1	96.2
0.1	0.1	0.1	99.7
1.5	0.4	98	0.1
1.2	0.1	0.1	98.6
7.4	28.5	22.6	41.5
18.4	39.6	16.9	25.1
13	31.3	31.7	24
>cisbp__M00213
30.7528738	21.88898291	25.6869594	21.67118389
31.57440262	15.36891171	31.89173065	21.16495502
41.75486742	17.84665382	28.55454248	11.84393627
86.17368763	1.659248657	3.084423857	9.082639857
1.199210574	73.82249418	11.49214185	13.48615339
94.40028033	0.06250829844	2.879290885	2.657920482
91.30852477	5.388376614	3.268215622	0.03488299407
42.52569738	7.768744263	4.096399995	45.60915836
33.69312375	8.063065134	39.93662304	18.30718807
