>taipale_cyt_meth__ZNF787_RATGCMNNNNNNNTGCCTCR_FL_repr
631	46	1170	110
1801	45	15	27
1	7	19	1801
163	15	1801	63
12	1801	2	10
1530	272	31	57
227	973	329	272
350	555	449	447
483	376	394	547
546	386	398	471
441	567	383	410
369	683	475	274
355	480	672	294
286	83	260	1801
196	16	1801	72
4	1801	0	0
11	1801	2	6
7	11	4	1801
4	1801	8	160
762	359	1039	262
>homer__GAGCCTGGTACTGWGCCTGR_ZNF322
15.1	15.7	58.4	10.8
42.54254254	9.70970971	24.22422422	23.52352352
12.8	12.1	59.2	15.9
18.1	55.8	7.7	18.4
7	90.1	0.1	2.8
24.9	15	1.7	58.4
23	11.6	54	11.4
18.2	22.6	42.1	17.1
9.6	25	14.5	50.9
47.9	27.2	8.6	16.3
1.9	94.6	0.5	3
34	10.9	3.6	51.5
4.1	35.8	57.3	2.8
46.1	6.7	8.7	38.5
8.6	3.2	82.9	5.3
5.7	79.9	5.1	9.3
2.6	92.9	0.1	4.4
19.8	2.7	3.1	74.4
1.9	6.4	79.2	12.5
31.13113113	15.91591592	38.43843844	14.51451451
