>jaspar__MA0310.1
24	6	56	15
68	32	0	0
0	100	0	0
100	0	0	0
0	100	0	0
0	0	100	0
0	0	0	100
27	18	41	14
>jaspar__MA0551.1
103	60	68	89
108	56	62	94
52	55	30	183
9	8	279	24
150	165	1	4
0	317	1	2
310	1	9	0
3	311	5	1
1	5	311	3
0	9	1	310
2	1	317	0
4	1	165	150
24	279	8	9
183	30	55	52
94	62	56	108
89	68	60	103
>jaspar__MA0570.2
593	284	60	204
83	793	124	141
1123	4	11	3
10	1099	15	17
16	9	1107	9
4	8	1	1128
9	3	1123	6
39	11	707	384
81	999	28	33
909	36	117	79
348	195	234	364
358	213	225	345
>jaspar__MA0931.1
181	257	257	306
87	87	660	167
608	314	0	78
0	922	78	0
999	0	0	0
0	999	0	0
0	0	999	0
0	0	0	999
152	70	709	70
164	164	337	336
>jaspar__MA1338.2
836	341	460	792
819	393	480	737
709	512	414	794
317	355	262	1495
74	30	2110	215
811	1580	17	21
6	2407	5	11
2419	1	5	4
1	2409	14	5
9	26	2388	6
7	9	1	2412
97	269	2041	22
307	17	671	1434
335	1703	156	235
901	790	299	439
775	462	390	802
711	520	359	839
>jaspar__MA1351.2
1144	4087	2431	1799
7456	509	636	860
260	8349	340	512
341	139	8749	232
136	113	27	9185
133	60	9137	131
385	212	7410	1454
828	8130	275	228
7429	400	831	801
2879	1756	1943	2883
2928	1909	1879	2745
>jaspar__MA1364.1
11	33	54	14
28	20	22	42
19	9	51	33
46	8	39	19
42	14	32	24
28	8	22	54
4	29	66	13
4	85	4	19
0	112	0	0
112	0	0	0
0	106	0	6
0	0	112	0
0	0	0	112
0	0	110	2
5	24	65	18
>jaspar__MA1672.1
2246	1574	2262	1840
2324	2084	679	2835
560	2988	3420	954
7479	101	145	197
223	7122	221	356
319	107	7275	221
227	127	77	7491
174	83	7553	112
333	153	6028	1408
1027	6254	282	359
5558	596	891	877
2457	1420	1653	2392
2559	1516	1488	2359
>jaspar__MA1808.1
4908	11920	5299	5706
18522	2293	3696	3322
1272	24345	1277	939
745	411	25777	900
433	530	207	26663
595	357	26215	666
1246	1261	21101	4225
1863	24505	862	603
22437	1356	2120	1920
7096	6788	6336	7613
7296	6274	6535	7728
>jaspar__MA1811.1
3013	8215	3433	3671
12296	1390	2539	2107
660	16694	566	412
370	182	17411	369
310	369	140	17513
434	269	17185	444
791	895	13599	3047
1190	16137	626	379
14399	966	1636	1331
4529	4702	4253	4848
4885	4354	4336	4757
>swissregulon__sacCer__HAC1
30.72	7.68	71.68	19.2
87.04	40.96	0	0
0	128	0	0
128	0	0	0
0	128	0	0
0	0	128	0
0	0	0	128
>transfac_public__M00435
15	2	9	6
9	4	10	9
10	2	13	7
8	11	13	0
1	26	5	0
0	32	0	0
32	0	0	0
0	32	0	0
0	0	32	0
0	0	0	32
0	0	32	0
0	0	32	0
9	10	11	2
15	15	0	2
11	13	8	0
7	8	11	6
4	11	6	11
>cisbp__M00603
33.46710464	27.71127067	15.46773499	23.35388971
7.451154613	60.6884428	15.33730933	16.52309326
99.97549031	0.008169895745	0.008169895745	0.008169895745
0.008169895745	99.97549031	0.008169895745	0.008169895745
0.008169895745	0.008169895745	99.97549031	0.008169895745
0.008169895745	0.008169895745	0.008169895745	99.97549031
0.008169895745	0.008169895745	99.97549031	0.008169895745
0.008169895745	0.008169895745	83.89017445	16.09348576
16.95462124	63.96450895	9.540434906	9.540434906
38.73556122	17.55701528	26.15040821	17.55701528
>cisbp__M01058
23.70686482	26.20013756	5.133381795	44.95961583
2.02902479	44.14833784	24.22912152	29.59351585
96.56449988	0.1773218526	1.751042243	1.507136026
0.05380971491	96.32219261	2.429532242	1.194465429
0.4249948969	4.41197256	94.09659693	1.06643561
0.08474395433	1.140970401	0.09459781782	98.67968783
0.2139709741	0.001330879992	99.2939945	0.4907036448
0.00617799096	0.789178973	51.58535687	47.61928616
19.66437407	67.9524758	5.149031177	7.234118946
>cisbp__M01133
39.69933595	33.15967273	5.997450493	21.14354083
3.220256632	48.39812412	25.51996419	22.86165505
94.04232397	0.7895792556	2.493643606	2.674453169
0.2033207161	92.48341531	5.403405133	1.909858843
0.1529132105	10.4032185	88.42150671	1.022361584
0.08492531996	1.705770649	0.3024065431	97.90689749
1.14897214	0.005565701494	98.38297304	0.4624891193
4.463545886e-05	3.500892812	64.26518412	32.23387843
28.10518089	64.45413803	1.593533589	5.847147486
42.3767307	23.02543346	18.85163047	15.74620537
>cisbp__M01160
37.38959939	11.72112272	25.06299798	25.82627991
13.27135459	16.70332702	27.26511161	42.76020678
4.572949083	4.759574676	54.06344747	36.60402877
26.88310724	71.62886287	1.464476889	0.02355300435
1.675129261	94.24429859	0.1613612455	3.919210901
96.03923989	0.07767334412	3.761270718	0.1218160521
5.293108344	78.76003212	10.03827877	5.908580769
8.852091938	6.427938037	83.15063213	1.569337897
5.050102513	4.900849427	2.743977589	87.30507047
27.75107812	21.82977122	45.29853493	5.120615726
>cisbp__M01161
45.28476407	21.12464717	13.3773966	20.21319216
8.656444967	67.19486954	15.49224053	8.656444967
99.99419388	0.001935372623	0.001935372623	0.001935372623
0.001935372623	99.99419388	0.001935372623	0.001935372623
0.001935372623	0.001935372623	99.99419388	0.001935372623
0.001935372623	0.001935372623	0.001935372623	99.99419388
0.001935372623	0.001935372623	99.99419388	0.001935372623
0.001935372623	0.001935372623	57.03160327	42.96452599
11.62453877	65.12638368	11.62453877	11.62453877
38.15862395	22.21786136	23.27802428	16.34549041
>cisbp__M06755
34.7899	13.2773	26.3866	25.5462
46.72265328	13.44538655	16.13448387	23.6974763
44.5378	7.2269	13.1092	35.1261
39.8319	14.2857	13.4454	32.437
30.92436908	23.19327681	18.48738151	27.39497261
4.201704202	14.11761412	9.075609076	72.60507261
0.1681	0	95.2941	4.5378
29.2437	70.7563	0	0
0	100	0	0
99.8319	0	0	0.1681
0	100	0	0
0	0	100	0
0	0	0	100
3.361303361	42.35294235	54.28575429	0
44.0336	0	15.4622	40.5042
7.2269	51.2605	17.479	24.0336
21.84872185	63.86556387	4.873904874	9.411809412
47.2269	15.7983	6.7227	30.2521
