>cisbp__M06869
21	16.6667	18	44.3333
22	17.1667	15.8333	45
21.6667	18.8333	11.6667	47.8333
24.1667	13.5	14	48.3333
16.16668383	10.999989	14.66668533	58.16664183
7.666692333	25.16667483	5.4999945	61.66663833
22.66667733	14.66668533	2.4999975	60.16663983
56.5	13.3333	23.1667	7
0	100	0	0
0.1667	0.5	0	99.3333
0	0	0	100
0	0	0	100
17.5	0	0	82.5
8.8333	11.6667	10.1667	69.3333
15.5000155	32.83333283	28.33332833	23.33332333
17.5	30.5	13.5	38.5
14.1667	20.5	9.8333	55.5
10	18.1667	9	62.8333
15.33331533	14.5000145	10.83331083	59.33335933
15.5	19.3333	12.6667	52.5
17.6667	15.6667	9.3333	57.3333
