>kznf__ZKSCAN3_Imbeault2017_RP_RCADE
0.91836655	0.10204095	98.87755155	0.10204095
7.448982831	0.1020410388	92.34693509	0.1020410388
0.1020409163	0.1020409163	66.63264536	33.16327281
5.408161622	85.81632574	7.448982235	1.326530398
0.1020410184	13.57140244	0.1020410184	86.22451552
99.69387707	0.1020409765	0.1020409765	0.1020409765
13.97960405	0.1020410296	76.83672228	9.081632634
0.1020409765	99.69387707	0.1020409765	0.1020409765
2.142859979	85.81629914	0.102040999	11.93879988
>kznf__ZNF254_Imbeault2017_RP_RCADE
90.77727095	3.770298794	4.930388422	0.5220418329
2.610209217	88.45707346	1.450119565	7.482597755
4.234340847	3.770300754	6.786541357	85.20881704
5.62645	1.45012	91.2413	1.68213
7.482597007	3.538278585	84.51276619	4.466358213
0.5220417703	94.48955842	0.5220417703	4.466358035
1.682128654	66.8793465	1.914148469	29.52437638
0.7540596079	3.074248401	0.5220417285	95.64965026
99.59396793	0.2900229066	0.05800458132	0.05800458132
0.058004592	0.058004592	99.82598622	0.058004592
0.2900230696	96.57772318	0.2900230696	2.842230682
0.290023123	97.96984154	0.05800462459	1.682130713
0.05800458132	0.2900229066	0.05800458132	99.59396793
1.450119724	96.11368174	0.9860788126	1.450119724
0.05800461206	90.31321879	0.05800461206	9.570771991
1.450119811	96.11368751	0.2900229623	2.146169721
99.12993014	0.05800461763	0.2900230882	0.5220421587
1.218099664	0.05800458399	98.43387283	0.29002292
1.914149426	94.48957165	1.682129495	1.914149426
1.2181	96.3457	1.2181	1.2181
1.682129966	1.682129966	0.5220419896	96.11369808
87.29698254	2.378189524	7.714618457	2.610209478
1.914149234	84.97676601	2.378189049	10.73089571
90.31322709	2.610210783	4.930391479	2.146170644
1.450120145	3.306260331	5.162410516	90.08120901
0.7540602262	95.41762863	1.450120435	2.378190713
2.146170021	3.074250031	0.9860790099	93.79350094
1.218100122	3.306260331	2.842230284	92.63340926
1.682129495	4.69837859	1.450119565	92.16937235
1.450120145	88.92110889	3.306260331	6.322510632
1.450119855	6.786539321	1.914149809	89.84919102
1.914150383	87.76101755	2.610210522	7.714621543
2.378189524	87.29698254	1.45011971	8.874708225
