>jaspar__MA1758.1
662	67	236	35
11	0	987	2
987	0	13	0
939	4	26	30
124	200	588	89
210	421	204	165
124	33	11	833
39	0	11	950
2	965	33	0
48	85	13	855
852	39	108	0
2	7	980	11
978	7	7	9
774	30	87	108
191	191	423	195
>transfac_public__M00165
31	14	4	1
0	0	50	0
48	2	0	0
43	1	5	1
23	1	14	12
12	14	1	23
1	5	1	43
0	0	2	48
0	50	0	0
1	4	14	31
31	14	4	1
0	0	50	0
48	2	0	0
43	1	5	1
23	1	14	12
>cisbp__M06936
70	5.5	20.5	4
0	0.5	99.5	0
98.5	0	0.5	1
96.5	0.5	1.5	1.5
12	15.5	63	9.5
19	51	17	13
11	2.5	1	85.5
1.5	1	2	95.5
0	98.5	1.5	0
2.5	13	4.5	80
81.5	1.5	17	0
0	0	100	0
98	0	0	2
92	0	3.5	4.5
23	14.5	49.5	13
>cisbp__M06937
44	11	33	12
22	8	61	9
74	3	12	11
81	6	4	9
19	18	49	14
31	53	0	16
17	9	9	65
1	4	6	89
0	93	0	7
0	8	5	87
93	2	5	0
0	2	98	0
88	2	9	1
85	8	6	1
22	24	42	12
>cisbp__M06942
54.66664533	10.16668983	27.999972	7.166692833
0.1666998333	0.1666998333	99.16660083	0.4999995
96.6667	0.3333	1.3333	1.6667
84.8333	1	2.6667	11.5
12.16668783	25.66667433	48.4999515	13.66668633
26.5000265	31.83333183	21.83332183	19.83331983
11.66668833	5.666694333	2.166697833	80.4999195
3.6667	1.3333	2.6667	92.3333
0.6667	95.3333	4	0
2.5	16.8333	7.6667	73
68.5	7.5	22.6667	1.3333
0	0.8333	99.1667	0
93.66660633	2.166697833	0.999999	3.166696833
70	5.6667	9.8333	14.5
23.1667	20.1667	40.3333	16.3333
>cisbp__M07247
58	7	30.8333	4.1667
0.5	0.6667	98.8333	0
96.83339683	0.5000005	0.3333003333	2.333302333
92.1667	0.8333	1.6667	5.3333
7.5	23.8333	55	13.6667
28.8333	33.6667	18.8333	18.6667
9.8333	4.1667	1.1667	84.8333
1.3333	0	0.6667	98
0.3333	98.5	0.5	0.6667
0	14.16668583	4.666695333	81.16661883
77.8333	3.6667	18.3333	0.1667
0.1667	1	98.8333	0
96	0.6667	0.8333	2.5
70	5.6667	11	13.3333
24.8333	18.6667	37.8333	18.6667
>cisbp__M07252
55.3512	7.6923	32.9431	4.0134
0	0	100	0
98.9967	0.1672	0.1672	0.6689
94.3144	0	0.6689	5.0167
6.689	21.7391	59.8662	11.7057
25.9197	36.2876	20.0669	17.7258
9.866209866	3.678903679	1.672201672	84.78268478
1.3378	0	0.3344	98.3278
0	99.4983	0.5017	0
0	14.0468	3.3445	82.6087
77.9264	3.1773	18.7291	0.1672
0	0.5017	99.4983	0
97.9933	0.5017	0.3344	1.1706
69.2308	4.3478	13.2107	13.2107
25.08362508	19.06351906	37.62543763	18.22741823
>cisbp__M07324
60.3361	7.0588	24.7059	7.8992
3.697496303	1.176498824	93.44530655	1.680698319
94.4538	1.0084	2.521	2.0168
91.0924	0.6723	2.1849	6.0504
10.2521	19.4958	55.6303	14.6218
24.36972437	40.5042405	21.51262151	13.61341361
14.11761412	3.361303361	1.512601513	81.00848101
3.6975	0.5042	1.6807	94.1176
1.344501345	94.45389445	1.848701849	2.352902353
5.042	14.1176	7.395	73.4454
76.3025	3.8655	17.6471	2.1849
1.3445	1.5126	95.4622	1.6807
91.2605	2.521	2.1849	4.0336
72.43692756	4.705895294	10.42018958	12.43698756
22.85712286	21.84872185	39.32773933	15.96641597
