>cisbp__M01271
20.95263928	19.53611138	9.996795769	49.51445357
47.01383025	14.59153869	28.51532948	9.879301583
32.06468534	22.14817897	7.012927838	38.77420785
2.11260357	1.444728055	0.09905511238	96.34361326
99.97690773	0.005221029044	0.005655873243	0.01221536416
11.44754052	3.346031127	3.119818744	82.08660961
63.22449931	6.663813203	10.87745038	19.23423711
21.65758554	14.2300477	47.24542218	16.86694458
19.35038197	28.58014252	34.56052585	17.50894966
>cisbp__M01274
24.08529625	31.86797351	24.3273575	19.71937274
22.0422872	22.94185	11.50708294	43.50877986
42.57805828	18.38139583	28.54092599	10.4996199
34.47347218	25.28446324	6.111609177	34.1304554
0.09906839489	0.1477926782	0.4621134708	99.29102546
99.63237689	0.1368988677	0.21256386	0.01816038297
13.01628375	4.740777587	1.90827782	80.33466084
61.17502742	7.416735923	10.21379296	21.1944437
24.03400351	16.2723873	42.92565391	16.76795527
21.7449389	29.35259729	31.79728904	17.10517477
