>cisbp__M01595
31.74109615	22.75296795	22.75296795	22.75296795
42.99484076	21.85547407	22.3742208	12.77546437
7.223718596	78.32884421	7.223718596	7.223718596
2.680685223	2.680685223	91.95794433	2.680685223
2.680685223	2.680685223	91.95794433	2.680685223
89.84809086	0.01804759684	10.11581394	0.01804759684
71.76278921	0.01804759684	18.60235917	9.616804021
90.90296974	0.01804759684	0.01804759684	9.060935067
11.72014519	2.265079646	12.91563015	73.09914501
63.27225033	12.24258322	12.24258322	12.24258322
46.617013	17.794329	17.794329	17.794329
32.98791288	22.33736237	22.33736237	22.33736237
22.33736237	22.33736237	32.98791288	22.33736237
