>elemento__AGGAGGA
100	0	0	0
0	0	100	0
0	0	100	0
100	0	0	0
0	0	100	0
0	0	100	0
100	0	0	0
>elemento__AGGAGGAG
100	0	0	0
0	0	100	0
0	0	100	0
100	0	0	0
0	0	100	0
0	0	100	0
100	0	0	0
0	0	100	0
>elemento__TCCTCCTC
0	0	0	100
0	100	0	0
0	100	0	0
0	0	0	100
0	100	0	0
0	100	0	0
0	0	0	100
0	100	0	0
>homer__SMCAGTCWGAKGGAGGAGGC_ZSCAN22
9.2	35.1	37	18.7
30.23023023	41.94194194	14.31431431	13.51351351
18.28171828	39.46053946	21.87812188	20.37962038
57.4	3.2	21.5	17.9
16.7	3.2	78.5	1.6
17.5	21.1	8	53.4
1.6	90.8	2.8	4.8
41.8	3.6	4	50.6
6.3	0.4	93.2	0.1
97.9	0.8	1.2	0.1
7.192807193	1.598401598	49.35064935	41.85814186
6.6	0.1	93.2	0.1
3.6	0.4	95.6	0.4
56.1	10.8	14.8	18.3
18.2	0.1	81.6	0.1
0.3	0.1	99.5	0.1
90.8	2.4	3.6	3.2
2.8	0.1	96.7	0.4
11.9	1.2	85.3	1.6
10.3	66.2	12	11.5
