>hocomoco__ZN563_HUMAN.H11MO.0.C
120	64	221	94
47	52	317	83
82	81	235	101
139	134	125	101
11	41	73	374
3	444	4	48
175	243	11	70
50	90	76	283
79	156	136	128
177	69	149	104
55	314	85	45
132	149	16	202
89	13	313	84
17	59	341	82
16	395	84	4
358	97	4	40
134	62	269	34
9	447	9	34
93	85	50	271
27	90	333	49
77	201	33	188
>transfac_public__M00171
0	6	3	2
2	7	1	1
0	0	11	0
1	8	0	2
0	5	2	4
0	0	11	0
1	7	0	3
1	4	1	5
0	0	11	0
1	6	0	4
2	5	2	2
0	0	11	0
2	9	0	0
2	6	2	1
0	2	6	3
4	3	4	0
>stark__BMGYBGYYGYNGMVBV
0	33.33333333	33.33333333	33.33333333
50	50	0	0
0	0	100	0
0	50	0	50
0	33.33333333	33.33333333	33.33333333
0	0	100	0
0	50	0	50
0	50	0	50
0	0	100	0
0	50	0	50
25	25	25	25
0	0	100	0
50	50	0	0
33.33333333	33.33333333	33.33333333	0
0	33.33333333	33.33333333	33.33333333
33.33333333	33.33333333	33.33333333	0
>kznf__ZNF12_Imbeault2017_OM_RCADE
11.2963	47.5926	29.0741	12.037
38.7037	20.1852	15.7407	25.3704
0.9259256574	0.9259256574	97.96296375	0.1851849315
4.629629537	83.88889161	8.333329167	3.148149685
14.2593	12.7778	23.1481	49.8148
0.185184963	0.185184963	96.4814807	3.14814937
5.37037188	92.03703221	2.407410843	0.1851850648
22.4074	18.7037	15	43.8889
22.40740448	9.814811963	62.40741248	5.370371074
23.88887611	31.2962687	17.96298204	26.85187315
53.51851606	0.1851850556	46.11111383	0.1851850556
77.22223475	1.66667075	20.92590942	0.1851850833
2.40741012	54.25930271	43.14810216	0.1851850093
50.5555818	6.1111078	42.40738473	0.9259256667
52.7778	13.5185	22.4074	11.2963
42.40740636	15.74070236	41.66670625	0.1851850278
26.85187315	20.92587907	26.85187315	25.37037463
37.96299013	20.92589456	40.18518955	0.9259257593
>kznf__ZNF12_Imbeault2017_RP_RCADE
34.3385	10.9922	40.9533	13.716
14.8833	10.9922	64.2996	9.8249
17.9961	17.9961	37.4514	26.5564
13.32681333	41.34244134	16.82881683	28.5019285
31.61476839	28.89107111	21.88717811	17.60698239
27.33462733	26.55642656	35.89493589	10.21401021
15.2724	30.4475	43.2879	10.9922
17.9961	18.7743	33.9494	29.2802
14.8833	20.7198	32.7821	31.6148
17.607	43.2879	21.8872	17.2179
34.72763473	12.54861255	17.21791722	35.50583551
1.264590553	0.09727634251	97.37354255	1.264590553
9.435800944	79.47470795	6.712060671	4.377430438
8.657599523	13.32681466	13.32681466	64.68877116
1.653699339	1.653699339	91.53696339	5.155637938
8.657591212	87.64591227	2.821010395	0.8754861226
27.72370832	7.490272247	9.435802831	55.35021661
24.61090738	3.59922108	65.85601976	5.93385178
25.77817422	13.71598628	16.05058395	44.45525554
53.40466673	0.8754854546	45.62257158	0.0972762394
96.20622636	0.09727632665	3.599220986	0.09727632665
3.59921928	61.96498761	32.78209344	1.653699669
56.12841684	3.59922108	34.72761042	5.544751663
69.35799306	4.766539523	18.38519816	7.490269251
52.23735299	15.6614859	30.83657225	1.264588862
33.9494	21.1089	22.6654	22.2763
49.9027	10.6031	29.6693	9.8249
>kznf__ZNF44_Imbeault2017_RP_RCADE
15.8815	24.696	42.3252	17.0973
17.4012	41.1094	29.5593	11.9301
12.23401223	28.64742865	23.17632318	35.94223594
7.066871413	4.939210988	84.27051685	3.723400745
12.84191284	45.36474536	17.70521771	24.08812409
2.811548594	10.41029479	15.27359236	71.50456425
31.99087191	25.91187725	42.02126311	0.07598773328
4.939207036	33.20668008	2.811548313	59.04256457
2.203651322	1.291790775	29.25531755	67.24924035
0.07598782599	0.3799391299	99.16413391	0.3799391299
0.3799389445	99.46808548	0.07598778891	0.07598778891
21.9605	18.0091	11.0182	49.0122
0.07598782781	0.07598782781	99.77203652	0.07598782781
1.291790517	56.30702252	6.458972584	35.94221438
18.00911261	9.802436862	38.67782707	33.51062346
16.7932916	15.88149206	63.90576805	3.41944829
35.9422	14.6657	36.2462	13.1459
2.811551406	1.595740798	90.34954517	5.243162622
>kznf__ZNF93_Imbeault2017_OM_RCADE
10.32608967	47.59315241	29.27017073	12.81058719
19.0216981	47.59319524	7.841609216	25.54349745
20.8851	20.5745	22.4379	36.1025
9.083854542	13.74220687	56.5994283	20.57451029
3.804349239	80.82298384	8.462728307	6.909938618
46.97205637	19.02172283	6.599387919	27.40683289
17.15840343	9.704971941	69.0217138	4.114910823
5.667701134	77.71741554	11.56830231	5.046581009
49.45648022	30.20188792	6.909937236	13.43169463
36.413	12.8106	36.1025	14.6739
8.462735924	22.74841592	44.48763114	24.30121701
10.0155	26.4752	48.8354	14.6739
18.4006	22.7484	39.2081	19.6429
10.32609484	67.77946611	9.083845458	12.81059359
16.84781011	4.114912469	8.462735078	70.57454234
5.357138393	1.319879604	90.76087277	2.562109231
10.32609796	88.27638252	0.07763978463	1.319879739
6.909938618	14.05279719	1.319879736	77.71738446
13.74220415	0.07763982345	77.71742347	8.462732556
12.50000128	83.61800853	0.07763980792	3.804350388
3.493789651	33.30749667	1.009319899	62.18939378
26.7857	12.5	37.3447	23.3696
6.909939309	52.87269471	8.152169185	32.06519679
9.704971941	75.23291505	7.220501444	7.841611568
