>jaspar__MA1041.1
980	1	16	3
48	946	2	4
2	989	2	6
227	49	23	701
979	1	16	4
267	730	1	2
2	958	1	39
118	54	756	72
>jaspar__MA1717.1
1757	2113	4416	554
1762	2212	2273	6529
6529	6	0	0
26	6529	0	69
71	4347	77	2182
206	229	96	6529
6529	35	42	22
39	6529	10	124
135	6529	555	154
680	559	4783	1746
1852	3503	1428	3026
>jaspar__MA1762.1
243	251	161	345
99	313	116	472
75	455	32	438
17	708	19	256
997	0	2	2
9	991	0	0
0	1000	0	0
350	3	0	646
1000	0	0	0
333	663	3	0
14	824	2	161
456	166	51	326
354	236	56	354
328	214	109	349
>jaspar__MA1766.1
70	440	77	413
135	368	61	436
102	609	11	278
996	0	0	4
130	870	0	0
0	1000	0	0
242	40	0	718
1000	0	0	0
128	865	5	2
2	806	0	193
545	117	23	315
420	247	58	275
305	336	96	263
315	228	102	356
292	210	98	399
>jaspar__MA1770.1
42	350	127	481
17	308	38	637
25	430	0	544
996	0	4	0
8	992	0	0
0	996	4	0
405	0	0	595
996	4	0	0
401	591	0	8
34	578	0	388
371	148	89	392
241	228	63	468
245	262	97	397
>jaspar__MA1776.1
100	377	119	404
82	481	199	239
7	549	0	444
1000	0	0	0
92	905	0	3
0	1000	0	0
324	42	0	634
1000	0	0	0
598	401	0	2
12	888	0	100
446	117	245	192
222	339	80	359
254	275	102	369
362	227	142	269
250	307	155	287
292	295	129	284
297	259	160	284
249	332	139	280
319	225	134	322
287	254	199	260
272	304	150	274
>jaspar__MA1779.1
130	508	97	265
109	811	5	76
1000	0	0	0
232	759	9	0
0	993	0	7
849	14	7	130
823	125	52	0
184	801	14	0
291	489	17	203
314	253	191	241
187	558	66	189
>jaspar__MA2007.1
116	151	97	216
89	192	43	256
57	441	25	57
564	1	7	8
32	532	3	13
7	563	3	7
473	12	3	92
571	7	1	1
454	106	8	12
23	525	5	27
227	133	42	178
178	155	60	187
224	115	85	156
>jaspar__MA2024.1
18	32	19	50
15	53	8	43
1	108	2	8
115	1	1	2
6	111	1	1
1	116	0	2
32	4	2	81
117	0	1	1
11	107	0	1
1	108	3	7
69	15	14	21
28	65	4	22
33	45	9	32
>jaspar__MA2025.1
112	157	72	192
113	196	60	164
111	107	32	283
516	4	8	5
12	511	4	6
7	519	0	7
400	11	17	105
516	2	2	13
483	32	7	11
6	492	3	32
126	245	36	126
161	135	78	159
205	119	75	134
217	115	68	133
>jaspar__MA2041.1
348	300	168	332
324	265	214	345
349	320	157	322
215	472	147	314
140	581	70	357
60	914	36	138
1107	5	11	25
107	1022	8	11
10	1117	6	15
905	46	17	180
1106	11	22	9
90	1034	5	19
35	1016	16	81
728	191	95	134
390	360	106	292
375	313	153	307
>jaspar__MA2042.1
563	303	205	480
406	402	311	432
335	590	202	424
294	310	165	782
163	861	98	429
35	1368	14	134
1500	8	21	22
163	1361	12	15
9	1520	7	15
1374	21	23	133
1440	59	30	22
209	1291	11	40
91	1185	35	240
466	688	138	259
355	798	105	293
529	352	213	457
498	411	234	408
>hocomoco__ZN784_HUMAN.H11MO.0.D
64	37	99	56
94	88	45	29
13	13	223	7
8	5	239	4
1	4	16	235
213	5	31	7
30	5	216	5
9	1	244	2
13	9	23	211
113	46	61	36
51	93	73	39
>nitta__YL-1_TACCAA40NTTA_KK_NGTGTTCGGTGN_m1_c4
157	140	190	192
165	89	679	145
13	61	76	679
6	1	679	29
42	16	99	679
64	0	166	679
150	679	108	107
42	11	679	16
18	30	679	87
31	20	74	679
146	99	679	156
109	127	202	240
>taipale_cyt_meth__ZNF784_STACYTACCKY_FL_meth
356	544	711	124
344	587	408	1256
1256	17	17	0
31	1256	5	20
16	886	10	370
54	95	14	1256
1256	59	32	0
14	1256	0	45
25	1256	34	55
264	309	708	547
336	610	239	646
>cisbp__M00876
99.94122257	0.01959247649	0.01959247649	0.01959247649
20.69262578	72.38111647	1.740179187	5.186078567
15.39052891	78.42865929	6.165436654	0.01537515375
59.07026045	9.100545124	3.043609933	28.78558449
93.8976378	1.529376136	3.043609933	1.529376136
28.78558449	60.58449425	10.61477892	0.01514233798
14.52288846	70.93810445	3.239845261	11.29916183
49.97729337	9.105358765	27.27066303	13.64668483
>cisbp__M06999
13.61341361	31.09243109	11.5966116	43.6975437
7.226907227	43.86554387	5.042005042	43.86554387
0.3361	78.4874	1.1765	20
99.3277	0.6723	0	0
8.2353	91.7647	0	0
0	100	0	0
55.7983	1.0084	0	43.1933
100	0	0	0
20	79.8319	0	0.1681
0	83.8655	0	16.1345
46.72265328	26.38657361	11.42858857	15.46218454
28.9076	32.1008	7.0588	31.9328
29.7479	27.7311	11.0924	31.4286
31.09243109	23.36132336	15.7983158	29.74792975
25.5462	32.9412	11.7647	29.7479
>cisbp__M07000
12.2449	34.1837	13.0952	40.4762
9.0136	48.4694	3.5714	38.9456
0.8503008503	77.55107755	0	21.5986216
100	0	0	0
5.2721	94.5578	0.1701	0
0	100	0	0
57.6531	0.5102	0	41.8367
99.8299	0	0	0.1701
21.2585	78.7415	0	0
0	86.0544	0	13.9456
50.5102	25.6803	9.0136	14.7959
27.38097262	33.33326667	6.632693367	32.65306735
35.7143	24.6599	12.0748	27.551
30.61223061	24.31972432	16.83671684	28.23132823
28.2313	27.551	14.4558	29.7619
30.61223061	31.29253129	10.54421054	27.55102755
31.12243112	26.36052636	13.94561395	28.57142857
25.85032585	29.59182959	13.60541361	30.95243095
>cisbp__M07002
15.4622	35.4622	8.2353	40.8403
16.8067	41.5126	12.7731	28.9076
0	60.3361	0	39.6639
99.66380034	0.1680998319	0	0.1680998319
34.1176	65.8824	0	0
0	100	0	0
37.8151	22.1849	0	40
99.1597	0	0.8403	0
19.6639	80.3361	0	0
1.176498824	86.38651361	0	12.43698756
47.8991521	9.411790588	21.00837899	21.68067832
25.3782	39.6639	12.605	22.3529
31.09243109	35.29413529	9.075609076	24.53782454
31.7647	25.7143	15.7983	26.7227
25.3782	38.8235	9.7479	26.0504
>cisbp__M07005
24.1667	20	31.8333	24
19.1667	24.5	23.3333	33
9.6667	24.5	8.5	57.3333
12.5	36.5	7.3333	43.6667
0.1667	71.3333	0.6667	27.8333
99.66660033	0.1666998333	0.1666998333	0
11.8333	88.1667	0	0
0	99.8333	0	0.1667
68.8333	0.1667	0.3333	30.6667
99.8333	0	0.1667	0
30.6667	69	0	0.3333
0.6667	75.3333	0	24
40	29.8333	8	22.1667
23.66667633	40.16665983	4.4999955	31.66666833
30.66666933	28.16667183	10.999989	30.16666983
>cisbp__M07006
34.3333	19	12.1667	34.5
24.1667	20.8333	31.5	23.5
18.1667	29.3333	21.6667	30.8333
11.1667	29.6667	8.8333	50.3333
15	38.3333	6.6667	40
1.1667	73.8333	0.5	24.5
100	0	0	0
10.3333	89.6667	0	0
0	99.8333	0	0.1667
70.3333	0.1667	0.1667	29.3333
100	0	0	0
28.6667	71	0	0.3333
0.6667	77	0	22.3333
37.6667	32.6667	8.3333	21.3333
25.1667	43.3333	3	28.5
31.3333	28.1667	12.1667	28.3333
34.66666533	21.16667883	14.16668583	29.99997
26.1667	31	15.5	27.3333
34.16666583	25.4999745	15.16668483	25.16667483
30.1667	25.3333	14.6667	29.8333
26	31	12	31
>cisbp__M07020
29.8658	18.9597	6.7114	44.4631
28.6913	12.2483	29.1946	29.8658
13.5906	17.6174	41.2752	27.5168
7.2148	26.3423	12.4161	54.0268
12.2483	26.6779	8.2215	52.8523
6.0403	59.8993	8.0537	26.0067
98.48999849	0	0.8389008389	0.6711006711
26.6779	70.302	0.8389	2.1812
0	100	0	0
39.09396091	9.06039094	0.5033994966	51.34224866
99.6644	0	0.1678	0.1678
41.443	58.557	0	0
5.7047	60.4027	0	33.8926
35.23486477	20.97317903	4.697995302	39.09396091
25.8389	33.0537	4.1946	36.9128
35.2349	29.698	4.0268	31.0403
38.08723809	25.67112567	11.57721158	24.66442466
34.8993	34.8993	6.0403	24.1611
31.3758	40.9396	9.396	18.2886
37.5839	24.8322	11.4094	26.1745
40.1007	28.6913	7.8859	23.3221
>cisbp__M07039
20.91062091	39.7976398	12.98481298	26.30692631
31.36593137	23.27152327	18.54971855	26.81282681
32.0405	28.1619	15.5143	24.2833
24.45192445	34.4013344	8.431708432	32.71503272
30.5228	21.7538	14.5025	33.2209
29.3423	26.6442	16.3575	27.656
20.2361	38.7858	12.4789	28.4992
16.02021602	33.38953339	10.11801012	40.47224047
7.2513	47.0489	3.5413	42.1585
0	80.43848044	0.5059005059	19.05561906
99.3255	0.6745	0	0
7.5885	92.0742	0.3373	0
0	100	0	0
66.94776695	0.6745006745	1.517701518	30.86003086
99.3255	0	0.6745	0
15.5143	83.1366	0	1.3491
1.3491	76.2226	0	22.4283
34.0641	46.543	7.4199	11.973
17.3693	67.285	1.1804	14.1653
32.2091	34.0641	10.4553	23.2715
32.5464	27.3187	15.0084	25.1265
>cisbp__M07067
16.6107	44.7987	13.4228	25.1678
0.8389	76.5101	0.8389	21.8121
100	0	0	0
24.4966	75.1678	0.3356	0
0	99.8322	0	0.1678
68.2886	3.1879	0.3356	28.1879
98.8255	0.1678	1.0067	0
32.7181	67.2819	0	0
6.7114	78.8591	0	14.4295
38.92616107	11.57718842	21.81207819	27.68457232
16.9463	38.9262	14.7651	29.3624
32.88586711	22.98657701	10.73828926	33.38926661
37.7517	19.9664	15.1007	27.1812
21.14092114	39.76513977	16.61071661	22.48322248
35.57046443	24.16107584	16.10738389	24.16107584
>cisbp__M07081
10.5982894	36.41026359	8.376091624	44.61535538
7.35040735	41.88034188	6.324806325	44.44444444
0.5128	69.0598	2.0513	28.3761
99.6581	0	0.3419	0
1.1966	98.4615	0.3419	0
0	100	0	0
29.7436	0	0.1709	70.0855
99.8291	0	0	0.1709
28.8889	69.9145	0	1.1966
2.3932	77.7778	0.1709	19.6581
42.05125795	28.88887111	3.247896752	25.81197419
34.35903436	36.75213675	3.58970359	25.2991253
36.2393	24.6154	10.0855	29.0598
35.3846	25.1282	12.1368	27.3504
28.2051	26.3248	13.5043	31.9658
36.06843607	28.71792872	9.914509915	25.2991253
>cisbp__M07115
17.6573	29.5455	14.8601	37.9371
11.18881119	35.66433566	9.090909091	44.05594406
4.72029528	41.43355857	2.797197203	51.04894895
100	0	0	0
3.6713	96.3287	0	0
0	100	0	0
51.74824825	0	0.3496996503	47.9020521
99.6503	0	0.3497	0
49.4755	45.2797	1.7483	3.4965
18.53148147	47.2027528	1.748298252	32.51746748
32.6923	14.5105	5.7692	47.028
34.2657	19.4056	10.4895	35.8392
34.79023479	14.86011486	16.08391608	34.26573427
35.83916416	10.48948951	15.73428427	37.93706206
29.021	11.1888	23.4266	36.3636
>cisbp__M07143
6.4298	38.0711	7.6142	47.8849
10.15228985	37.9018621	9.137090863	42.80875719
4.399304399	51.26905127	1.184401184	43.14724315
100	0	0	0
14.89	84.9408	0	0.1692
0	100	0	0
7.9526	0.1692	0.5076	91.3706
100	0	0	0
56.8528	43.1472	0	0
2.1996978	48.39255161	1.015198985	48.39255161
16.5821	4.3993	0.3384	78.6802
24.5347	11.1675	2.7073	61.5905
15.736	17.7665	14.3824	52.1151
21.48897851	20.13537986	13.02878697	45.34685465
20.13537986	25.21147479	16.07448393	38.57866142
