>jaspar__MA0001.2
22	29	34	10
16	9	29	41
25	8	4	58
27	16	13	39
0	92	0	3
0	79	0	16
82	1	2	10
40	4	3	48
56	0	1	38
35	0	0	60
65	1	4	25
25	4	3	63
64	0	28	3
0	0	92	3
33	14	15	33
52	5	7	31
45	23	13	14
21	24	26	24
>jaspar__MA0005.2
21	20	6	19
9	3	3	51
10	0	1	55
29	8	8	21
0	66	0	0
0	65	0	1
31	3	6	26
47	2	0	17
52	0	1	13
25	0	1	40
17	15	11	23
19	8	20	19
7	0	57	2
2	0	54	10
22	17	5	22
45	4	5	12
40	6	9	11
15	10	16	25
>jaspar__MA0082.1
11	14	1	4
0	22	0	8
24	0	4	2
16	2	1	11
23	0	0	7
17	0	0	13
24	1	0	5
8	0	1	21
14	1	15	0
1	1	28	0
14	5	1	10
25	5	0	0
21	2	3	4
7	5	8	10
>jaspar__MA0548.2
133	218	137	111
48	33	5	513
16	5	3	575
84	8	21	486
0	596	0	3
0	435	0	164
200	80	50	269
88	85	53	373
162	0	4	433
7	8	0	584
89	45	31	434
138	42	168	251
125	1	473	0
0	0	585	14
325	50	28	196
543	13	5	38
475	7	29	88
113	175	185	126
157	77	50	315
>jaspar__MA0554.1
288	123	99	378
172	264	113	339
65	27	34	762
62	0	51	775
117	47	89	635
20	855	13	0
0	617	9	262
459	37	56	336
137	78	0	673
130	6	0	752
22	8	0	858
98	24	0	766
90	71	86	641
181	10	683	14
17	23	665	183
>jaspar__MA0555.1
28	24	21	19
28	11	8	45
28	1	10	53
33	16	11	32
7	85	0	0
3	79	1	9
58	16	7	11
67	5	8	12
86	0	0	6
77	1	2	12
78	8	3	3
34	10	14	34
16	0	74	2
0	0	92	0
71	10	0	11
84	2	2	4
77	7	2	6
34	8	39	11
50	16	5	21
38	21	3	30
>jaspar__MA0556.1
92	36	20	143
84	33	39	135
48	241	0	2
0	232	1	58
185	61	11	34
217	22	11	41
283	0	0	8
240	1	0	50
156	10	104	21
95	0	30	166
98	2	191	0
7	0	284	0
183	56	5	47
231	18	9	33
243	9	19	20
>jaspar__MA0558.1
121	44	45	65
90	61	63	61
95	37	21	122
82	26	36	131
78	25	66	106
54	193	12	16
9	185	4	77
135	70	37	33
198	10	38	29
261	0	3	11
233	3	3	36
193	3	18	61
78	11	15	171
141	0	134	0
0	0	275	0
217	21	6	31
268	3	4	0
257	1	15	2
62	43	148	22
109	47	17	102
103	50	29	93
>jaspar__MA0559.1
156	335	48	19
57	394	44	63
357	79	67	55
448	12	83	15
551	1	4	2
498	0	12	48
301	8	244	5
312	14	69	163
231	0	327	0
7	6	545	0
446	54	7	51
495	7	24	32
456	26	60	16
256	58	199	45
>jaspar__MA0563.1
24	37	29	60
19	111	5	15
1	97	1	51
77	0	0	73
12	28	5	105
19	0	5	126
0	0	0	150
9	0	24	117
11	3	22	114
9	0	138	3
0	7	114	29
>jaspar__MA0584.1
14	15	7	15
14	6	10	21
11	4	6	30
19	7	9	16
0	51	0	0
0	46	0	5
39	5	1	6
20	2	4	25
37	0	0	14
25	0	0	26
28	4	4	15
4	6	3	38
26	0	25	0
0	0	51	0
23	11	3	14
40	3	0	8
33	5	5	8
6	8	17	20
>jaspar__MA0585.1
21	11	15	18
12	6	9	38
4	1	9	51
21	5	22	17
0	65	0	0
1	63	1	0
30	6	7	22
31	4	8	22
42	1	1	21
26	3	2	34
14	14	9	28
15	8	28	14
7	0	56	2
4	0	56	5
26	6	5	28
48	10	4	3
39	9	8	9
18	15	19	13
>jaspar__MA0940.1
734	799	32	57
84	941	39	558
1323	46	35	218
1134	19	152	317
1551	10	15	46
1277	15	24	306
1191	23	252	156
682	21	257	662
653	12	930	27
133	60	1354	75
1146	153	170	153
1279	122	168	53
1257	22	162	181
>jaspar__MA1012.1
25	78	25	14
1	4	0	137
0	0	0	142
14	0	1	127
0	142	0	0
0	55	0	87
108	0	1	33
32	2	0	108
9	0	0	133
2	0	0	140
15	21	2	104
17	15	42	68
33	0	109	0
11	2	92	37
>jaspar__MA1199.1
35	19	4	360
11	0	3	404
100	11	28	279
0	418	0	0
0	357	0	61
123	83	23	189
66	77	40	235
131	0	0	287
0	4	4	410
44	59	23	292
109	35	135	139
62	0	356	0
0	0	393	25
210	44	12	152
358	15	8	37
>jaspar__MA1203.1
91	6	39	461
94	33	194	276
8	579	0	10
10	544	0	43
444	35	81	37
457	9	33	98
542	0	0	55
456	1	1	139
412	28	27	130
102	100	24	371
64	0	522	11
4	0	591	2
282	235	20	60
546	13	2	36
473	10	28	86
>jaspar__MA1204.1
59	3	0	157
9	0	2	208
123	2	25	69
2	217	0	0
0	161	0	58
141	36	7	35
169	2	7	41
219	0	0	0
174	0	0	45
174	8	6	31
81	12	15	111
74	0	145	0
0	0	217	2
120	15	5	79
209	3	0	7
191	0	4	24
126	14	41	38
90	19	20	90
>jaspar__MA1205.1
83	8	5	386
72	1	8	401
200	8	67	207
11	465	5	1
1	394	0	87
253	92	39	98
347	8	42	85
467	0	2	13
422	0	0	60
385	18	23	56
206	49	34	193
128	0	353	1
0	0	482	0
295	71	13	103
441	4	3	34
432	4	9	37
247	61	113	61
256	27	46	153
237	41	26	178
>transfac_public__M00393
18	11	6	7
8	5	8	21
5	5	3	29
14	9	6	13
2	40	0	0
0	36	0	6
34	1	0	7
18	2	3	19
28	0	0	14
19	0	0	23
28	1	1	12
3	3	0	36
29	0	11	2
0	0	40	2
12	9	2	19
25	2	6	9
23	6	7	6
9	8	10	15
>scertf__morozov.MCM1
7	12	1	78
7	1	6	84
14	8	9	67
1	96	0	0
0	98	0	1
16	18	16	48
80	4	10	4
87	2	5	5
40	4	2	52
29	34	14	21
35	6	42	15
1	0	98	0
1	1	93	3
69	8	6	15
79	10	2	7
88	0	4	6
>cisbp__M06984
16.3511	2.7539	21.6867	59.2083
30.9811	3.9587	25.4733	39.5869
6.7126	91.3941	0	1.8933
0	92.9432	0	7.0568
30.80896919	38.38206162	21.17037883	9.638590361
72.11707212	1.376901377	16.17901618	10.32701033
93.9759	0	2.2375	3.7866
72.4613	0	0	27.5387
73.6661	11.1876	5.6799	9.4664
29.2599	21.1704	25.1291	24.4406
3.6145	0	96.3855	0
0	0	100	0
53.35624664	16.6953833	0.8605991394	29.08777091
90.3614	4.6472	0	4.9914
86.91918692	2.40960241	5.163505164	5.507705508
>cisbp__M06985
5.2101	93.9496	0	0.8403
0	91.9328	0	8.0672
38.9916	36.6387	12.605	11.7647
76.63862336	1.680698319	9.747890252	11.93278807
94.2857	0	0.3361	5.3782
72.9412	0	0	27.0588
76.9748	8.5714	5.3782	9.0756
36.3025	16.1345	23.8655	23.6975
7.2269	0	92.7731	0
0	0	100	0
63.86556387	12.60501261	0.1681001681	23.36132336
93.1092	3.1933	0	3.6975
91.26059126	0.8403008403	3.361303361	4.537804538
27.0588	15.2941	38.4874	19.1597
35.12606487	8.403391597	10.08398992	46.38655361
>cisbp__M06988
49.5238	11.4286	11.4286	27.619
42.8571	8.5714	31.4286	17.1429
61.9047381	8.571391429	12.38098762	17.14288286
21.9047781	40.95235905	20.95237905	16.19048381
8.5714	3.8095	0.9524	86.6667
2.8571	1.9048	0.9524	94.2857
31.42856857	1.904798095	6.666693333	59.99994
0	99.0476	0	0.9524
0	86.6667	0	13.3333
34.2857	32.381	5.7143	27.619
62.8571	6.6667	14.2857	16.1905
98.0952	0	0.9524	0.9524
69.5238	0	0	30.4762
63.8095	4.7619	12.381	19.0476
52.38094762	1.904798095	21.9047781	23.80947619
11.4286	0	88.5714	0
0	0	100	0
85.71421429	5.714294286	1.904798095	6.666693333
100	0	0	0
95.23800476	1.904798095	0.9523990476	1.904798095
6.6667	22.8571	56.1905	14.2857
>cisbp__M06989
26.9406	1.3699	0	71.6895
4.1096	0	0.9132	94.9772
56.16445616	0.9132009132	11.41551142	31.50683151
0.9132	99.0868	0	0
0	73.516	0	26.484
64.3836	16.4384	3.1963	15.9817
77.16897717	0.9132009132	3.196303196	18.72151872
100	0	0	0
79.4521	0	0	20.5479
79.45202055	3.652996347	2.73969726	14.15528584
36.9863	5.4795	6.8493	50.6849
33.79	0	66.21	0
0	0	99.0868	0.9132
54.7945	6.8493	2.2831	36.0731
95.4338	1.3699	0	3.1963
87.2146	0	1.8265	10.9589
57.5342	6.3927	18.7215	17.3516
41.0959	8.6758	9.1324	41.0959
>cisbp__M06990
13.91301391	11.73911174	10.43481043	63.91306391
17.82608217	8.695691304	8.695691304	64.78253522
22.1739	6.9565	18.6957	52.1739
20.8696	66.9565	7.3913	4.7826
9.13040913	61.3043613	0	29.56522957
44.34784435	21.73912174	13.91301391	20.00002
50.8696	9.5652	15.2174	24.3478
70.8696	1.3043	5.2174	22.6087
56.9565	2.6087	3.4783	36.9565
66.087	4.3478	5.6522	23.913
45.6522	1.3043	6.087	46.9565
8.6957	0	91.3043	0
0	0	100	0
96.9565	0	0	3.0435
100	0	0	0
94.7826	0	3.4783	1.7391
5.6522	20.8696	63.913	9.5652
30	8.2609	7.8261	53.913
>cisbp__M06991
20.1754	4.6053	13.8158	61.4035
11.1842	81.5789	1.0965	6.1404
2.6316	70.8333	0.8772	25.6579
57.2368	16.0088	8.5526	18.2018
69.95616996	4.386004386	6.578906579	19.07891908
93.64030636	0.4385995614	0.8771991228	5.043894956
71.71057171	6.35960636	1.315801316	20.61402061
76.53502346	6.14039386	6.14039386	11.18418882
41.0088	3.2895	8.114	47.5877
18.8596	2.4123	76.3158	2.4123
1.0965	0	97.5877	1.3158
90.3509	3.2895	0	6.3596
96.4912	0.8772	0	2.6316
93.8596	1.5351	2.4123	2.193
11.6228	21.4912	54.1667	12.7193
>cisbp__M06993
48.6301	11.9863	14.5548	24.8288
22.26027774	34.24656575	27.3972726	16.0958839
15.7534	6.8493	2.0548	75.3425
8.2192	1.1986	4.1096	86.4726
30.137	6.3356	10.6164	52.911
4.6233	94.5205	0.8562	0
0	78.9384	0.1712	20.8904
40.23974024	29.79452979	6.849306849	23.11642312
70.0342	5.8219	9.2466	14.8973
96.91789692	0.1712001712	1.712301712	1.198601199
69.863	0.1712	0.5137	29.4521
58.9041	8.2192	15.5822	17.2945
41.95205805	9.76029024	14.55478545	33.73286627
26.8836	0	73.1164	0
0	0	99.8288	0.1712
78.2534	4.6233	1.8836	15.2397
96.9178	0.3425	0	2.7397
84.07538408	1.027401027	6.506806507	8.39040839
15.9247	23.8014	40.2397	20.0342
33.2192	14.0411	7.8767	44.863
37.5	13.0137	10.9589	38.5274
