>jaspar__MA0288.1
7	10	3	79
0	0	100	0
84	0	9	7
1	99	0	0
91	0	9	0
0	64	9	27
75	15	0	10
40	0	0	60
39	13	3	45
>yetfasco__YPL177C_2121
38.96332405	8.436949374	16.98992964	35.60979693
49.03032491	5.432714856	4.583390382	40.95356985
18.33139451	6.163317186	12.78937997	62.71590833
19.36444754	14.63533461	63.6525116	2.347706241
6.703449318	18.58997055	2.276461395	72.43011874
1.364064997	0.8440607654	93.73477108	4.057103153
14.7993537	14.3619667	3.172701747	67.66597786
0.1283699757	98.21522567	0.5869364372	1.069467917
62.70096883	10.57377521	11.56955292	15.15570304
30.10027474	19.97605486	13.52492527	36.39874512
>cisbp__M00059
4.771537363	7.151356497	1.201808663	86.87529748
0.0104123282	4.175343607	95.80383174	0.0104123282
81.22657226	5.216576426	3.134110787	10.42274052
0.0104123282	99.96876302	0.0104123282	0.0104123282
89.55643482	4.175343607	6.257809246	0.0104123282
2.160361135	63.42433362	17.20765262	17.20765262
64.45291952	15.79431878	3.958442925	15.79431878
35.28605016	5.897335423	1.978840125	56.83777429
>cisbp__M00399
14.58073138	16.60495074	10.27486774	58.53945014
4.741572976	2.654798964	88.79842662	3.805201445
79.59036977	0.04358218138	14.39517532	5.970872733
4.14279665	91.04656498	0.1396481938	4.67099018
67.20665196	1.911278196	24.72394557	6.158124276
16.03357592	17.19614135	41.87483367	24.89544906
20.01856452	28.98156879	30.16432905	20.83553764
20.41463393	26.21290884	19.03447851	34.33797872
>cisbp__M00407
29.5463726	17.39114175	20.40869391	32.65379174
8.372604337	8.206815663	5.556480963	77.86409904
0.3120229046	3.405260078	96.09346556	0.1892514582
87.34968423	0.07576789861	5.754139	6.820408872
1.959112595	93.92453234	0.7207172467	3.395637817
85.1816132	1.202960502	10.53586976	3.079556532
15.03974583	12.31350243	54.09254729	18.55420445
14.70195249	35.44493294	34.39737686	15.45573771
18.78650334	23.64469329	14.48536319	43.08344017
>cisbp__M00437
27.97141318	18.74979897	22.67318686	30.60560098
13.33836709	13.60781998	8.940974845	64.11283808
2.820855544	3.148859184	90.65310804	3.377177236
78.71500869	0.396862203	10.23521111	10.652918
4.266066927	89.18316672	0.4969292132	6.053837136
75.81564866	1.931515096	17.25849901	4.994337239
17.49306136	15.20773695	46.14572428	21.15347741
17.4360063	32.41228104	33.39938195	16.75233071
19.67006917	25.51070451	16.76172727	38.05749904
>cisbp__M00488
27.78417044	20.37821524	23.20728992	28.6303244
10.05528121	11.68257003	6.876418776	71.38572999
0.7498792449	1.540576824	95.789867	1.919676933
86.08402466	1.156414015	6.85736907	5.902192256
2.107577972	93.27381426	0.8918470832	3.726760685
81.49254786	0.9053004328	13.74275229	3.859399415
16.99053033	13.9106697	48.553008	20.54579197
16.01307428	33.22841991	34.58449745	16.17400836
19.15258309	25.34135366	16.1583605	39.34770276
>cisbp__M00500
29.27268826	19.62206974	22.12382186	28.98142014
27.41904339	20.11041392	20.93113548	31.5394072
7.850081305	5.587454905	2.58706464	83.97539915
1.718455125	0.07290673225	97.65351999	0.5551181553
93.45099095	0.3974989998	2.528021898	3.623488147
2.466747191	93.96293119	1.002904566	2.567417054
81.40225503	0.4314528591	15.63329564	2.532996467
16.46244762	14.45560003	47.5167312	21.56522115
20.17502634	32.27992499	26.96245977	20.58258891
22.38795501	23.77234883	19.07775681	34.76193935
>cisbp__M00521
28.8497615	19.53292935	23.62018696	27.99712219
26.26879882	21.72322313	20.87144336	31.13653468
10.36571976	7.756290448	3.737826097	78.14016369
1.053820644	0.1868259711	98.73329922	0.0260541626
90.77370486	0.393910974	5.802968808	3.029415359
4.086708585	91.62827459	0.3976193651	3.887397456
78.91368903	0.2614152113	17.08762832	3.737267434
13.18449388	14.14047755	52.40706616	20.26796241
19.14902265	30.94624533	30.94624533	18.95848669
19.0908851	24.51318169	18.71286024	37.68307297
>cisbp__M00781
36.69308388	17.86044136	23.63168242	21.81479234
23.32861899	28.21012313	29.36140009	19.09985779
24.07475004	46.11616665	13.34529082	16.46379249
3.873653813	18.06900788	1.793552338	76.26378597
5.990731918	0.9325929958	89.14048373	3.936191355
5.242348582	8.472025351	0.07705541824	86.20857065
4.617068396	91.81355611	2.88567822	0.6836972732
74.30864323	5.860455167	7.910787024	11.92011458
31.22013193	21.56481693	21.13780495	26.0772462
28.57180806	23.15985749	20.54095092	27.72738352
>cisbp__M01239
34.57050622	17.16720533	21.6066448	26.65564364
40.42498779	12.29814089	17.62728708	29.64958425
13.28271445	15.74406587	10.24165804	60.73156164
11.97163592	3.328561335	53.1192921	31.58051065
82.75330878	0.02486893114	6.46151622	10.76030607
1.116570143	92.78283114	0.7336388615	5.366959859
79.44862341	5.078980573	7.426915021	8.045480995
23.06992389	16.42048717	7.602900151	52.90668879
19.23848342	25.96923629	36.12237999	18.66990031
23.20188594	22.29212698	20.57822681	33.92776026
>cisbp__M01254
29.38966713	18.55321621	21.77240091	30.28471575
22.34873555	17.58013805	31.08637886	28.98474754
13.94159239	9.824474112	5.077792556	71.15614094
2.565799995	2.892931417	92.96939179	1.5718768
96.37858674	0.02543279106	0.005507106386	3.590473358
2.079450283	92.9538907	0.1014797074	4.865179308
54.26930815	10.63296244	25.37993344	9.717795964
9.169644072	9.448901308	49.69470911	31.68674551
12.33049948	38.17099087	32.85407631	16.64443333
22.21669438	20.92289483	15.97210887	40.88830192
>cisbp__M01553
35.89974989	14.3067339	19.5061603	30.28735591
14.84784316	11.91567324	10.56825412	62.66822949
0.8996817651	0.1205471674	98.9174661	0.06230496433
67.80559225	3.409769432	14.53623755	14.24840076
3.631143959	94.58961937	1.172980258	0.6062564116
72.98352693	2.034466776	18.36109011	6.62091619
2.128004159	63.76372949	14.51502799	19.59323837
62.50862881	13.13531768	6.267042849	18.08901067
41.22575294	4.707058228	5.202103864	48.86508496
35.4273214	17.07274468	8.7362699	38.76366402
>cisbp__M02051
26.03032161	21.74235224	24.02901538	28.19831077
26.26595312	18.88321708	29.61477944	25.23605036
13.30116508	18.5014967	13.16881628	55.02852193
3.627148821	3.348280368	87.22115376	5.803417052
97.43887756	0.02373570762	0.004840318698	2.532546416
3.210113435	88.7928629	0.02206652059	7.974957141
46.33706156	17.21777201	24.1900673	12.25509914
9.810323473	15.5402782	45.76113942	28.88825891
12.66867741	33.41926736	34.43703558	19.47501965
21.53026002	22.86161695	16.76778337	38.84033966
>cisbp__M02134
27.8438802	23.02575106	18.66431106	30.46605768
40.27370449	7.13989994	11.08617418	41.50022139
9.388325689	18.90576627	7.024942074	64.68096596
11.68658435	1.730553929	63.97174791	22.61111381
86.86080285	0.9178758574	2.596869992	9.624451298
2.154470335	91.61040971	2.822279548	3.412840408
92.29422643	0.02340001978	3.994752352	3.687621196
29.93293349	10.90214249	3.521754592	55.64316943
16.4244557	19.08249505	54.5311133	9.961935951
24.8950664	22.75237755	17.0247752	35.32778085
>cisbp__M02161
14.55805544	13.30506086	5.574175861	66.56270784
3.285520956	2.05345805	89.07914329	5.581877702
97.37910926	0.008384350933	1.519850089	1.0926563
1.071767085	94.56701785	0.01498521498	4.346229846
58.32422139	4.162090486	28.9629512	8.55073692
24.670663	28.37801725	16.20978067	30.74153909
13.05922922	25.77732176	43.35816793	17.80528109
20.86720855	27.33530138	19.07119264	32.72629744
>cisbp__M02168
24.96776153	21.92407732	23.51375229	29.59440886
17.12178633	14.73685806	7.173198909	60.9681567
6.371151982	3.712777683	80.7841108	9.131959539
98.01408485	0.06112167023	1.906198971	0.01859451178
3.842970866	87.90403693	0.03565898007	8.217333219
52.89188671	6.674204072	29.31941595	11.11449327
24.92039153	28.09766299	17.73759512	29.24435037
15.48718102	24.7793997	40.04535356	19.68806571
21.38223235	26.91167785	20.75029188	30.95579791
>cisbp__M07369
23.32212332	25.83892584	27.34902735	23.48992349
29.5302	18.6242	22.4832	29.3624
36.2416	13.0872	26.6779	23.9933
39.4295	15.4362	23.1544	21.9799
38.255	19.6309	15.7718	26.3423
25.1678	19.6309	12.4161	42.7852
17.7852	12.5839	42.1141	27.5168
0.5033994966	18.62418138	0	80.87241913
0.3356	0.1678	99.4966	0
0.3355996644	0	0.3355996644	99.32880067
0.1678	99.8322	0	0
99.8322	0	0	0.1678
0	0	99.8322	0.1678
80.3691	0.1678	8.0537	11.4094
>cisbp__M08576
7.462692537	10.44778955	2.985097015	79.1044209
0	0	100	0
83.5821	0	8.9552	7.4627
1.4925	98.5075	0	0
91.0448	0	8.9552	0
0	64.1791	8.9552	26.8657
74.62682537	14.92538507	0	10.44778955
40.2985	0	0	59.7015
38.806	13.4328	2.9851	44.7761
