>jaspar__MA0097.1
1	0	31	1
17	0	16	0
0	0	0	33
0	0	33	0
33	0	0	0
0	33	0	0
0	0	33	0
0	0	0	33
0	1	32	0
1	0	22	10
11	20	1	1
1	32	0	0
>jaspar__MA0638.1
79	78	107	50
32	78	75	284
20	0	390	129
92	207	2	20
7	241	16	7
305	0	0	1
0	245	0	0
3	0	447	2
1	1	0	376
10	245	8	4
300	2	12	6
7	115	28	161
65	210	35	59
119	50	98	43
>jaspar__MA0839.1
247	143	181	100
38	159	29	671
20	3	671	18
61	671	0	2
3	671	0	5
671	0	3	0
0	671	3	0
21	3	671	0
7	0	3	671
121	671	40	10
671	33	72	39
60	186	125	300
76	671	64	79
671	65	167	127
>jaspar__MA0844.1
4396	558	801	2467
3270	1017	2413	1780
1104	1191	2669	3999
974	367	9168	2321
3699	3809	59	247
167	7169	222	442
7840	17	276	118
9	7356	2	10
52	0	11353	10
0	16	8	9107
380	7264	47	35
8004	48	173	92
230	2273	3157	6389
989	6313	1217	1250
>jaspar__MA1334.1
73	79	105	334
16	14	418	143
142	428	0	21
0	572	19	0
591	0	0	0
0	588	2	1
3	2	586	0
0	0	0	591
43	534	14	0
571	0	19	1
2	46	373	170
67	501	3	20
344	60	38	149
191	96	72	232
169	182	68	172
>jaspar__MA1337.1
156	66	161	145
210	51	103	164
143	37	65	283
32	5	423	68
153	320	54	1
3	24	1	500
0	0	479	49
528	0	0	0
0	520	0	8
4	1	523	0
2	1	0	525
0	0	528	0
0	0	425	103
124	397	1	6
328	79	71	50
>jaspar__MA1339.1
0	0	19	9
3	25	0	0
0	28	0	0
28	0	0	0
0	27	0	1
0	0	28	0
0	0	0	28
0	27	1	0
27	0	0	1
0	0	24	4
3	25	0	0
18	3	1	6
>jaspar__MA1340.1
176	69	182	147
199	95	109	171
150	55	57	312
27	10	439	98
169	307	75	23
38	56	1	479
0	70	452	52
574	0	0	0
0	566	3	5
3	8	561	2
0	0	0	574
0	0	574	0
0	3	459	112
129	431	2	12
314	78	113	69
>jaspar__MA1341.1
178	67	185	168
241	73	105	179
152	37	63	346
20	1	503	74
159	387	50	2
0	26	0	572
0	14	529	55
598	0	0	0
0	595	1	2
1	2	595	0
0	0	0	598
0	22	576	0
24	0	450	124
138	430	14	16
348	100	81	69
>jaspar__MA1345.1
7	4	328	114
84	369	0	0
0	452	0	1
453	0	0	0
1	449	0	3
4	1	448	0
0	1	0	452
36	417	0	0
433	0	16	4
5	24	319	105
53	384	3	13
279	34	33	107
130	77	72	174
122	145	46	140
>jaspar__MA1350.1
13	3	0	51
1	0	64	2
9	55	3	0
0	0	0	67
0	0	65	2
67	0	0	0
0	67	0	0
1	0	66	0
1	0	0	66
0	0	67	0
0	0	58	9
18	49	0	0
>jaspar__MA1417.1
306	374	1046	312
129	391	151	1367
29	9	1895	105
56	1959	12	11
3	2016	17	2
2021	3	12	2
18	1485	7	528
354	103	1571	10
4	13	2	2019
19	1991	28	0
1961	11	62	4
37	282	412	1307
124	1672	97	145
>jaspar__MA1466.1
87	234	114	723
148	234	1158	277
743	192	415	4
0	2	0	1158
3	3	1158	4
1158	1	11	2
0	1158	0	1
2	0	1158	0
0	3	0	1158
25	0	1158	15
7	1	1158	196
30	1158	0	12
1158	56	274	57
240	301	346	271
>jaspar__MA1743.1
318	106	296	279
392	111	180	317
265	57	101	577
26	2	789	183
219	604	152	24
75	77	0	848
0	127	803	70
1000	0	0	0
0	991	0	9
2	3	995	0
0	0	0	1000
0	0	1000	0
0	0	783	217
202	788	2	9
639	111	134	116
>swissregulon__hs__ATF6
3.692307692	3.692307692	11.69230769	0.9230769231
0	4.307692308	6.461538462	9.230769231
0	5.230769231	12	2.769230769
1.846153846	8	9.230769231	0.9230769231
0	0.6153846154	0	19.38461538
0	0.9230769231	19.07692308	0
18.46153846	0.9230769231	0	0.6153846154
0	20	0	0
0	0	20	0
0	0	0	20
0	1.846153846	18.15384615	0
1.846153846	0	18.15384615	0
>swissregulon__hs__CREB3L1
21	13	20	12
2	9	1	65
0	0	65	0
1	65	0	0
0	65	0	0
65	0	0	0
0	65	0	0
0	0	65	0
0	0	0	65
4	65	1	0
65	2	5	2
3	24	12	27
3	65	1	3
65	5	6	2
>swissregulon__mm__Atf6
3.934618	5.865916	3.866418	480.890333
0.990939	11.722549	481.843797	0
494.557285	0	0	0
0	487.72926	3.900341	2.927684
0.971548	2.898728	489.717246	0.969763
0.965901	6.813236	0	486.778148
1.951002	18.664083	460.210166	13.732034
40.427901	0.986458	449.240693	3.902233
>swissregulon__mm__Creb3l1
3463	2229	3137	2584
627	2591	406	11413
72	10	11413	65
688	11413	18	12
27	11413	21	18
11413	32	0	9
2	11413	9	0
111	1	11413	1
25	21	32	11413
1861	11413	362	124
11413	467	1291	405
649	2926	2627	5210
880	11413	663	865
11413	1091	2666	1449
>flyfactorsurvey__Atf6_SANGER_5_FBgn0033010
0	0	6	0
1	4	1	0
0	0	0	6
0	0	6	0
5	1	0	0
0	6	0	0
0	0	5	1
0	0	0	6
0	0	6	0
1	0	4	1
2	4	0	0
6	0	0	0
>flyfactorsurvey__CrebA_SANGER_5_FBgn0004396
1	3	3	13
0	0	20	0
1	13	0	6
0	14	6	0
20	0	0	0
0	20	0	0
0	0	20	0
0	0	0	20
8	6	6	0
11	0	4	5
3	6	5	6
1	14	2	2
>hocomoco__ATF6A_HUMAN.H11MO.0.B
4	4	11	1
1	4	6	9
0	5	12	3
2	8	9	1
0	1	0	19
0	1	19	0
18	1	0	1
0	20	0	0
0	0	20	0
0	0	0	20
0	2	18	0
2	0	18	0
>hocomoco__CR3L2_HUMAN.H11MO.0.D
133	183	124	779
106	102	882	129
525	226	257	211
160	99	30	930
5	265	884	65
1210	2	3	4
3	1206	6	4
0	2	1215	2
3	5	5	1206
6	11	1197	5
164	154	717	184
165	729	160	165
660	175	216	168
>hocomoco__CREB3_HUMAN.H11MO.0.D
11	19	23	40
13	13	54	13
45	1	47	0
1	0	0	92
0	1	92	0
93	0	0	0
0	93	0	0
0	0	93	0
0	0	0	93
2	9	81	1
9	1	67	16
21	64	2	6
48	12	19	14
>taipale__Creb3l2_DBD_TGCCACGTCATCA
35	354	53	3038
5	0	3854	25
98	3181	10	4
0	3299	1	8
2857	3	1	0
2	3322	1	4
17	2	3736	0
0	1	1	3333
26	3383	13	3
2988	5	27	10
18	714	382	2358
33	3426	34	45
2804	59	284	73
>nitta__CG3136_TTAGCC20NCGA_KH_NTGYCACGTCAYCAN_m1_c4
406	228	331	504
146	331	67	1469
24	8	1469	19
624	1464	2	5
7	1469	98	17
1469	1	0	0
0	1469	0	0
0	3	1469	1
0	2	4	1469
25	1469	2	0
1469	1	6	0
20	581	237	889
98	1469	120	136
1469	275	424	252
246	541	174	508
>nitta__CrebA_TCAACC20NCAA_KG_TGCCACGTCATCA_m2_c2
1493	3375	2447	13388
707	222	17200	1460
2769	16383	62	500
235	17077	522	236
16930	121	102	19
46	17092	10	27
217	52	17343	50
27	38	43	15853
862	17418	528	58
16845	262	889	422
829	6738	4354	11709
1228	17119	515	998
14127	2323	3263	1702
>taipale_cyt_meth__ATF6B_TGCCACGTCAYN_eDBD
1982	8224	1656	21938
365	94	21938	524
4407	21938	36	54
217	21938	6	245
21938	135	3	0
16	21938	21	26
31	73	21938	25
4	56	136	21938
287	21938	113	29
21938	137	248	30
417	13028	2722	8910
4153	11544	3308	2932
>taipale_cyt_meth__ATF6B_TGCCACGTCAYN_eDBD_meth_repr
126	1078	117	1413
35	22	1413	31
237	1413	10	13
18	1413	25	18
1413	5	1	0
18	1413	0	74
169	369	1413	12
0	20	14	1413
18	1413	11	10
1413	0	51	5
55	765	151	648
247	819	180	166
>taipale_cyt_meth__ATF6_NGRTGACGTGGCAN_eDBD_meth
23	101	36	254
60	77	414	86
270	55	144	5
1	5	3	414
0	0	414	0
414	1	3	2
1	414	11	5
7	1	414	0
3	0	1	414
4	7	414	4
0	0	414	71
8	414	0	7
414	11	187	14
86	79	132	118
>taipale_cyt_meth__CREB3L1_TGCCACGTCAYN_FL
730	2549	291	3797
113	13	3797	4
320	3797	16	5
18	3797	0	0
3797	11	0	0
0	3797	0	0
0	0	3797	0
54	0	1	3797
744	3797	616	274
3797	490	992	213
564	2497	652	1300
720	1921	728	428
>taipale_cyt_meth__CREB3L1_TGCCACGTCAYN_eDBD
725	2731	391	6564
149	14	6564	118
359	6564	95	30
52	6564	11	6
6564	65	38	0
0	6564	0	19
103	0	6564	0
71	196	13	6564
981	6564	978	478
6564	549	1210	334
677	4026	1352	2538
1096	3800	969	700
>taipale_cyt_meth__CREB3L1_TGCCACRTCAYN_FL_meth
358	3826	112	6036
5	10	6036	28
166	6036	48	0
0	6036	0	1
6036	0	2	8
68	6036	0	120
3114	310	2922	0
30	10	0	6036
172	6036	62	16
6036	139	1037	50
405	2734	1611	3301
618	4456	511	451
>taipale_cyt_meth__CREB3L1_TGCCACRTCAYN_eDBD_meth
463	2275	249	3432
105	46	3432	77
390	3432	73	61
47	3432	26	67
3432	0	35	5
59	3432	12	141
1088	263	2344	9
115	141	24	3432
480	3432	418	167
3432	323	1047	210
450	1751	835	1682
655	1814	540	423
>taipale_cyt_meth__CREB3L4_YGCCACRTCAYN_eDBD_meth
1520	7098	1485	6105
1104	257	13204	4376
1812	13204	80	233
262	13204	58	145
13204	28	282	51
74	13204	22	469
4173	1452	9031	3
57	182	18	13204
315	13204	147	67
13204	521	682	111
363	8824	1652	4379
2017	8257	1420	1510
>taipale_cyt_meth__CREB3_NGCCACGTCAYN_FL
582	1281	655	1442
1128	414	3961	1857
1644	3961	98	191
440	3961	161	334
3961	0	137	2
0	3961	0	44
122	30	3961	5
22	81	10	3961
263	3961	145	64
3961	228	347	79
189	2604	494	1357
709	1896	715	641
>taipale_cyt_meth__CREB3_NGCCACRTCAYN_FL_meth
457	3051	558	2558
550	157	6625	2935
1323	6625	26	67
121	6625	106	83
6625	0	79	8
12	6625	0	105
2029	367	4596	1
0	23	0	6625
56	6625	16	15
6625	69	229	24
99	3942	468	2683
961	4216	625	823
>taipale_cyt_meth__XBP1_NKMCACGTCAYN_FL
785	1517	1703	1483
1442	1252	3840	1649
2728	2761	242	204
558	5488	263	1289
5488	33	794	224
11	5488	0	0
99	56	5488	0
87	102	0	5488
867	5488	242	328
5488	156	671	175
485	3072	1355	2417
931	2279	1432	847
>taipale_cyt_meth__XBP1_NKMCACRTCAYN_FL_meth
523	2097	1062	1418
771	398	4081	1019
2034	3066	255	157
394	5100	249	500
5100	31	1002	447
58	5100	13	20
2391	905	2709	20
54	203	90	5100
226	5100	94	195
5100	152	797	0
238	2570	809	2530
565	2845	1189	501
>transfac_public__M00356
0	0	18	0
14	0	4	0
0	0	0	18
0	0	18	0
18	0	0	0
0	18	0	0
0	0	18	0
0	0	0	18
0	0	18	0
0	0	17	1
0	18	0	0
10	8	0	0
>transfac_public__M00358
1	0	21	0
10	0	12	0
0	0	0	22
0	0	22	0
22	0	0	0
0	22	0	0
0	0	22	0
0	0	0	22
0	0	22	0
0	0	22	0
4	18	0	0
1	21	0	0
>transfac_public__M00483
0	0	0	20
0	0	20	0
20	0	0	0
0	20	0	0
0	0	20	0
0	0	0	20
0	2	18	0
2	0	18	0
>cisbp__M01164
7.168330956	14.30099857	0.03566333809	78.49500713
0.02774694784	16.67591565	61.07103219	22.22530522
99.92507493	0.02497502498	0.02497502498	0.02497502498
0.02497502498	99.92507493	0.02497502498	0.02497502498
0.02628811777	0.02628811777	97.29232387	2.655099895
0.03026634383	3.056900726	0.03026634383	96.88256659
7.433431953	7.433431953	85.09615385	0.03698224852
9.119782214	0.04537205082	54.49183303	36.3430127
>cisbp__M04010
8.229939998	7.179904404	79.42387878	5.166276823
67.53479028	11.29704038	20.31556252	0.8526068209
0.4754854507	0.8456238255	0.4014577758	98.27743295
0.3216074681	0.2732240437	98.09027778	1.31489071
99.73169465	0	0.1240551613	0.1442501875
0.1614158476	99.57916583	0.01441212925	0.2450061972
0.2795550176	0	99.65992276	0.0605222203
6.631517592	4.988872404	1.120707927	87.25890208
2.208552382	2.839954474	92.68603328	2.265459867
2.895656515	1.264769512	59.93509735	35.90447662
15.44742672	75.44433569	3.119365308	5.988872289
47.00699139	25.61969145	18.09383486	9.27948229
>cisbp__M04014
14.18234443	9.98552822	67.29377713	8.538350217
31.29161119	6.258322237	60.85219707	1.597869507
1.566579634	1.566579634	6.527415144	90.33942559
0.8064516129	5.376344086	93.01075269	0.8064516129
92.0212766	0	6.25	1.728723404
1.367989056	91.10807114	3.967168263	3.556771546
0.1436781609	0.4310344828	99.42528736	0
1.049868766	3.149606299	4.98687664	90.81364829
4.155844156	2.207792208	89.87012987	3.766233766
3.437164339	2.792696026	74.32867884	19.44146079
14.70588235	63.60294118	8.547794118	13.14338235
39.88439306	22.25433526	26.87861272	10.98265896
>cisbp__M04018
11.13776559	10.75222755	68.45442084	9.655586018
52.07601405	7.497604599	38.72564676	1.70073459
1.686393632	2.66052163	2.93285849	92.72022625
0.8565310493	1.199143469	95.09635974	2.847965739
98.56210596	0.2433359142	0.5972790621	0.5972790621
0.1411049604	96.02735265	3.212851406	0.6186909801
0.2566964286	0.2232142857	99.48660714	0.03348214286
0.509751773	0.3435283688	0.5540780142	98.59264184
2.19813925	5.970759636	90.72691954	1.104181577
5.862468611	0.8402549739	82.88584122	10.41143519
4.536410665	87.21647433	3.840031834	4.407083168
66.61185634	5.841627001	21.85201212	5.694504543
>cisbp__M04026
10.12448133	10.62240664	69.87551867	9.377593361
59.71631206	11.20567376	26.5248227	2.553191489
0.3521126761	0.4694835681	0.3521126761	98.82629108
0.2272727273	0	95.68181818	4.090909091
99.40968123	0	0.5903187721	0
0.1127395716	94.92671928	2.254791432	2.705749718
1.056338028	0	98.82629108	0.117370892
1.006711409	1.118568233	3.691275168	94.18344519
3.812636166	2.505446623	91.7211329	1.960784314
1.939058172	0.1846722068	77.74699908	20.12927054
7.210031348	65.98746082	16.30094044	10.5015674
>cisbp__M04029
6.608764659	9.928577727	10.68688828	72.77576933
3.205935881	2.179289748	90.5315227	4.083251668
50.57769394	8.403678378	38.13723178	2.881395897
1.71287972	2.749124633	2.796441753	92.74155389
0.1860191893	1.204229489	97.43489328	1.174858038
99.66508373	0	0.2599350162	0.07498125469
0.1447539183	99.44095038	0.09483877408	0.3194569232
0.1051103659	0.005005255518	99.8198108	0.07007357726
0.1048427359	0.3145282077	0.3095356965	99.27109336
0.1547910321	0.1398112548	99.58056624	0.1248314775
0.2553149703	0.1767565179	96.07207738	3.495851132
2.104291199	96.29683627	0.58317539	1.015697138
73.45261341	5.027019663	18.29617184	3.224195087
>cisbp__M04041
11.39649444	10.17986024	67.813037	10.61060832
48.62348382	7.343097287	42.60657305	1.42684584
2.632739028	3.533992947	2.387833072	91.44543495
0.6227604102	3.294204868	92.9667614	3.116273323
99.15478909	0.1102449012	0.4016064257	0.3333595821
0.119208044	97.32041049	2.122421478	0.4379599876
0.2423220776	0.1290628457	99.57066849	0.05794658379
0.1605220915	0.2710454988	0.2578879503	99.31054446
0.8734643098	0.9253019543	97.72432741	0.4769063294
1.16833168	0.9844948114	86.9475823	10.8995912
3.345052986	92.39130435	1.686144399	2.577498267
69.1382366	5.51395658	20.75985822	4.587948604
>cisbp__M06756
41.0351	12.1996	16.6359	30.1294
26.4325	6.2847	10.3512	56.9316
4.6211	0.5545	81.8854	12.939
29.2052	60.4436	9.9815	0.3697
0	5.7301	0	94.2699
0	1.109098891	90.01840998	8.872491128
100	0	0	0
0	98.1516	0	1.8484
0.5545005545	0.1848001848	99.26069926	0
0.5545	0	0	99.4455
0	0	100	0
0.1848	0	79.6673	20.1479
20.8872	77.8189	0.3697	0.9242
>cisbp__M06761
32.0072	11.7541	30.0181	26.2206
37.43216257	14.64738535	16.81738318	31.1030689
24.5931	6.5099	8.8608	60.0362
3.616603617	0.7233007233	84.08688409	11.57321157
24.9548	69.4394	5.0633	0.5425
0.5425	2.5316	0	96.9259
0	0	93.3092	6.6908
100	0	0	0
0	98.3725	0.1808	1.4467
0.1808001808	0.5425005425	99.0958991	0.1808001808
0.1808	0	0	99.8192
0	0	100	0
0	0	77.396	22.604
26.7631	70.7052	1.085	1.4467
57.1429	13.7432	15.5515	13.5624
>cisbp__M06763
30.9027691	11.80558819	30.55556944	26.73607326
40.45135955	11.97918802	16.84028316	30.72916927
25.86807413	7.118092882	10.24308976	56.77074323
1.0417	0.6944	81.7708	16.4931
22.3958	60.9375	14.0625	2.6042
5.0347	9.5486	0	85.4167
0	11.9792	80.3819	7.6389
100	0	0	0
0	99.13199913	0.3472003472	0.5208005208
0.3472003472	0.6944006944	98.95839896	0
0.3472	0	0	99.6528
0	0	100	0
0	0	78.2986	21.7014
23.61112361	75.34727535	0.3472003472	0.6944006944
61.2847	13.8889	13.5417	11.2847
>cisbp__M06771
34.2282	9.0604	28.3557	28.3557
38.25503826	11.24161124	19.12751913	31.37583138
30.36913037	6.543606544	12.08051208	51.00675101
4.8658	2.0134	66.1074	27.0134
23.9933	42.1141	27.8523	6.0403
11.745	22.4832	0	65.7718
0.3355996644	28.52347148	62.75163725	8.389291611
100	0	0	0
0	99.16100084	0.3355996644	0.5033994966
0	0.5034	99.4966	0
0	0	0	100
0	0	100	0
0	0	85.906	14.094
10.2349	89.2617	0.1678	0.3356
71.9799	6.5436	15.4362	6.0403
>cisbp__M06776
14.9701	3.5928	7.1856	74.2515
1.1976	0	97.006	1.7964
16.1677	79.0419	4.7904	0
0	0.5988	0	99.4012
0.5988	0	94.6108	4.7904
100	0	0	0
0	100	0	0
1.1976	0.5988	97.6048	0.5988
0	0	0	100
0	0	100	0
0	0	80.8383	19.1617
19.1617	80.8383	0	0
61.6766	13.7725	15.5689	8.982
>cisbp__M06779
29.7398	11.1524	28.6245	30.4833
38.1040619	13.01118699	17.84388216	31.04086896
27.5093	7.8067	10.5948	54.0892
6.1338	1.1152	79.9257	12.8253
32.342	59.2937	7.9926	0.3717
0.5576	2.7881	0	96.6543
0	0	89.4052	10.5948
100	0	0	0
0	99.2565	0	0.7435
0.1859	0	99.8141	0
0	0	0	100
0	0	100	0
0	0	73.2342	26.7658
21.56132156	75.09297509	0.5576005576	2.788102788
59.2937	14.3123	13.9405	12.4535
>cisbp__M06781
34.7092	9.7561	26.8293	28.7054
34.33396567	16.13508386	16.13508386	33.3958666
27.39212739	10.31891032	14.63411463	47.65484765
15.0094	4.3152	56.2852	24.3902
29.0807	38.4615	22.5141	9.9437
16.6979	10.6942	1.1257	71.4822
1.1257	20.075	67.3546	11.4447
100	0	0	0
0	100	0	0
1.1257	0	98.8743	0
0.1876	0	0	99.8124
0	0	99.8124	0.1876
0	0	67.7298	32.2702
29.0807	64.3527	1.5009	5.0657
49.3433	13.8837	15.5722	21.2008
>cisbp__M06790
33.8624	9.7002	31.2169	25.2205
32.9806	15.873	22.9277	28.2187
14.4621	16.5785	11.4638	57.4956
7.4074	2.1164	88.1834	2.2928
57.67194233	16.57848342	21.51677848	4.232795767
0.5291005291	5.114605115	0.3527003527	94.003594
0	0	96.4727	3.5273
99.8236	0	0.1764	0
0	98.9418	0	1.0582
0	0.5291	99.4709	0
0	0	0	100
3.351	26.9841	69.1358	0.5291
23.2804	0	55.2028	21.5168
18.3422	64.7266	2.4691	14.4621
33.157	34.3915	14.8148	17.6367
>cisbp__M07825
18.6104	14.3921	55.0868	11.9107
30.5211	1.737	67.7419	0
0	0	0	100
0	47.8908	51.1166	0.9926
100	0	0	0
0	95.7816	1.737	2.4814
5.4591	0	94.5409	0
2.481397519	14.39208561	0	83.12651687
15.6328	28.7841	51.6129	3.9702
55.335	13.3995	22.8288	8.4367
