>flyfactorsurvey__CG7928_SOLEXA_5_FBgn0039740
29	289	38	69
436	0	0	3
0	0	430	9
0	1	437	1
0	0	435	4
206	175	14	44
15	42	6	376
92	14	325	8
32	261	140	6
262	78	71	28
130	104	124	81
234	59	91	55
252	118	41	24
202	86	87	60
>kznf__ZNF324A_Imbeault2017_OM_RCADE
21.32351066	27.2059136	6.617653309	44.85292243
18.38239632	24.26469515	47.79409044	9.558818088
15.4412	24.2647	38.9706	21.3235
56.61757169	18.38239081	6.617646691	18.38239081
50.73530507	9.558820956	36.0294036	3.676470368
6.617653706	0.7352944118	59.55883335	33.08821853
12.49999125	3.676467426	65.44115419	18.38238713
3.676468529	80.14706794	3.676468529	12.499995
88.97058754	0.7352938971	3.676469485	6.617649074
68.38236991	6.617647088	24.26468932	0.7352936765
3.676471544	0.7352943088	94.85293984	0.7352943088
0.7352941324	0.7352941324	97.7941176	0.7352941324
62.49996875	18.38239081	6.617646691	12.49999375
12.4999945	6.617647088	0.7352936765	80.14706474
3.676469485	0.7352938971	88.97058754	6.617649074
0.7352941324	0.7352941324	97.7941176	0.7352941324
3.676472206	36.02942162	3.676472206	56.61763397
0.7352942647	3.676471324	24.26470874	71.32352568
15.44119228	30.14708493	6.617646691	47.7940761
27.20590326	0.7352940882	71.32350856	0.7352940882
77.20585059	3.676467647	0.7352935294	18.38238824
6.617646691	24.26468787	18.38239081	50.73527463
15.44120154	71.32350713	3.676470368	9.558820956
18.38238162	53.67644632	12.4999875	15.44118456
