>homer__AGGVNCCTTTGT_Sox9
56.5	0.2	19.3	24
26.4	2.4	59.3	11.9
31.7	14.6	47.8	5.9
27.4	23.2	36.6	12.8
15	29.9	26.7	28.4
6.093906094	43.85614386	26.67332667	23.37662338
0.1	82.1	1.5	16.3
35.2	12.7	0.1	52
0.1	12.3	9	78.6
0.1	0.1	0.1	99.7
0.6	7.9	90.3	1.2
2.8	0.1	0.6	96.5
>kznf__ZIK1_Imbeault2017_OM_RCADE
31.17282431	6.481485056	62.03704839	0.3086422407
0.3086421111	96.60493478	0.3086421111	2.777781
99.07407424	0.3086419198	0.3086419198	0.3086419198
97.83950587	0.3086420185	1.543210093	0.3086420185
45.9876954	12.65429873	5.246909475	36.11109639
38.58023009	0.3086422407	58.3333455	2.777782167
2.777780778	0.3086420864	89.19752498	7.71605216
0.3086421111	96.60493478	0.3086421111	2.777781
83.02468173	6.481478574	0.3086419321	10.18519776
31.17282431	62.03704839	6.481485056	0.3086422407
36.1111	27.4691	11.4198	25
52.16049478	5.246909475	31.17279688	11.41979886
18.8272	54.6296	10.1852	16.358
24.9999925	8.950617315	60.80248176	5.246908426
65.74069343	5.246909475	13.88889861	15.12349849
>kznf__ZIK1_Imbeault2017_RP_RCADE
67.18234703	6.746844723	18.63431304	7.436495206
29.48731769	8.525445115	20.24951215	41.73772504
24.3874179	0.08620666328	67.9809499	7.545425538
23.51638199	4.913766236	71.48364524	0.08620653397
0.1406729935	98.94279545	0.08620659603	0.8303249618
99.74138025	0.08620658293	0.08620658293	0.08620658293
96.47454669	2.608921263	0.8303254019	0.08620664172
56.6017	11.9192	3.8793	27.5998
45.45829245	0.08620658569	52.82659123	1.62890973
6.166118027	0.8847917169	83.78847319	9.160617069
0.4310329586	92.79039109	0.08620659172	6.692369358
85.74849434	6.674339559	0.08620659431	7.490959506
29.48731179	59.21492369	7.9991832	3.298581319
42.7722	19.324	13.6978	24.206
45.69419543	4.623409538	35.93009641	13.75229862
28.28947171	39.32386068	20.35847964	12.02818797
23.80672381	8.57990858	57.30935731	10.3040103
65.56708689	6.002718799	11.22959775	17.20059656
24.38742439	21.44742145	29.77772978	24.38742439
36.61976338	12.71778728	25.53087447	25.13157487
12.0282	17.382	49.1969	21.3929
>kznf__ZNF782_Imbeault2017_RP_RCADE
21.0226979	31.47729685	7.840909216	39.65909603
83.75	2.84091	8.75	4.65909
65.11360651	5.113640511	25.56820256	4.20455042
34.2045171	8.295454148	44.2045221	13.29550665
22.84091462	21.02271345	0.1136360727	56.02273585
14.20450994	69.65914876	1.022730716	15.11361058
7.386357045	83.29546668	1.477269409	7.840906864
61.47733074	4.204552102	14.2045071	20.11361006
88.75000888	3.29545033	4.659090466	3.29545033
11.93180477	69.20452768	11.47730459	7.386362955
97.38636494	1.022729632	1.477269468	0.1136359591
21.02270841	17.38640695	7.386362955	54.20452168
23.75000238	52.38640524	14.20450142	9.659090966
31.0227	3.75	18.2955	46.9318
38.74998838	7.840907648	51.47728456	1.93181942
18.74999063	1.931819034	73.29546335	6.022726989
33.7500135	7.386362955	55.11362205	3.7500015
3.295448682	66.47727341	20.56819177	9.659086136
20.11361006	51.93182597	3.295451648	24.65911233
15.56818443	35.56816443	18.2954817	30.56816943
2.386360477	42.84090857	1.931820386	52.84091057
5.11363642	71.47724997	6.022725784	17.38638783
1.477271182	11.02270882	3.295452636	84.20456736
5.568181114	70.56821411	3.75000075	20.11360402
80.56818389	8.295448341	9.204548159	1.931819614
47.84089522	17.38639826	26.93179731	7.840909216
59.65907017	4.204547898	32.38638381	3.749998125
31.02273102	14.2045142	46.02274602	8.75000875
36.02273602	29.2045292	22.84092284	11.93181193
10.11361011	56.93185693	8.75000875	24.2045242
