>cisbp__M06563
26.72567327	43.71675628	4.601795398	24.95577504
26.37167363	6.194693805	28.67257133	38.76106124
4.601795398	64.07073593	24.42477558	6.902693097
2.6549	97.1681	0	0.177
0	0	99.823	0.177
0	100	0	0
0	100	0	0
0	0	100	0
1.7699	90.7965	0	7.4336
9.9115	89.7345	0	0.354
65.6637	0.708	23.3628	10.2655
16.10618389	32.38936761	6.548693451	44.95575504
29.02652903	21.76992177	5.486705487	43.71684372
33.6283	10.2655	18.5841	37.5221
15.7522	35.7522	14.1593	34.3363
20.354	39.646	12.9204	27.0796
26.01767398	16.99118301	30.7964692	26.19467381
19.292	37.8761	16.4602	26.3717
22.83187717	35.92916407	18.93808106	22.3008777
22.3009	21.7699	32.0354	23.8938
