>jaspar__MA0482.2
14632	11761	11083	21538
13534	12703	11207	21570
3977	38289	5099	11649
3150	50062	1103	4699
1586	1429	749	55250
1650	1377	808	55179
54420	1703	1245	1646
770	582	539	57123
480	56544	568	1422
7659	1792	1376	48187
11041	16059	15225	16689
15349	14580	8955	20130
>jaspar__MA1104.2
22320	16229	13432	27463
20858	14161	11894	32531
35360	13347	10394	20343
5912	11831	7066	54635
4535	62936	6459	5514
2560	1439	580	74865
5044	1393	615	72392
76686	815	819	1124
1507	852	456	76629
1096	75930	712	1706
13149	3228	1810	61257
18911	19054	18153	23326
22172	17969	11605	27698
>jaspar__MA1186.1
189	152	84	174
199	103	62	235
162	112	63	262
325	65	54	155
330	20	31	218
14	321	31	233
89	428	67	15
18	12	0	569
24	54	0	521
598	0	0	1
0	0	0	599
0	599	0	0
81	279	4	235
243	49	47	260
194	202	24	179
>jaspar__MA1192.1
246	27	25	282
187	65	142	186
218	47	57	258
229	7	313	31
0	0	575	5
580	0	0	0
0	0	0	580
579	0	0	1
578	0	1	1
25	53	443	59
226	36	259	59
156	62	41	321
153	55	65	307
232	53	108	187
188	63	131	198
>jaspar__MA1193.1
30	13	11	10
38	10	8	8
28	10	12	14
32	1	21	10
24	2	18	20
34	1	0	29
17	9	13	25
26	7	0	31
20	0	42	2
0	0	64	0
64	0	0	0
0	0	1	63
62	1	1	0
63	0	0	1
12	3	40	9
18	10	24	12
42	4	3	15
7	3	7	47
26	9	24	5
30	6	18	10
21	0	24	19
>jaspar__MA1398.2
873	194	273	477
328	600	211	678
69	1567	112	69
127	61	18	1611
107	40	41	1629
1751	29	11	26
14	14	9	1780
15	1771	17	14
35	1502	27	253
943	102	335	437
633	377	174	633
>jaspar__MA1681.1
1356	254	290	1250
1153	375	709	913
1274	358	443	1075
2050	135	631	334
11	4	3125	10
3062	44	19	25
20	10	13	3107
3017	21	25	87
3005	27	41	77
90	128	2774	158
913	246	1692	299
743	264	234	1909
958	357	390	1445
1245	392	543	970
>jaspar__MA2031.1
1646	661	672	1196
867	999	645	1664
11	4161	3	0
231	100	94	3750
176	36	29	3934
4053	79	39	4
118	55	127	3875
67	4094	10	4
573	2121	242	1239
1314	709	739	1413
1276	918	524	1457
>hocomoco__GATA1_HUMAN.H11MO.1.A
173	58	152	117
76	221	153	50
350	7	4	139
0	0	499	1
500	0	0	0
3	4	0	493
485	4	3	8
461	2	29	8
70	87	332	11
186	100	170	44
170	108	161	61
>hocomoco__GATA1_MOUSE.H11MO.1.A
149	75	185	91
65	193	173	69
363	8	3	126
0	0	499	1
497	1	0	2
0	5	3	492
489	2	0	9
420	1	69	10
70	93	316	21
179	122	171	28
166	99	168	67
>hocomoco__GATA2_HUMAN.H11MO.1.A
175	58	166	101
82	218	174	26
376	5	3	116
0	1	497	2
489	7	3	1
8	20	24	448
431	25	15	29
385	11	93	11
74	120	284	22
209	87	185	19
209	72	137	82
>hocomoco__GATA3_HUMAN.H11MO.0.A
224	46	127	103
174	152	131	43
389	3	4	104
5	2	493	0
494	2	3	1
73	5	20	402
461	8	21	10
434	1	47	18
165	112	202	21
279	60	128	33
222	40	112	126
>hocomoco__GATA4_HUMAN.H11MO.0.A
184	64	156	96
94	215	142	49
332	4	8	156
2	0	498	0
490	2	4	4
4	11	20	465
481	2	2	15
459	1	35	5
47	91	349	13
285	71	128	16
>hocomoco__GATA6_HUMAN.H11MO.0.A
169	77	166	88
123	204	133	40
364	0	3	133
0	0	500	0
497	0	0	3
5	1	0	494
459	5	4	32
475	2	14	9
18	54	424	4
300	51	132	17
116	72	81	231
261	65	72	102
251	65	98	86
>hocomoco__GATA6_MOUSE.H11MO.0.A
142	82	188	88
68	167	207	58
314	31	9	146
5	1	492	2
492	3	3	2
11	13	23	453
468	3	4	25
437	15	42	6
58	75	344	23
140	105	232	23
>dbtfbs__GATA2_representative_N1
301	18	0	151
0	0	470	0
470	0	0	0
0	0	0	470
412	0	0	58
392	0	56	22
>dbtfbs__GATA3_representative_N1
1	94	27	347
56	22	0	391
469	0	0	0
0	0	0	469
0	469	0	0
128	5	9	327
>transfac_public__M00347
7	6	1	1
2	4	3	6
11	2	0	2
0	0	15	0
15	0	0	0
0	0	0	15
14	1	0	0
15	0	0	0
3	4	7	1
9	1	5	0
>transfac_public__M00349
9	4	2	3
3	6	9	0
12	3	0	3
0	0	18	0
18	0	0	0
0	0	0	18
14	4	0	0
12	0	2	4
2	4	8	4
18	0	0	0
>bergman__srp
9	13	50	28
19	44	0	37
0	0	100	0
100	0	0	0
0	0	0	100
100	0	0	0
97	0	3	0
0	35	56	9
47	9	41	3
19	34	19	28
>stark__KHGATAASR
0	0	50	50
33.33333333	33.33333333	0	33.33333333
0	0	100	0
100	0	0	0
0	0	0	100
100	0	0	0
100	0	0	0
0	50	50	0
50	0	50	0
>homer__NCCTTATCTC_Gata2
15.2	28.6	22.6	33.6
2.097902098	38.56143856	24.37562438	34.96503497
0.1	77.5	17.2	5.2
0.1	0.4	0.1	99.4
0.1	0.1	0.1	99.7
99.7	0.1	0.1	0.1
0.1	0.1	0.1	99.7
0.1	99.7	0.1	0.1
26.6	0.1	2.8	70.5
6.693306693	37.96203796	37.86213786	17.48251748
>homer__YCTTATCTBN_Gata6
3.103103103	35.13513514	21.42142142	40.34034034
2.5	75.4	12.9	9.2
2.6	2.9	1.2	93.3
3.8	1.5	1.1	93.6
95	0.8	1.7	2.5
1.2	1.5	1.2	96.1
2.1	96.3	0.5	1.1
31.4	1.3	5.4	61.9
16.9	28.9	32.9	21.3
23.4	26.6	24.6	25.4
>cisbp__M07075
25.2505	16.4329	26.6533	31.6633
42.28455772	12.82568717	18.43688156	26.45287355
37.6754	8.6172	9.2184	44.489
33.0661	13.2265	26.8537	26.8537
45.09015491	16.83368317	14.22848577	23.84767615
47.0942	6.6132	29.8597	16.4329
0	0	100	0
99.5992	0	0.4008	0
0	0	0	100
99.3988	0	0.6012	0
99.7996	0	0.2004	0
0	1.6032	95.992	2.4048
48.0962481	9.81960982	34.26853427	7.815607816
19.83971984	12.42481242	7.214407214	60.52106052
33.6673	13.0261	11.8236	41.483
45.6914	10.2204	21.4429	22.6453
29.4589	16.8337	23.6473	30.0601
31.2625	15.8317	29.0581	23.8477
>cisbp__M07137
37.56263756	19.86641987	8.681108681	33.88983389
31.7195	20.3673	11.1853	36.7279
46.2437	12.187	10.5175	31.0518
48.41404841	7.512507513	15.35891536	28.71452871
12.6878	47.5793	8.0134	31.7195
22.7044773	50.08344992	9.515890484	17.6961823
1.8364	7.3456	0	90.818
1.836398164	1.001698998	2.504197496	94.65770534
100	0	0	0
0	0	0	100
0	100	0	0
0	87.98	0	12.02
73.6227	0.6678	12.3539	13.3556
35.72616427	21.03507896	4.674495326	38.56426144
50.9182	2.6711	1.5025	44.9082
>cisbp__M07145
28.2137	23.0384	9.8497	38.8982
37.3957	16.6945	12.02	33.8898
33.389	15.5259	9.3489	41.7362
49.4157	10.8514	9.182	30.5509
56.0935	7.1786	10.0167	26.7112
8.013391987	51.25204875	7.679492321	33.05506694
21.36892137	54.75795476	10.68451068	13.18861319
3.005	2.8381	0	94.1569
2.0033	0	0.3339	97.6628
100	0	0	0
0	0	0	100
0	100	0	0
0.1669001669	78.96497896	0.3339003339	20.53422053
68.2805	1.6694	9.015	21.0351
33.7229	17.3623	3.8397	45.0751
50.0835	3.3389	3.3389	43.2387
