>homer__AWWWTGCTGAGTCAT_NFE2L2
46.6	9.1	17.8	26.5
47.4	8.6	9.5	34.5
43.1	8	8.3	40.6
25.2	20.9	14.9	39
9	6.2	5.4	79.4
3.3	4.6	87.3	4.8
11.2	80.3	3.7	4.8
8.4	11.6	1.1	78.9
11.5	6.4	71.9	10.2
88.6	1.6	1.3	8.5
3.9	15.3	78.3	2.5
1.3	1.6	0.9	96.2
1.6	95.5	1.5	1.4
96.9	1	1	1.1
2	22.4	4.8	70.8
