>jaspar__MA0077.1
3	55	9	9
8	38	6	24
71	1	0	4
2	1	2	71
7	0	4	65
2	2	72	0
13	0	4	59
9	7	6	54
14	31	7	24
>jaspar__MA0087.2
31	24	48	21
53	22	34	15
27	32	48	17
104	4	12	4
122	0	1	1
0	120	2	2
120	2	2	0
114	5	4	1
6	3	1	114
20	0	101	3
13	14	90	7
22	36	40	26
37	34	26	27
>jaspar__MA0371.1
0	4	0	4
0	6	0	2
2	4	0	2
7	1	0	0
0	0	0	8
0	0	1	7
0	0	8	0
0	0	0	8
0	0	0	8
0	5	1	2
1	0	1	6
0	5	2	1
>jaspar__MA0868.2
1827	1124	854	724
740	414	1827	571
1827	151	263	222
1827	0	0	45
3	1827	35	70
1827	0	0	16
1827	43	0	36
273	36	20	1827
1356	208	1827	287
300	421	912	193
>swissregulon__hs__SOX5
8	4	3	8
21	0	1	1
22	0	1	0
0	22	0	1
23	0	0	0
22	1	0	0
0	0	0	23
>swissregulon__mm__Sox13
1.517857143	0.8035714286	1.875	0.8035714286
3.214285714	1.071428571	0.7142857143	0
5	0	0	0
0	3.928571429	0	1.071428571
5	0	0	0
5	0	0	0
1.071428571	0	0	3.928571429
1.517857143	0.8035714286	1.875	0.8035714286
>swissregulon__mm__Sox9
94.97709943	19.01316993	19.10456036	26.91088728
49.61781474	6.727391794	88.24838753	15.41212293
134.5202564	8.811621659	5.430175718	11.2436632
154.6314316	0	0.8225138776	4.551771498
0	158.744001	0	1.261715987
155.3980552	0	3.345945853	1.261715987
154.923353	2.175620296	0.8225138776	2.084229865
15.92232522	0	0	144.0833918
49.76509551	2.084229865	101.903702	6.252689595
23.76679244	16.80072944	115.7089375	3.72925762
54.86077209	24.41983799	60.41783832	20.3072686
>swissregulon__sacCer__ROX1
1.97	8.29	0	10
0	16.91	0	2.07
0	10.67	0	8.77
35.36	0	0	3.06
0	0	0	38.42
0	0	0	38.42
0	0	38.42	0
0	0	0	38.42
4.28	5.43	3.69	25.48
5.05	18.44	6.95	9.23
4.66	5.82	8.67	20.33
0	11.02	0	9.02
>flyfactorsurvey__D_NAR_FBgn0000411
20	2	1	11
9	6	11	8
22	3	8	1
34	0	0	0
0	34	0	0
31	3	0	0
30	0	4	0
8	0	0	26
12	0	18	4
5	1	28	0
16	9	8	1
>hocomoco__SOX13_HUMAN.H11MO.0.D
1	2	1	1
4	0	0	1
0	0	0	5
0	0	0	5
1	0	4	0
0	0	0	5
0	1	1	3
1	2	1	1
>hocomoco__SOX5_HUMAN.H11MO.0.C
9	22	11	27
60	0	4	5
0	2	5	62
1	1	0	67
3	2	62	2
1	4	0	64
4	3	1	61
26	11	9	23
>taipale_cyt_meth__SOX30_GAACAATN_eDBD
653	845	1380	807
1380	206	454	164
1380	0	8	55
0	1380	31	111
1380	13	16	0
1380	70	37	7
91	0	8	1380
229	267	633	251
>taipale_cyt_meth__SOX3_NGAACAATGN_FL_meth_repr
1064	881	609	851
1795	1633	3405	2610
3405	1170	1017	763
3405	54	0	129
0	3405	0	0
3405	41	12	0
3405	46	17	57
61	13	0	3405
2170	52	3405	205
585	977	1501	342
>taipale_cyt_meth__SOX8_AGAACAATGN_eDBD_meth
1166	513	506	612
618	545	1166	658
1166	199	258	185
1166	12	6	37
0	1166	9	37
1166	0	4	7
1166	0	5	16
213	0	25	1166
1043	140	1166	227
272	332	434	128
>taipale_cyt_meth__SOX9_MGAACAATRN_eDBD
5769	4468	1632	1866
4232	1708	10237	2560
10237	705	965	480
10237	0	0	97
0	10237	4	113
10237	0	6	0
10237	211	108	189
490	374	48	10237
4958	1402	5279	1517
2173	2170	4665	1229
>transfac_public__M00042
4	6	3	9
7	4	3	8
21	0	1	1
22	0	1	0
0	22	0	1
23	0	0	0
22	1	0	0
0	0	0	23
10	3	6	4
5	7	6	5
>homer__CCATTGTTYB_Sox17
6.3	64.2	16	13.5
8.5	70.7	4.3	16.5
79.7	2.5	3.2	14.6
2.3	3.9	2.9	90.9
2.5	2.4	4.1	91
2.9	4.4	89.3	3.4
6.5	3.8	3.5	86.2
7.3	21.4	13.4	57.9
15.8	36.1	9.3	38.8
10.6	23.9	33.9	31.6
>cisbp__M00829
26.08695652	17.39130435	13.04347826	43.47826087
80.64516129	3.225806452	3.225806452	12.90322581
91.42857143	2.857142857	2.857142857	2.857142857
2.857142857	88.57142857	2.857142857	5.714285714
91.42857143	2.857142857	2.857142857	2.857142857
91.42857143	2.857142857	2.857142857	2.857142857
2.857142857	2.857142857	2.857142857	91.42857143
32	12	36	20
>cisbp__M09390
33.52969584	13.08355664	15.6084593	37.77828823
88.08651219	2.136118396	4.260414592	5.516954826
93.60346701	0	5.265646779	1.13088621
2.26177242	89.95950033	3.39265863	4.386068616
97.73822758	0	1.13088621	1.13088621
90.08515436	6.522187012	3.39265863	0
6.785317259	5.780085073	0	87.43459767
39.66495658	16.01092378	31.2032384	13.12088124
