>jaspar__MA0384.1
0	89	313	2817
0	0	3136	0
1405	269	1721	0
0	0	0	3136
3120	0	35	0
7	0	3130	0
0	3136	0	0
0	0	3136	0
8	3072	75	0
168	2969	0	0
944	231	1666	589
>jaspar__MA0396.1
25	9	48	18
18	42	21	19
0	0	0	100
100	0	0	0
0	0	100	0
0	100	0	0
0	0	100	0
0	64	18	18
45	17	19	20
>jaspar__MA0397.1
19	11	56	15
40	28	24	7
0	0	0	100
100	0	0	0
0	0	100	0
0	100	0	0
0	0	100	0
0	73	17	10
54	15	16	15
>swissregulon__sacCer__STP3
32	11.52	61.44	23.04
23.04	53.76	26.88	24.32
0	0	0	128
128	0	0	0
0	0	128	0
0	128	0	0
0	0	128	0
0	81.92	23.04	23.04
>taipale_cyt_meth__ZNF771_NRCGCTAACCATTRN_FL_meth
744	821	568	860
1057	153	1811	495
108	2934	81	130
699	552	2596	478
133	2948	15	5
164	223	6	2917
2814	129	569	57
2864	446	66	61
5	2990	18	9
5	2987	19	52
2945	81	166	6
87	3421	88	2076
29	467	11	2903
955	556	1827	335
654	1096	609	634
>yetfasco__YDL048C_559
14.625	16.125	15.125	54.125
9.625	17.125	73.125	0.125
0.125	99.625	0.125	0.125
0.125	0.125	99.625	0.125
0.125	99.625	0.125	0.125
0.125	0.125	0.125	99.625
99.625	0.125	0.125	0.125
7.125	24.125	28.625	40.125
14.625	55.625	11.125	18.625
>yetfasco__YLR375W_568
24.89130432	9.239130409	47.93478265	17.93478262
18.3695652	41.8478261	20.5434783	19.2391304
0.1086956999	0.1086956999	0.1086956999	99.6739129
99.6739129	0.1086956999	0.1086956999	0.1086956999
0.1086956999	0.1086956999	99.6739129	0.1086956999
0.1086956999	99.6739129	0.1086956999	0.1086956999
0.1086956999	0.1086956999	99.6739129	0.1086956999
0.1086957	64.4565217	17.5	17.9347826
44.89130434	16.63043482	18.80434782	19.67391302
