>taipale_cyt_meth__GATA3_NGATAACGATCW_FL
657	376	2	313
9	8	1347	10
1347	1	3	8
6	0	6	1347
1347	7	2	82
1347	2	42	0
143	1347	534	139
433	76	1347	0
1347	23	28	33
47	44	43	1347
35	1347	33	37
433	41	182	914
>taipale_cyt_meth__GATA3_WGATAACGATCW_FL_meth
3161	63	0	1560
4	0	4721	5
4721	1	5	4
0	0	7	4721
4721	14	0	334
4721	0	553	148
641	4721	1266	536
1121	195	4721	0
4721	18	12	11
23	25	13	4721
36	4721	22	40
1587	4	28	3134
>taipale_cyt_meth__GATA5_WGATAACGATCT_FL_meth
365	25	2	263
12	19	628	2
628	6	6	21
3	3	4	628
628	6	3	138
628	39	109	54
164	628	220	151
265	36	628	16
628	16	7	26
31	25	16	628
48	628	30	27
232	22	37	628
>taipale_cyt_meth__GATA5_WGATAACGATCT_FL_repr
122	29	1	84
2	2	206	2
206	0	0	2
0	2	0	206
206	1	1	20
206	2	12	10
38	206	81	37
103	15	206	2
206	24	17	22
48	23	18	206
40	206	36	18
74	30	54	206
>taipale_cyt_meth__GATA5_WGATAACGATCT_eDBD
166	96	6	96
3	0	262	2
262	4	0	3
0	3	2	262
262	5	4	59
262	4	48	12
63	262	174	54
108	29	262	6
262	21	15	20
6	20	27	262
30	262	18	18
106	28	69	262
>taipale_cyt_meth__GATA5_WGATAACGATCT_eDBD_meth
698	62	17	578
6	16	1276	6
1276	7	6	19
3	7	4	1276
1276	11	10	211
1276	31	216	82
303	1276	479	242
397	87	1276	49
1276	36	19	35
53	27	43	1276
59	1276	41	62
357	54	76	1276
>taipale_cyt_meth__GATA6_NGATAACGATCW_eDBD
87	107	16	100
4	2	310	8
310	0	6	5
2	6	0	310
310	5	0	61
310	33	41	41
1	310	138	98
104	98	310	20
310	21	39	27
20	35	23	310
55	310	37	28
144	29	76	166
>taipale_cyt_meth__GATA6_WGATAACGATCW_eDBD_meth
380	134	20	292
0	8	672	3
672	4	5	0
0	0	2	672
672	12	4	137
672	62	152	97
159	672	257	236
297	136	672	11
672	15	12	15
25	23	4	672
45	672	27	23
296	40	75	376
>yetfasco__YER040W_539
0.04537209995	0.04537209995	99.8638837	0.04537209995
99.8638837	0.04537209995	0.04537209995	0.04537209995
0.04537209995	0.04537209995	0.04537209995	99.8638837
74.27404713	0.04537209995	0.04537209995	25.63520867
61.38838474	0.04537209995	26.90562607	11.66061709
>cisbp__M07965
19.5876	36.0825	29.8969	14.433
59.7938	0	2.0619	38.1443
0	0	100	0
100	0	0	0
0	4.1237	0	95.8763
64.9485	5.1546	0	29.8969
46.3918	0	37.1134	16.4948
19.5876	25.7732	41.2371	13.4021
41.2371	31.9588	19.5876	7.2165
100	0	0	0
2.061897938	0	3.092796907	94.84530515
0	93.81449381	5.154605155	1.030901031
38.14433814	1.030901031	0	60.82476082
12.3711	31.9588	44.3299	11.3402
13.4020866	27.83507216	15.46388454	43.2989567
>cisbp__M08206
0	0	100	0
100	0	0	0
0	0	0	100
70.4225	0	0	29.5775
54.9295	5.6338	18.3099	21.1268
25.3521	21.1268	28.169	25.3521
30.98586901	38.02816197	29.57747042	1.408498592
100	0	0	0
0	0	0	100
0	100	0	0
16.9014	0	4.2254	78.8732
