>jaspar__MA1455.1
289	150	115	445
224	201	142	431
92	38	808	60
341	288	9	360
348	85	39	526
979	4	8	7
10	955	10	23
856	8	10	124
934	26	39	0
137	21	11	829
41	12	933	12
3	4	2	989
618	35	66	279
356	11	260	371
63	825	27	82
479	155	200	164
529	117	128	224
>hocomoco__DMRT1_HUMAN.H11MO.0.D
102	116	59	223
156	21	136	187
31	23	432	14
194	168	23	115
180	51	37	232
479	7	5	9
20	467	5	8
439	3	1	57
381	119	0	0
162	3	8	327
5	10	484	1
15	2	4	479
250	21	56	173
130	13	200	157
6	458	13	23
233	119	17	131
239	87	97	77
>hocomoco__DMRTB_MOUSE.H11MO.0.C
60	121	119	200
99	48	148	205
18	12	433	37
150	217	21	112
133	61	14	292
430	32	16	22
5	475	13	7
331	21	13	135
0	2	130	368
64	11	18	407
19	25	424	32
23	21	13	443
245	40	63	152
100	27	169	204
33	416	21	30
162	168	33	137
>homer__TWGHWACAWTGTWDC_DMRT1
24.2	17.8	14.4	43.6
29.2	5.7	23.9	41.2
10.5	4.2	75.7	9.6
36.16383616	27.27272727	4.395604396	32.16783217
34.6	11.5	6.1	47.8
91.6	0.8	1.3	6.3
5.4	84.8	4	5.8
68.8	2.7	0.6	27.9
38.7	9.7	10.8	40.8
27.3	0.9	3.4	68.4
6.8	4.2	82.6	6.4
5.3	1.1	1.4	92.2
45.9	6.8	12.8	34.5
30.16983017	5.694305694	27.17282717	36.96303696
10.6	72.2	5.3	11.9
>homer__YDGHTACAWTGTADC_DMRT6
20.82082082	21.92192192	20.52052052	36.73673674
30.7	5.6	26.1	37.6
8.7	4.4	77.8	9.1
37.2	28.4	4.4	30
28.6	13.2	5.1	53.1
95.7	0.1	0.2	4
3.3	86.7	4.7	5.3
68.9	3.6	0.8	26.7
39	10.9	10	40.1
27	0.4	3.1	69.5
3.9	4.9	88.2	3
4	0.3	0.1	95.6
50.2	5.4	11.9	32.5
27.2	5.4	29.2	38.2
8.4	74.8	5.3	11.5
>cisbp__M01970
20.20888434	30.37514614	20.20888434	29.20708519
61.79332687	18.69247284	9.757100143	9.757100143
2.079541199	2.079541199	93.7613764	2.079541199
51.93099297	0.01257510698	48.04385681	0.01257510698
0.01257510698	0.01257510698	0.01257510698	99.96227468
77.91459602	0.01257510698	0.01257510698	22.06025377
0.01257510698	99.96227468	0.01257510698	0.01257510698
99.96227468	0.01257510698	0.01257510698	0.01257510698
4.803690771	4.803690771	4.803690771	85.58892769
15.25547496	23.52641988	15.25547496	45.96263019
22.93303391	31.20089828	22.93303391	22.93303391
