>cisbp__M06839
17.3333	18.6667	11.6667	52.3333
17.5	21.5	10.1667	50.8333
19.83331983	29.000029	8.333308333	42.83334283
14.5000145	21.33332133	5.833305833	58.33335833
16.1667	18.8333	6.5	58.5
16.66668333	17.16668283	6.4999935	59.66664033
19.3333	20.6667	12	48
18.83331883	18.33331833	10.00001	52.83335283
14.16668583	21.16667883	7.166692833	57.4999425
18.3333	11	9.6667	61
13.83331383	11.000011	10.33331033	64.83336483
5	22	3.1667	69.8333
32	15.8333	7	45.1667
45.000045	18.33331833	21.33332133	15.33331533
0	100	0	0
0	0	0	100
0	0	0	100
0	0	0	100
21.6667	2.5	0	75.8333
9.8333	7.5	11	71.6667
14.8333	26.1667	25.1667	33.8333
