>predrem__nrMotif1495
15.95	25.27	41.26	17.52
19.07	22.09	42.92	15.92
20.35	21.44	43.43	14.78
15.92159216	15.40154015	56.77567757	11.90119012
0.96	0.96	97.12	0.96
51.28	46.8	0.96	0.96
0.96	0.96	97.12	0.96
0.96	0.96	97.12	0.96
0.96	0.96	97.12	0.96
0.96	0.96	97.12	0.96
0.96	0.96	97.12	0.96
0.96	0.96	0.96	97.12
8.740874087	25.13251325	51.41514151	14.71147115
16.23	25.3	39.79	18.68
15.61843816	28.12718728	40.0959904	16.15838416
17.59	22.61	43.38	16.42
19.22807719	22.32776722	41.37586241	17.06829317
