>jaspar__MA0083.3
214	125	80	1129
75	152	1144	372
627	611	144	167
0	1771	15	0
3	1787	11	19
1137	13	18	61
54	0	6	1571
1163	0	2	0
1	5	8	1610
1162	0	0	16
439	12	0	1074
8	9	1896	0
8	2	1872	7
262	105	670	686
337	1023	145	72
913	63	98	248
>swissregulon__hs__SRF
18.669	15.25	66.468	31.131
14.054	56.856	41.834	18.775
1.415	129.18	0.923	0
0	119.038	0	12.48
105.573	3.184	0	22.761
72.794	0	0	58.725
126.928	0	0.702	3.888
22.46	7.378	0	101.681
126.808	0.991	0	3.72
81.158	5.656	5.889	38.816
4.135	0	127.383	0
0	0	129.851	1.667
>swissregulon__mm__Srf
52.385	24.784	14.945	173.607
14.666	28.469	171.885	50.701
58.976	96.71	64.805	45.23
1.952	261.542	0.433	1.795
0.035	249.081	0.036	16.57
146.978	5.898	4.313	108.532
59.054	4.834	3.637	198.196
185.567	2.726	30.2	47.228
26.396	20.93	4.741	213.654
136.822	19.901	11.332	97.666
87.697	6.548	19.032	152.445
22.15	0.025	243.461	0.086
9.944	9.079	232.055	14.644
>hocomoco__SRF_HUMAN.H11MO.0.A
17	27	12	75
16	25	14	76
19	20	52	40
4	121	2	4
0	123	1	7
42	10	4	75
17	7	4	103
79	3	6	43
0	1	1	129
69	6	0	56
25	3	1	102
7	3	121	0
5	1	125	0
14	28	45	44
21	77	20	13
64	10	12	45
22	20	28	61
41	15	42	33
>hocomoco__SRF_MOUSE.H11MO.0.A
45	77	36	216
28	36	82	228
24	117	95	138
4	357	4	9
3	355	0	16
121	17	2	234
24	12	14	324
238	18	15	103
10	18	5	341
164	25	9	176
68	9	14	283
46	3	320	5
12	1	352	9
46	205	69	54
101	168	19	86
199	38	44	93
59	96	67	152
>taipale__SRF_DBD_MCCATATAWGGN_repr
600	117	86	121
2	717	0	0
0	717	0	5
717	5	22	114
49	0	0	717
717	3	2	11
30	3	1	717
717	1	0	87
227	6	3	490
4	1	717	0
0	2	717	1
169	292	53	203
>nitta__bs_TGGTCT20NGA_KH_NCCATAMATGGN_m1_c4
4370	1710	2880	1690
49	10651	0	0
5	10651	11	0
10651	1761	1947	2473
120	0	0	10651
10651	6	1	0
3872	6779	262	10610
10651	0	0	538
3537	66	0	10651
0	4	10651	10
0	0	10651	0
2237	2984	1306	4123
>nitta__bs_TGTGGA20NGA_KD_NCCATATATGGN_m1_c3
8220	5105	7928	6762
1711	28015	527	574
33	28015	12	3530
28015	3550	6052	16744
7557	339	212	28015
28015	562	2875	4723
4826	3016	561	28015
28015	199	364	7615
16184	5773	3473	28015
3403	9	28015	46
522	533	28015	1653
6569	7824	5031	8590
>taipale_cyt_meth__MEF2B_CCWWATWWRG_eDBD
12	404	0	0
0	404	0	24
244	60	112	160
202	63	61	203
404	0	23	133
137	59	0	404
186	76	53	218
151	88	77	253
188	20	216	0
0	0	404	0
>taipale_cyt_meth__MEF2B_CCWWATWWRG_eDBD_meth
85	722	9	0
0	722	0	53
444	126	144	279
405	100	111	318
722	7	51	328
291	69	18	722
322	105	113	400
267	114	112	456
353	9	369	0
0	0	722	56
>taipale_cyt_meth__MEF2B_TGTTACCATATNNGG_FL_meth
494	6421	115	9199
61	23	9199	9
571	34	21	9199
75	31	14	9199
9199	13	1085	845
0	9199	0	1
0	9199	1	1304
9199	59	365	681
932	88	83	9199
9199	35	15	583
2733	127	11	9199
3055	1599	423	4122
923	1746	2020	4509
1886	2	9199	28
148	54	9199	757
>taipale_cyt_meth__MEF2B_TGTTACCATATNNGG_FL_repr
99	326	59	1963
0	7	1963	1
148	5	4	1963
7	8	0	1963
1963	13	216	134
0	1963	2	0
0	1963	0	233
1963	17	61	84
313	24	6	1963
1963	5	8	137
661	58	0	1963
642	398	118	806
197	385	511	870
362	4	1963	1
17	17	1963	224
>taipale_cyt_meth__MEF2C_CCWWATWWRG_FL
86	1297	0	0
0	1297	0	0
858	179	103	439
703	87	137	595
1297	0	0	198
276	0	0	1297
493	85	46	804
358	120	174	939
478	0	819	0
0	0	1297	43
>taipale_cyt_meth__MEF2C_CCWWATWWRG_FL_meth_repr
284	2605	11	43
0	2605	10	296
1788	379	273	817
1452	163	275	1152
2605	0	0	748
675	9	0	2605
1105	161	144	1500
667	228	283	1938
1324	18	1281	7
8	2	2605	179
>taipale_cyt_meth__MEF2D_CCWWATWWRG_eDBD
30	1170	0	0
0	1170	0	54
790	99	74	381
679	11	49	491
1170	0	3	342
265	0	6	1170
510	0	57	660
276	132	123	894
448	0	722	0
0	0	1170	43
>taipale_cyt_meth__MEF2D_CCWWATWWRG_eDBD_meth
100	1470	0	0
0	1470	0	104
948	131	144	522
826	42	94	644
1470	0	0	321
350	1	0	1470
591	75	71	879
388	120	133	1082
671	0	800	0
0	0	1470	57
>taipale_cyt_meth__SRF_CCWTGTWNGG_eDBD_repr
169	2819	26	21
0	2819	0	284
1861	40	457	958
419	35	2	2819
894	664	2819	763
167	57	2	2819
2296	0	112	523
707	680	449	982
138	0	2819	0
27	66	2819	233
>dbtfbs__SRF_representative_N1
45	36	21	159
28	34	155	44
63	101	44	53
0	260	1	0
0	247	0	14
200	4	4	53
107	0	0	154
257	1	2	1
46	14	1	200
229	2	0	30
190	3	10	58
5	0	256	0
1	0	257	3
68	119	37	37
139	56	52	14
154	23	53	31
>dbtfbs__mm_SRF_myocyte_ENCSR000AIM_N1
4	442	8	6
0	425	0	35
310	31	9	110
202	16	24	218
427	0	13	20
118	24	9	309
413	0	0	47
266	3	0	191
33	0	427	0
5	0	455	0
137	115	106	102
173	193	67	27
314	33	52	61
>transfac_public__M00152
28	1	2	2
1	0	0	32
1	0	31	1
7	25	0	1
0	33	0	0
0	33	0	0
23	0	0	10
2	0	0	31
33	0	0	0
0	0	0	33
31	0	0	2
10	0	0	23
0	0	33	0
0	0	33	0
12	4	3	14
13	9	8	3
11	6	7	9
1	4	8	20
>transfac_public__M00186
2	4	11	4
3	4	7	7
0	21	0	0
0	21	0	0
19	0	0	2
9	1	0	11
19	0	1	1
1	2	1	17
17	0	1	3
10	2	2	7
0	0	21	0
0	0	20	1
9	7	5	0
4	9	5	3
>transfac_public__M00215
1.8	0	3.23	1.75
0	12.86	0	0
0	12.86	0	0
7.14	1.19	0	4.52
2.65	0	0	10.2
9.47	0	0.93	2.45
0.93	1.22	0	10.71
10.8	0	0	2.06
3.52	0	0	9.34
0	0	12.86	0
0	0	12.86	0
3.18	6.16	2.13	1.39
1.68	7.87	2.45	0.85
6.73	2.52	0	3.61
1.46	2.49	4.63	4.28
>homer__CCATATATGGNA_CArG
0.1001001001	99.4994995	0.3003003003	0.1001001001
0.1	94.7	0.1	5.1
55.7	3.7	0.4	40.2
28.82882883	1.401401401	1.701701702	68.06806807
78.6	1.3	4.1	16
16.98301698	4.795204795	1.198801199	77.02297702
69.3	1.7	1.2	27.8
40.5	0.3	1.7	57.5
6	0.1	93.8	0.1
0.2997002997	0.0999000999	99.3006993	0.2997002997
26.6	30.2	23	20.2
41.3	34.1	10.4	14.2
>cisbp__M00684
3.36077737	80.01165462	1.261337048	15.36623096
33.84727135	23.37947232	12.45171527	30.32154106
33.41025504	3.451686286	5.805831771	57.33222691
67.93236012	6.478652274	11.45598735	14.13300025
15.33091792	12.93415605	7.027784932	64.7071411
69.04906589	3.72407073	3.542445657	23.68441772
39.67639403	8.505869055	15.19180902	36.6259279
16.16155682	1.998976675	80.04871496	1.790751541
0.001979090112	0.002490882835	99.97117746	0.02435256541
>cisbp__M07981
29.9342	32.5658	19.0789	18.4211
17.1053	33.8816	15.4605	33.5526
44.4079	17.4342	21.0526	17.1053
23.35527664	13.15788684	8.223691776	55.26314474
14.1447	10.8553	51.9737	23.0263
23.35527664	28.61837138	30.26316974	17.76318224
2.302602303	95.06589507	1.644701645	0.9868009868
0.3289	93.4211	0	6.25
75.6579	5.5921	0.6579	18.0921
48.35525164	0.6578993421	2.631597368	48.35525164
95.0658	0	4.2763	0.6579
29.9342	7.8947	2.6316	59.5395
88.8158	1.3158	1.9737	7.8947
64.47363553	1.315798684	5.263194737	28.94737105
3.2895	0	96.7105	0
1.644701645	0.3289003289	97.36849737	0.6579006579
22.6973773	42.43415757	18.42108158	16.44738355
45.0658	30.2632	15.4605	9.2105
55.59204441	9.539490461	16.44738355	18.42108158
>cisbp__M07982
0	99.7409	0.2591	0
0	97.1503	0	2.8497
77.97922202	1.036298964	0.7771992228	20.20727979
42.228	0	0	57.772
95.5959	0	1.2953	3.1088
10.6218	3.6269	1.0363	84.715
93.2642	0	0	6.7358
75.90677591	0	3.626903627	20.46632047
0.7772	0	99.2228	0
0	0	100	0
27.9793	36.2694	16.8394	18.9119
63.7306	26.4249	7.772	2.0725
77.2020228	2.590697409	12.95338705	7.253892746
33.6788	12.1762	28.2383	25.9067
>cisbp__M07983
19.0231	34.7044	18.7661	27.5064
43.9589	21.3368	15.6812	19.0231
18.509	12.5964	10.7969	58.0977
12.8535	13.1105	43.7018	30.3342
22.365	30.3342	24.4216	22.8792
0.2570997429	97.68630231	0.2570997429	1.799498201
0	92.0308	0	7.9692
74.80727481	4.627204627	1.542401542	19.02311902
46.52955347	1.799498201	2.056597943	49.61435039
97.6864	0.5141	1.0283	0.7712
30.59126941	5.141394859	0	64.26733573
89.7172	1.5424	1.7995	6.9409
67.3522	1.5424	1.7995	29.3059
2.0566	0	97.9434	0
0.5141005141	0	98.97179897	0.5141005141
32.9049	34.9614	19.2802	12.8535
50.8997	26.2211	15.4242	7.455
51.928	11.054	18.7661	18.2519
>cisbp__M07984
9.1912	12.5	70.2206	8.0882
38.9706	31.25	13.9706	15.8088
0	99.26479926	0.3676003676	0.3676003676
0	94.4853	0.3676	5.1471
75.000075	0.3676003676	0.3676003676	24.26472426
29.7794	0	0	70.2206
91.54419154	0	1.102901103	7.352907353
11.3971	4.7794	0.7353	83.0882
88.2353	1.4706	0	10.2941
48.1618	1.8382	18.75	31.25
1.4706	0	98.5294	0
0.3676003676	0	99.26479926	0.3676003676
16.54408346	41.17645882	12.13238787	30.14706985
59.9265	20.2206	12.5	7.3529
67.2794	6.9853	15.4412	10.2941
27.9412	35.6618	15.8088	20.5882
13.9706	16.9118	20.5882	48.5294
