>kznf__ZNF382_Imbeault2017_OM_RCADE
9.03599	1.22889	84.4581	5.27702
74.33783717	1.518050759	13.66240683	10.48170524
6.144467542	1.518049393	86.48216541	5.855317658
45.46909545	28.11999719	22.29049777	4.120409588
33.27827671	58.19175927	2.674648128	5.855315901
88.26352648	2.385500716	6.676322003	2.674650802
20.8448	27.8308	25.2285	26.0959
10.48170094	44.55520401	0.6505910586	44.31250399
97.46991949	0.3614390723	1.518050304	0.6505911301
12.79499104	39.06127266	42.5775702	5.566166104
11.30270565	20.89121045	2.096351048	65.70973285
96.89161851	0.9397431795	2.0963504	0.07228791381
3.252958374	84.50455775	9.856985072	2.385498807
76.36187022	11.92749535	11.34919557	0.361438859
11.0135978	4.120409176	80.16728397	4.69870906
46.2901	11.9275	26.3851	15.3973
15.10820151	53.22970532	9.614290961	22.0478022
31.879	53.808	6.43362	7.87938
25.76030773	53.56531607	6.144471843	14.52990436
39.1077648	26.04947656	9.035981868	25.80677677
58.19174181	13.95158605	14.81898518	13.03768696
