>jaspar__MA0060.3
1897	757	1815	356
1924	404	1858	639
23	4657	34	111
31	4713	28	53
4683	29	17	96
4584	94	124	23
37	132	11	4645
166	4215	319	125
4088	213	489	35
611	1131	2713	370
1855	1369	887	714
>jaspar__MA0314.2
9	18	32	56
14	61	19	21
4	17	0	94
2	20	84	9
111	1	0	3
0	0	0	115
0	2	0	113
0	1	114	0
0	0	115	0
6	67	4	38
5	42	18	50
28	49	26	12
>jaspar__MA1644.1
5184	2115	4643	1674
4351	1746	4981	2538
287	12507	394	428
380	12880	111	245
12776	325	103	412
12317	376	549	374
259	374	71	12912
532	11224	1464	396
11826	711	891	188
2167	3708	5967	1774
5181	3231	2608	2596
>swissregulon__hs__CEBPZ
8.13190184	0.8435582822	8.941717791	7.996932515
0	17.81595092	5.803680982	2.294478528
0.6748466258	5.668711656	0	19.57055215
0	9.447852761	14.71165644	1.754601227
25.91411043	0	0	0
0	0	0	25.91411043
0	0	0	25.91411043
0	0	25.91411043	0
0	0	25.91411043	0
0.6748466258	20.65030675	0	4.588957055
0.1687116564	3.40797546	0.8435582822	21.49386503
>swissregulon__hs__FOS
285.9419038	619.5849638	302.9277087	747.4636611
284.5085072	337.385604	515.1566784	818.8674479
286.9293281	996.0022529	443.6955758	229.2910806
2.419233149	232.1754225	12.26613915	1709.057443
23.03231025	374.0926756	1455.653783	103.1394687
1865.530564	27.01118519	12.99232766	50.38416068
0	688.3840062	10.61104974	1256.923181
46.17371254	0	42.58761778	1867.156907
76.73030429	627.1212092	1236.176597	15.89012671
699.7649573	73.01657456	1125.038185	58.09852022
231.3402361	704.2170869	256.6401878	763.7207267
165.7626388	789.0159539	297.5172148	703.6224299
>swissregulon__hs__NFYA
193.1105713	528.0174154	86.02508346	501.5875141
91.12408829	244.2669535	438.6961957	534.6533468
90.63812361	836.8182329	230.3419221	150.9423057
19.01919348	401.8071893	70.49696053	817.417241
64.86997307	388.4609444	742.5983661	112.8113008
1278.263023	10.63263317	7.533591129	12.31133673
3.795678734	5.756694904	6.355684433	1292.832526
12.03481395	3.580260237	6.075606339	1287.049904
0.7673541536	4.108018579	1294.657768	9.207443891
3.576669008	16.85333406	1287.481709	0.8288719971
89.37915824	665.3660982	72.09736651	481.8979614
50.84024056	511.9224777	114.3184307	631.6594353
358.9653067	270.4815672	555.2116822	124.0820281
>swissregulon__hs__NFYB
70	225	127	78
82	208	50	160
44	113	111	232
18	346	74	62
2	185	21	292
10	166	260	64
487	1	12	0
1	7	4	488
8	0	0	492
0	1	499	0
1	0	499	0
62	274	17	147
13	196	36	255
173	104	190	33
141	93	206	60
>swissregulon__hs__NFYC
2852.394828	4529.590336	3964.801648	2162.920738
1641.828012	4639.442673	3468.809982	3759.626883
910.017045	6605.60962	3009.772168	2984.308717
6101.039651	1421.309999	5716.593979	270.763921
3836.335352	523.737944	8421.915996	727.718258
5.872674	13451.9328	17.291814	34.610265
59.802106	13304.3135	82.350168	63.241772
13270.77962	9.297956	23.1697	206.460271
13245.62827	54.885906	184.652607	24.540763
14.482321	250.254206	15.621196	13229.34983
1310.611012	7278.659352	4472.936097	447.501089
6802.881046	1053.13634	5531.691977	121.998187
1745.041731	2687.757209	8309.376102	767.532508
5070.41753	4561.692574	2936.672008	940.925438
4096.426913	945.178861	7078.860234	1389.241542
2228.028496	4621.468052	4814.830829	1845.380173
>swissregulon__mm__Nfya
34	37	27	18
16	33	26	41
7	51	25	33
58	14	41	3
51	4	56	5
0	116	0	0
2	113	1	0
112	0	1	3
116	0	0	0
0	1	0	115
14	65	33	4
66	6	42	2
13	20	73	10
39	43	22	12
36	9	47	24
25	35	29	27
>swissregulon__sacCer__HAP3
0	5.16	5.37	17.79
3.7	20.74	2.98	3.26
0	4.61	0	23.79
0.98	8.97	14.73	4.84
27.37	0	0	0
0	0	0	27.37
0	0	0	27.37
0	0	27.37	0
0	0	27.37	0
0	14.8	0	15.49
0.97	11.69	4.06	12.58
8.09	11.75	10.38	0.98
14.58	2.65	9.18	3.39
10.87	2.66	13.51	3.39
15.82	6.02	2.96	6.65
>hocomoco__CEBPZ_HUMAN.H11MO.0.D
8	1	9	8
0	18	6	2
1	6	0	19
0	9	15	2
26	0	0	0
0	0	0	26
0	0	0	26
0	0	26	0
0	0	26	0
1	20	0	5
1	3	1	21
>hocomoco__FOXI1_HUMAN.H11MO.0.B
24	72	14	46
21	4	11	120
5	68	38	45
0	4	0	152
0	16	140	0
156	0	0	0
0	0	0	156
0	0	0	156
0	0	155	1
0	0	156	0
7	74	0	75
0	77	3	76
>hocomoco__NFYA_HUMAN.H11MO.0.A
61	162	105	172
45	205	61	189
252	50	176	22
188	7	245	60
3	495	0	2
2	493	1	4
500	0	0	0
484	6	9	1
2	10	2	486
72	277	129	22
337	26	131	6
117	89	261	33
290	106	70	34
230	15	198	57
>hocomoco__NFYB_HUMAN.H11MO.0.A
145	531	184	288
660	46	412	30
340	54	653	101
2	1140	5	1
2	1138	7	1
1140	7	0	1
1135	9	3	1
5	5	7	1131
60	656	384	48
742	53	340	13
140	194	755	59
514	338	233	63
358	122	510	158
>hocomoco__NFYC_HUMAN.H11MO.0.A
60	144	84	138
36	154	81	155
203	43	142	38
135	29	206	56
2	401	12	11
8	414	3	1
395	11	4	16
386	17	20	3
12	23	8	383
54	226	110	36
261	37	117	11
74	66	241	45
191	111	80	44
152	36	169	69
>hocomoco__NFYC_MOUSE.H11MO.0.B
66	167	99	168
54	213	64	169
303	48	135	14
159	19	271	51
0	496	1	3
1	498	0	1
491	0	0	9
495	1	3	1
0	2	0	498
48	309	118	25
368	16	113	3
94	70	299	37
297	89	87	27
214	18	212	56
>hocomoco__PBX1_MOUSE.H11MO.1.A
59	215	66	160
37	88	118	257
53	216	114	117
12	93	29	366
14	115	330	41
481	12	3	4
6	30	17	447
4	0	3	493
6	0	455	39
129	4	360	7
45	304	14	137
96	118	53	233
165	54	224	57
>hocomoco__PBX3_HUMAN.H11MO.1.A
25	114	26	335
11	87	365	37
487	4	9	0
7	51	72	370
7	3	20	470
1	0	499	0
187	2	311	0
21	391	7	81
192	79	68	161
>hocomoco__PBX3_MOUSE.H11MO.0.A
202	701	315	628
136	406	513	791
114	721	331	680
115	330	41	1360
11	395	1339	101
1802	0	9	35
0	58	154	1634
1	1	14	1830
0	2	1826	18
690	1	1155	0
241	953	46	606
336	293	358	859
333	174	957	382
425	331	791	299
>dbtfbs__DRAP1_HepG2_ENCSR765MKZ_merged_N3
7	53	35	16
60	8	43	0
28	7	69	7
0	111	0	0
0	111	0	0
108	0	0	3
109	1	1	0
0	0	0	111
7	57	46	1
58	5	46	2
9	28	74	0
54	27	22	8
46	5	56	4
>dbtfbs__IRF3_SK-N-SH_ENCSR422ZAO_merged_N1
203	38	190	7
142	27	212	57
0	435	0	3
0	436	0	2
429	0	0	9
430	0	8	0
0	4	0	434
81	206	141	10
213	26	199	0
70	77	257	34
>dbtfbs__NFYA_HeLa-S3_ENCSR000DNS_merged_N1
41	268	87	65
0	187	34	240
17	171	223	50
452	0	9	0
0	23	0	438
16	0	0	445
0	0	461	0
2	1	458	0
50	233	40	138
22	203	45	191
>dbtfbs__NFYB_representative_N1
25	324	67	83
0	180	15	304
2	166	279	52
496	0	3	0
0	1	0	498
0	0	0	499
0	0	499	0
0	0	499	0
55	255	34	155
12	227	29	231
>transfac_public__M00185
2	3	4	11
11	3	6	0
11	1	7	1
0	20	0	0
0	20	0	0
20	0	0	0
17	2	1	0
0	0	0	20
3	10	6	1
11	0	6	3
1	8	7	4
>transfac_public__M00287
52	47	41	22
22	51	38	52
16	67	40	41
80	19	60	5
68	7	78	11
0	164	0	0
2	161	1	0
160	0	1	3
164	0	0	0
0	1	0	163
20	88	50	6
96	10	55	3
21	28	98	17
58	57	33	16
47	11	72	34
34	53	40	35
>transfac_public__M00288
7	2	2	3
1	6	0	7
1	9	3	1
4	5	5	0
6	0	4	4
0	14	0	0
0	14	0	0
14	0	0	0
14	0	0	0
0	2	0	12
4	6	2	2
13	0	1	0
3	5	5	1
7	5	2	0
4	3	5	2
5	3	4	2
>homer__AGCCAATCGG_NFY
47.4	4.9	46.7	1
22.8	4.9	66.9	5.4
0.1	99.7	0.1	0.1
0.1	99.7	0.1	0.1
99.7	0.1	0.1	0.1
99.7	0.1	0.1	0.1
0.1	0.1	0.1	99.7
8.1	49.3	39.9	2.7
46	4.1	49.8	0.1
10.68931069	17.88211788	69.53046953	1.898101898
>scertf__spivak.HAP3
0	18	19	62
12	67	9	10
0	16	0	82
3	30	50	16
98	0	0	0
0	0	0	98
0	0	0	98
0	0	98	0
0	0	98	0
0	48	0	50
3	40	14	42
26	37	33	3
48	8	30	11
35	8	44	11
>cisbp__M02203
43.44258252	12.82556089	28.83068076	14.90117583
11.78001703	53.32496583	19.61715863	15.27785851
1.767415961	88.1922041	1.019710304	9.020669638
95.79882831	2.514943794	0.000410658108	1.68581724
97.24762983	0.7387916085	0.9114309983	1.102147568
1.006476599	0.4259027334	0.4216649304	98.14595574
1.526483139	93.96914529	0.05409391849	4.450277649
36.57665584	29.648461	25.77513374	7.99974942
29.70187314	19.51552129	27.41828462	23.36432094
>cisbp__M02216
39.59043211	16.58647287	24.74410987	19.07898516
11.03728687	49.46568793	20.93200351	18.56502169
6.849760723	76.26496972	2.812893646	14.07237591
75.58260198	10.33179594	3.439156111	10.64644597
93.5436295	2.312728402	2.071821048	2.071821048
5.529643834	2.886727211	0.6505893775	90.93303958
4.743568073	87.95185919	1.090667191	6.213905545
42.79053438	22.5631246	27.28444935	7.361891663
28.72954446	20.65435136	27.32838804	23.28771613
>cisbp__M07971
20.2	21.2	38.2	20.4
14.2	38	23.4	24.4
10.6	49.8	17.6	22
35.6	10	36.6	17.8
22	7.8	60.8	9.4
0.4	84.4	0.8	14.4
0.2	99.8	0	0
95.2	2.2	0	2.6
83.4	9.8	6.4	0.4
0	3.8	0.2	96
14.6	52.2	29.4	3.8
56	5	39	0
20.2	22	48.4	9.4
40	24	26	10
32.4	11.2	41.4	15
>cisbp__M09095
49.04761905	1.904761905	49.04761905	0
48.0952381	0	47.61904762	4.285714286
0	100	0	0
0.9523809524	99.04761905	0	0
100	0	0	0
100	0	0	0
0	0	0	100
0	89.52380952	10.47619048	0
97.61904762	0	2.380952381	0
28.57142857	24.28571429	43.80952381	3.333333333
76.66666667	7.142857143	2.857142857	13.33333333
29.52380952	9.047619048	46.19047619	15.23809524
