>jaspar__MA0688.1
1258	402	717	804
3181	59	716	442
602	519	3181	353
9	36	3181	14
0	329	21	3181
26	0	3181	12
307	392	27	3181
310	1289	3181	1409
3181	26	125	120
2525	491	527	656
1477	446	590	667
>jaspar__MA1565.1
216	86	316	160
343	103	435	148
778	62	159	59
73	57	778	47
14	0	778	0
7	80	0	778
21	6	778	2
100	98	109	778
52	161	778	32
778	1	5	34
778	62	265	95
305	137	246	90
>jaspar__MA1846.1
268	280	244	208
281	156	317	245
155	544	139	162
450	119	265	166
181	348	231	239
256	225	292	228
224	199	237	340
696	44	146	114
108	104	658	130
52	28	877	43
13	41	27	919
18	7	961	14
53	178	56	713
53	107	711	130
868	23	56	53
423	160	203	214
379	153	187	281
231	154	184	431
215	195	232	357
194	192	247	368
237	251	284	228
238	214	314	235
>jaspar__MA1919.1
230	239	305	226
226	243	283	247
209	234	321	236
211	237	283	269
240	213	312	236
287	162	316	236
509	77	274	141
91	82	770	56
13	28	936	23
15	93	28	864
10	5	976	10
68	195	54	683
51	104	703	142
906	17	54	24
657	83	136	124
298	189	242	270
244	154	259	343
198	193	257	351
193	192	320	294
228	221	279	271
225	221	318	237
224	282	278	216
>jaspar__MA1920.1
148	493	122	237
157	346	127	369
199	256	184	361
236	242	213	309
253	247	246	254
302	230	256	212
361	182	263	194
834	27	81	58
150	87	715	48
28	19	935	18
20	55	50	875
15	7	968	10
114	279	45	563
71	119	672	138
920	14	44	22
488	148	137	228
335	150	138	377
294	214	143	349
314	178	210	298
147	362	134	357
408	304	153	136
259	342	208	191
>jaspar__MA1921.1
238	219	263	280
232	227	278	262
259	231	262	249
233	219	290	257
236	232	286	246
277	224	257	241
278	174	316	232
777	29	122	71
113	76	742	69
27	21	928	24
11	64	31	893
10	5	979	7
87	81	31	801
56	172	563	209
837	13	68	82
211	171	68	550
317	300	263	120
499	92	152	257
64	784	68	83
658	57	201	85
94	713	120	73
154	441	190	215
>jaspar__MA1922.1
291	187	280	243
368	192	223	217
275	231	244	249
278	213	267	242
308	154	293	244
703	38	169	91
164	84	639	113
10	11	971	8
8	52	10	931
6	5	982	7
56	78	15	851
57	115	658	170
945	11	25	20
427	162	124	288
294	160	153	393
241	194	124	441
351	269	132	248
348	317	108	227
334	470	141	56
401	392	98	109
>swissregulon__mm__Tbx5
147.006502	37.674437	176.724185	57.947137
134.279163	79.768382	120.292665	85.012051
349.766497	3.506989	64.400135	1.67864
0.907002	0	418.445259	0
1.568369	0	410.568545	7.215347
0.791679	3.112132	0	415.44845
1.642409	0	417.709852	0
3.045598	51.547748	0	364.758915
10.208067	140.998249	176.923553	91.222392
261.925126	6.096936	140.733928	10.596271
133.632702	66.561153	177.643305	41.515101
158.615189	46.884817	160.612902	53.239353
>hocomoco__TBX5_HUMAN.H11MO.0.D
32	1	2	2
9	2	26	0
0	0	37	0
0	1	0	36
0	0	37	0
6	1	7	23
1	9	24	3
28	2	3	4
>taipale__TBX20_DBD_HNHNAGGTGTGANHH
3346	2447	7268	2357
2812	1749	1814	1774
4086	1898	2103	2165
3995	697	1807	1650
8149	69	721	365
1248	484	8149	635
0	35	8149	51
24	465	104	8149
8	0	8149	25
258	548	43	8149
216	1078	8149	2149
8149	9	21	37
5875	664	395	1216
3508	3203	2410	1439
1838	1543	4919	4768
>taipale__TBX21_DBD_NAGGTGTGAA
20083	4960	13967	12371
51381	568	6567	2604
5828	4587	51381	4351
24	219	51381	175
49	2502	206	51381
22	49	51381	31
1925	7069	242	51381
772	2557	51381	5174
51381	98	412	41
51381	9473	4832	17787
>nitta__Doc2_TCCGGT40NTCT_KL_NAGGTGTGAN_m1_c3
1100	537	1208	766
3611	231	858	338
521	621	3611	343
0	100	3611	4
14	914	19	3611
2	0	3611	0
95	681	49	3611
183	1203	3611	1104
3611	177	240	68
1869	561	534	647
>nitta__Doc2_TGTCTA20NGA_KH_NAGGTGTGAN_m1_c3
4305	1653	4469	3606
14033	982	4784	3237
2204	2436	14033	1928
53	195	14033	67
28	2695	11	14033
13	0	14033	11
572	2424	615	14033
734	4481	14033	4962
14033	399	1266	475
6655	1794	2286	3298
>nitta__Doc3_TAAGCG20NCG_KD_NAGGTGTGAN_m1_c3
4661	2188	5117	4034
16000	1119	6209	3205
3185	2314	16000	2578
67	322	16000	130
36	2323	107	16000
50	0	16000	13
1281	3987	1586	16000
1543	6017	16000	7475
16000	526	2071	997
7932	1890	2756	3422
>nitta__Doc3_TAGTCA40NTCT_KL_NAGGTGTGAN_m1_c3
2808	1064	2981	1910
8763	317	2070	939
1375	1486	8763	859
0	21	8763	0
0	1733	51	8763
0	4	8763	13
316	1662	171	8763
355	2746	8763	3181
8763	144	636	223
4621	1346	1203	1593
>nitta__mid_TTCCAA20NTA_KH_NAGGTGTNAN_m1_c3
1323	156	926	716
3121	57	451	276
378	270	3121	368
20	20	3121	0
0	168	0	3121
13	0	3121	0
215	364	392	3121
73	488	1647	914
3121	193	663	93
1263	644	714	500
>nitta__org-1_TTGACC20NTA_KH_NGGTGTNAN_m1_c3
2785	269	1229	750
1467	874	5033	1100
279	165	5033	118
0	602	102	5033
0	0	5033	0
566	1086	1049	5033
210	881	2708	1235
5033	384	1277	226
2046	578	1348	1061
>taipale_cyt_meth__EOMES_NAGGTGTGAN_eDBD_meth
3383	1282	2934	2542
10141	530	2303	1545
1754	3738	10141	2535
0	74	10141	107
44	2439	53	10141
0	0	10141	0
754	3123	322	10141
516	1793	10141	3616
10141	163	658	270
3775	2014	1144	3207
>taipale_cyt_meth__EOMES_NAGGTGTGAN_eDBD_repr
1818	623	2016	1370
5826	323	1453	793
689	1018	5826	788
17	23	5826	77
13	431	7	5826
0	0	5826	0
364	943	301	5826
146	811	5826	1604
5826	146	565	252
2510	1017	920	1379
>taipale_cyt_meth__TBX15_NAGGTGTGAN_eDBD
408	149	387	202
1146	129	514	299
117	322	1146	176
0	4	1146	81
29	188	13	1146
0	0	1146	0
46	180	41	1146
110	445	1146	453
1146	75	253	194
517	154	291	184
>taipale_cyt_meth__TBX15_NAGGTGTGAN_eDBD_meth
1545	566	1232	902
4245	411	1405	1069
873	1478	4245	714
0	0	4245	109
69	1964	138	4245
0	0	4245	0
411	1099	211	4245
304	1524	4245	2073
4245	89	706	281
2049	560	718	918
>taipale_cyt_meth__TBX18_NRAGGTGTGAAN_eDBD_meth
759	445	547	641
1407	315	985	645
2392	88	475	167
251	360	2392	121
30	0	2392	23
10	828	36	2392
17	5	2392	0
207	163	70	2392
69	375	2392	539
2392	9	102	29
2392	187	382	452
1099	462	489	342
>taipale_cyt_meth__TBX19_NANGTGTKANNNTNACACCTN_eDBD
2204	1441	2212	1620
6787	643	1110	838
1134	2511	2274	1558
851	370	7036	647
7	565	33	7363
46	10	7468	15
594	3605	284	6224
150	862	4351	2890
7414	26	184	52
3280	2025	563	1609
3438	472	356	3210
1613	804	1917	3143
65	348	28	7375
1818	3268	1995	396
6113	602	3027	1051
15	7475	4	20
7313	72	500	3
267	7398	133	322
938	6613	1452	707
690	1367	388	6778
1596	2363	1103	2415
>taipale_cyt_meth__TBX1_NNAGGTGTGANN_eDBD_meth
66	41	170	117
94	86	114	100
394	4	87	127
46	62	394	73
35	13	394	12
38	96	0	394
17	0	394	0
28	77	5	394
97	0	394	81
394	67	56	83
247	36	73	38
94	69	83	148
>taipale_cyt_meth__TBX21_NAGGTGTGAN_eDBD
1640	536	1859	1144
5179	217	1052	565
432	797	5179	653
6	6	5179	47
0	340	25	5179
0	0	5179	1
286	1119	192	5179
208	798	5179	1931
5179	89	640	140
2384	850	741	1203
>taipale_cyt_meth__TBX21_NAGGTGTGAN_eDBD_meth
9716	2297	6361	5416
23789	357	2191	1492
2954	6658	23789	3588
6	33	23789	0
0	4612	224	23789
0	0	23789	0
1256	7172	176	23789
871	2912	23789	7928
23789	30	667	124
13560	3365	1631	5233
>taipale_cyt_meth__TBX2_NAGGTGTGAN_eDBD_meth
676	368	648	402
2095	561	825	820
733	1626	2095	605
36	23	2095	8
31	1240	68	2095
0	0	2095	0
330	1107	69	2095
426	1911	2095	1633
2095	806	1430	945
607	557	415	516
>taipale_cyt_meth__TBX2_NAGGTGTGAN_eDBD_repr
183	182	273	132
770	354	367	472
222	463	770	225
0	38	770	1
10	325	31	770
6	0	770	0
83	295	89	770
40	575	770	353
770	406	1017	454
119	198	261	192
>taipale_cyt_meth__TBX3_NAGGTGTGAN_eDBD
644	399	1003	497
2544	481	1207	760
427	862	2544	302
6	45	2544	0
16	735	0	2544
0	0	2544	0
115	634	155	2544
170	1471	2544	1112
2544	410	947	484
760	586	620	578
>taipale_cyt_meth__TBX3_NAGGTGTGAN_eDBD_meth
4921	1768	6486	3031
16206	563	3215	979
1021	2698	16206	431
0	0	16206	0
0	3815	0	16206
0	0	16206	0
342	3196	0	16206
407	3729	16206	4051
16206	5	446	80
7785	2353	2990	3078
>taipale_cyt_meth__TBX6_NAGGTGTGAN_eDBD
2998	1630	4003	2456
11087	1173	3347	2157
1882	2913	11087	1058
58	63	11087	0
44	1002	0	11087
14	0	11087	12
552	3053	320	11087
1430	4876	11087	5964
11087	652	2251	713
4550	2066	2141	2330
>taipale_cyt_meth__TBX6_NAGGTGTGAN_eDBD_meth
2010	980	1860	1633
6482	975	1744	1583
1914	3857	6482	911
56	107	6482	72
20	1584	40	6482
64	21	6482	28
584	2092	235	6482
1262	3413	6482	4218
6482	519	1118	637
2747	1177	1020	1537
>dbtfbs__TBX21_GM12878_ENCSR739IHN_merged_N1
41	65	40	255
0	27	0	374
106	241	44	10
315	0	15	71
0	401	0	0
395	0	6	0
0	373	11	17
52	231	6	112
22	78	6	295
>homer__AGGTGTGAAM_Tbet
78.8	1.5	9.1	10.6
23.9	6.7	51.2	18.2
3.2	0.1	88.6	8.1
0.1	2.9	0.1	96.9
0.1	0.1	99.7	0.1
25.5	1.4	2.1	71
5.6	29.9	49.9	14.6
99.7	0.1	0.1	0.1
46.7	29.4	4.5	19.4
37.7	24.6	18	19.7
>homer__DAGGTGTBAA_Tbx6
32.9	14	33.6	19.5
76.9	3.2	13.6	6.3
14.5	4.1	77.7	3.7
2.6	4.4	89.2	3.8
1.5	6.7	1.5	90.3
2	1.5	94.2	2.3
12.9	32.6	4.6	49.9
4.904904905	37.63763764	27.72772773	29.72972973
88.9	1.4	7.1	2.6
61.7	15.4	15.1	7.8
>cisbp__M00215
64.1109215	5.816011584	18.00437406	12.06869285
20.368823	11.40447073	55.36820143	12.85850484
2.247789251	6.296205675	84.77046378	6.68554129
0.5276842136	13.74592951	0.03581970012	85.69056657
0.977094763	0.079406771	98.1825363	0.7609621666
14.40624	19.83923308	4.339076103	61.41545082
7.218134034	20.21846863	44.99702944	27.5663679
79.54228481	2.307786328	13.68484156	4.465087295
43.59152456	19.19908729	15.56247769	21.64691047
32.97864923	25.17522458	18.83770336	23.00842284
>cisbp__M00716
34.67291731	16.21535936	27.00329515	22.10842818
63.94737651	2.767821375	19.84715165	13.43765047
14.66621394	5.903506385	69.79389045	9.636389227
3.078719151	2.470729993	89.52461809	4.925932764
0.7723463938	4.356538703	0.07979278975	94.79132211
1.915990709	3.819940438	90.94317217	3.320896679
11.00813894	16.58725954	3.091433512	69.31316801
4.3693767	25.90977646	46.74093658	22.97991026
87.23959185	1.375281261	5.097031255	6.28809563
59.69269333	13.18671157	10.68894066	16.43165444
>cisbp__M00830
19.18002427	21.62541698	20.57073295	38.6238258
12.94971991	25.56116377	9.497932654	51.99118366
27.67469097	31.83347192	29.68133248	10.81050463
60.66646406	6.588930599	16.04490027	16.69970507
5.165308569	88.40821036	0.3649353164	6.061545758
82.01993164	0.01211831042	17.93873402	0.02921603104
9.887687178	78.3581719	6.694526577	5.059614344
12.3282583	51.516083	15.829797	20.32586169
15.23009209	19.55582535	9.330356403	55.88372616
25.12173106	28.32467267	14.93538532	31.61821096
>cisbp__M00835
35.39159484	14.53376202	29.85864337	20.21599976
67.24249497	4.008052304	17.9628442	10.78660853
19.79848308	10.97483937	60.67946406	8.547213493
2.027566555	2.8772539	92.46556748	2.629612067
0.3890021131	6.270333207	0.03978877257	93.30087591
1.136507558	1.430408424	97.31566894	0.1174150735
9.09808767	13.30399339	1.800499714	75.79741922
3.877928769	21.65640359	44.93878311	29.52688453
87.30995142	2.053333249	8.000183251	2.636532081
52.26045909	16.38293173	13.96061352	17.39599565
>cisbp__M01027
19.82001812	12.76481354	18.66579012	48.74937822
1.38191507	4.77536432	1.687874877	92.15484573
24.42670252	48.21532418	18.46130463	8.896668669
62.20554282	3.354974297	16.61729647	17.82218641
0.09646752081	95.72228167	1.996610715	2.184640098
87.57809932	0.2127858453	11.27435818	0.9347566599
6.60665664	82.93670463	4.993203674	5.463435053
14.74351475	50.44094811	14.30777803	20.50775911
12.11546889	19.77627638	7.496850935	60.61140379
23.98185876	31.41538243	14.11584125	30.48691757
>cisbp__M02496
33.46796394	8.50444256	32.47883612	25.54875739
71.48149868	3.063134252	16.43541827	9.019948792
15.03238863	10.28007047	67.37049181	7.31704908
0.6022614664	2.081182832	95.86456371	1.451991992
0.5058968121	10.47066398	0.02868380622	88.9947554
1.105188271	0.02351811514	98.49597662	0.375316992
9.543811285	9.078354116	3.44145006	77.93638454
6.141119541	35.69487286	28.64580646	29.51820114
56.85097618	6.961767489	25.80151965	10.38573668
36.37556396	19.5680323	24.87584443	19.1805593
