>kznf__ZNF324B_Imbeault2017_OM_MEME
85.7143	0	14.2857	0
28.5714	0	71.4286	0
0	100	0	0
0	100	0	0
85.7143	0	0	14.2857
14.2857	0	14.2857	71.4286
0	100	0	0
0	100	0	0
0	28.5714	14.2857	57.1429
0	0	14.2857	85.7143
28.57142857	14.28571429	14.28571429	42.85714286
14.2857	0	71.4286	14.2857
0	100	0	0
14.2857	0	0	85.7143
0	14.2857	71.4286	14.2857
28.57142857	28.57142857	28.57142857	14.28571429
14.2857	71.4286	0	14.2857
57.1429	14.2857	14.2857	14.2857
0	0	100	0
14.28571429	0	42.85714286	42.85714286
0	0	57.1429	42.8571
