>jaspar__MA0160.2
102	135	177	209
115	81	93	209
209	0	28	22
209	0	1	18
209	5	1	0
0	0	160	49
0	0	209	2
6	22	21	209
0	209	1	14
209	4	40	0
>jaspar__MA1111.1
488	692	418	606
1027	456	320	401
1788	37	173	206
2084	15	82	23
37	16	2108	43
33	12	2132	27
17	22	30	2135
30	1978	26	170
2111	16	43	34
633	503	544	524
847	384	572	401
>jaspar__MA1112.2
3484	3283	4159	5001
4463	3563	3380	4521
14313	236	823	555
15268	117	333	209
15684	62	128	53
427	92	12434	2974
300	166	14964	497
365	824	1358	13380
70	14949	151	757
15126	151	329	321
4456	3987	4075	3409
5239	3370	3887	3431
>swissregulon__hs__ESRRA
321	11052	657	1942
8425	5002	391	154
9529	293	4024	126
12253	14	1649	56
14	14	13930	14
210	154	11386	2222
349	1942	2459	9222
14	13762	140	56
13566	182	112	112
2082	3731	6846	1313
>swissregulon__hs__NR2C1
3.949438202	2.028089888	11.1011236	0.9606741573
0.9606741573	5.97752809	8.005617978	3.095505618
1.921348315	10.03370787	0.9606741573	5.123595506
4.803370787	8.112359551	4.056179775	1.06741573
12.16853933	0	5.870786517	0
4.162921348	2.882022472	9.926966292	1.06741573
17.07865169	0	0.9606741573	0
0	0	18.03932584	0
0	0	13.98314607	4.056179775
0	0	0	18.03932584
0	18.03932584	0	0
16.97191011	0	0	1.06741573
1.681179775	4.776685393	6.804775281	4.776685393
>swissregulon__hs__NR4A1
0	0	0	63
11	0	52	0
63	0	0	0
0	63	0	0
6	57	0	0
0	0	0	63
0	0	0	63
0	0	0	63
19	19	11	14
13	34	8	8
17	19	16	11
11	16	9	27
>swissregulon__hs__NR4A3
1.042818152	3.675339105	0.1409213718	0.1409213718
4.09810322	0.9018967798	0	0
5	0	0	0
5	0	0	0
0	0	5	0
0	0	5	0
0	0	0	5
0	4.436314513	0.5636854874	0
5	0	0	0
0.1409213718	1.944714931	2.773442325	0.1409213718
>swissregulon__mm__Nr2f1
8.073440185	52.97065681	7.155529673	14.96590923
57.04273941	8.970489094	8.094301787	9.058005609
54.61872341	4.172320509	17.61533276	6.759159224
66.83955239	0	16.3259835	0
0.7510176916	0	82.41451821	0
0	0	63.32259285	19.84294305
0.7510176916	7.138738175	2.336499485	72.93928055
0.8344641018	75.60956567	0.7510176916	5.970488432
70.61957256	7.080223472	3.775950061	1.689789806
>flyfactorsurvey__ftz-f1_SANGER_5_FBgn0001078
6	0	0	0
6	0	0	0
0	0	6	0
0	0	6	0
0	0	0	6
0	6	0	0
6	0	0	0
>hocomoco__COT1_HUMAN.H11MO.0.C
90	73	270	67
144	37	275	44
124	39	296	41
104	59	295	42
43	75	181	201
66	238	145	51
316	56	97	31
206	24	262	8
363	0	135	2
9	0	456	35
8	5	481	6
5	39	140	316
33	432	21	14
480	2	8	10
102	63	259	76
113	92	247	48
93	84	253	70
>hocomoco__COT1_MOUSE.H11MO.0.B
8	53	7	15
57	9	8	9
54	4	18	7
67	0	16	0
1	0	82	0
0	0	63	20
1	7	2	73
1	75	1	6
70	7	4	2
>hocomoco__COT2_HUMAN.H11MO.1.A
158	43	215	84
132	23	282	63
135	51	254	60
91	92	256	61
64	132	100	204
99	272	62	67
319	38	59	84
249	12	229	10
366	1	129	4
13	2	450	35
14	5	455	26
6	24	92	378
35	416	24	25
479	7	8	6
113	90	208	89
151	98	187	64
130	77	232	61
>hocomoco__NR4A2_HUMAN.H11MO.0.C
22	2	7	2
28	0	3	2
31	1	1	0
0	0	31	2
1	1	30	1
1	5	0	27
0	30	0	3
33	0	0	0
6	14	10	3
>hocomoco__NR4A3_HUMAN.H11MO.0.D
1	4	0	0
4	1	0	0
5	0	0	0
5	0	0	0
0	0	5	0
0	0	5	0
0	0	0	5
0	4	1	0
5	0	0	0
0	2	3	0
>hocomoco__PPARA_HUMAN.H11MO.1.B
75	248	69	108
9	7	3	481
15	40	443	2
337	105	52	6
50	442	4	4
5	467	3	25
1	56	1	442
3	130	71	296
29	36	75	360
>hocomoco__PPARA_MOUSE.H11MO.1.A
42	299	117	42
453	21	14	12
347	41	107	5
469	0	29	2
22	3	469	6
10	1	442	47
12	41	103	344
22	396	48	34
436	24	13	27
>hocomoco__RARG_HUMAN.H11MO.2.D
5	3	12	4
5	4	11	4
8	1	11	4
0	1	18	5
1	5	10	8
5	2	5	12
3	12	5	4
13	3	7	1
5	8	8	3
4	15	3	2
6	7	7	4
12	3	6	3
9	6	9	0
20	0	3	1
0	0	24	0
0	0	17	7
4	0	0	20
2	20	2	0
23	1	0	0
7	8	8	1
>hocomoco__RXRA_HUMAN.H11MO.0.A
127	112	204	57
151	46	207	96
78	44	303	75
119	46	184	151
122	121	188	69
234	21	159	86
101	72	240	87
143	90	168	99
118	173	168	41
290	15	130	65
174	34	278	14
352	7	137	4
33	5	455	7
8	20	424	48
24	17	150	309
22	395	57	26
454	18	19	9
127	88	227	58
198	62	157	83
122	72	267	39
>hocomoco__RXRA_MOUSE.H11MO.0.A
198	38	192	71
120	55	224	100
101	78	266	54
155	68	190	86
65	103	112	219
89	211	117	82
209	96	124	70
154	71	179	95
197	44	247	11
410	11	73	5
28	4	452	15
9	24	195	271
15	29	27	428
5	455	34	5
454	12	19	14
386	25	63	25
53	11	417	18
30	14	428	27
40	132	65	262
17	370	51	61
350	29	64	56
>hocomoco__RXRA_MOUSE.H11MO.1.A
162	65	237	36
96	60	276	68
165	28	243	64
110	24	206	160
58	137	274	31
208	31	198	63
76	79	119	226
75	235	126	64
251	84	100	65
231	56	151	62
230	28	225	17
395	2	100	3
17	0	479	4
6	0	272	222
21	19	27	433
6	467	16	11
487	5	3	5
282	63	106	49
93	47	329	31
75	38	333	54
89	127	88	196
69	273	84	74
>taipale__Rara_DBD_RGGTCANNNARRGGTCA
237	0	30	1
2	2	236	2
1	3	206	47
1	1	7	252
0	354	2	3
314	0	0	1
81	138	17	49
37	73	72	83
60	107	18	93
222	15	18	46
213	3	57	4
252	3	25	0
0	1	221	0
0	1	193	30
0	1	0	234
1	387	0	3
281	0	5	0
>nitta__Hr38_TTCGTA20NTA_KH_NAAAGGTCA_m1_c2
1343	1702	1664	2816
7525	27	989	971
7525	0	35	616
7525	0	28	8
2	0	7525	2021
72	0	7525	110
76	260	916	7525
23	7525	117	1010
7525	30	772	82
>taipale_cyt_meth__NR4A1_NAAAGGTCAN_eDBD_2
2875	3024	3465	4687
14050	69	1441	1961
14050	2	94	837
14050	0	27	25
7	19	14050	2519
0	0	14050	0
30	267	1568	14050
49	14050	100	1219
14050	0	1520	54
3956	3846	2490	3759
>taipale_cyt_meth__NR4A1_NAAAGGTCAN_eDBD_meth
4983	4704	7361	9394
26442	0	2359	2376
26442	0	26	971
26442	0	0	0
0	0	26442	3778
48	0	26442	81
0	314	2011	26442
0	26442	0	1829
26442	0	11576	49
7889	7294	5297	5963
>taipale_cyt_meth__NR4A1_NAAAGGTCRN_eDBD_meth
3001	3183	4946	6056
17186	0	1782	1842
17186	0	0	928
17186	0	0	0
0	0	17186	2868
44	0	17186	52
30	77	1530	17186
0	17186	0	1206
12172	0	5014	27
4492	4927	3263	4504
>taipale_cyt_meth__NR4A2_NAAAGGTCRN_eDBD
730	1198	1310	1298
4536	25	1121	1275
4536	0	44	835
4536	10	32	0
0	0	4536	2008
19	0	4536	72
55	188	882	4536
0	4536	124	634
3755	11	781	0
1040	1517	655	1325
>taipale_cyt_meth__NR4A2_NAAAGGTCRN_eDBD_meth
1921	2951	4796	4288
13955	47	3211	2826
13955	0	0	1592
13955	0	0	0
0	0	13955	3014
0	0	13955	73
121	0	2604	13955
0	13955	13	1452
9964	0	3991	0
3320	3641	3213	3782
>dbtfbs__NR2F2_representative_N1
229	25	216	30
65	31	355	49
59	55	332	54
34	98	113	255
54	325	45	76
382	55	43	20
231	32	230	7
394	0	103	3
1	0	499	0
28	3	418	51
2	53	46	399
0	452	23	25
459	0	34	7
>dbtfbs__NR2F6_representative_N1
7	30	7	456
34	21	444	1
437	34	27	2
24	468	2	6
3	493	1	3
0	77	0	423
11	214	25	250
22	36	36	406
53	54	331	62
223	101	126	50
57	302	88	53
56	334	41	69
31	218	40	211
>dbtfbs__RXRB_HepG2_ENCSR560SEP_merged_N1
67	23	265	41
67	25	249	55
59	59	156	122
35	197	99	65
289	85	19	3
249	22	108	17
321	0	75	0
13	0	383	0
4	0	328	64
3	43	47	303
22	287	48	39
321	14	44	17
>elemento__AAGGTCAC
100	0	0	0
100	0	0	0
0	0	100	0
0	0	100	0
0	0	0	100
0	100	0	0
100	0	0	0
0	100	0	0
>homer__GKBCARAGGTCA_COUP-TFII
20.5	21.7	47.3	10.5
14.6	20.5	39.8	25.1
14.1	29.2	21.8	34.9
20.9	42.6	18.2	18.3
46.1	14.9	18.4	20.6
46.65334665	3.596403596	46.25374625	3.496503497
68.8	0.1	31	0.1
0.1	0.1	99.5	0.3
0.5	0.1	95.1	4.3
0.7	3	6.5	89.8
0.9	81.5	4	13.6
95.5	0.1	0.5	3.9
>homer__TGACCTTTNCNT_Nur77
0.1	0.1	0.1	99.7
17.7	0.1	82.1	0.1
99.7	0.1	0.1	0.1
0.1	99.7	0.1	0.1
8.8	91	0.1	0.1
0.1	0.1	0.1	99.7
0.1	0.1	0.1	99.7
0.1	0.1	0.1	99.7
30.83083083	30.03003003	16.71671672	22.42242242
20.9	53.5	12.2	13.4
26.6	29.5	26.1	17.8
18.1	25.5	13.6	42.8
>homer__TTGAMCTTTG_RARa
12.9	21.2	15.7	50.2
2.5	4.4	2.8	90.3
2.5	2.4	88.5	6.6
69	5.7	19.6	5.7
44.2	52.5	0.1	3.2
1.4	88.8	1.4	8.4
0.4	28.8	0.7	70.1
9	28	14.1	48.9
18.3	12.8	25.2	43.7
22.1	17.9	40.1	19.9
>cisbp__M00818
72.22222222	1.388888889	13.88888889	12.5
81.44329897	1.030927835	5.154639175	12.37113402
97.27272727	0.9090909091	0.9090909091	0.9090909091
0.9009009009	0.9009009009	74.77477477	23.42342342
2.678571429	0.8928571429	94.64285714	1.785714286
0.8928571429	9.821428571	8.928571429	80.35714286
0.9615384615	83.65384615	1.923076923	13.46153846
79.01234568	2.469135802	16.04938272	2.469135802
>cisbp__M05881
29.5	18.2	16.8	35.5
77.57757758	0.9009009009	7.407407407	14.11411411
88.9	1.1	1.9	8.1
94.9	1.2	2.8	1.1
2.397602398	0.4995004995	70.82917083	26.27372627
4.9	0.7	87	7.4
1.601601602	5.805805806	10.71071071	81.88188188
2.697302697	66.63336663	6.793206793	23.87612388
83.01698302	1.098901099	12.68731269	3.196803197
>cisbp__M07994
24.8	12.2	47.4	15.6
22	12.2	47.6	18.2
17.2	19.6	38.2	25
13.8	51.2	18.6	16.4
59.4	21.8	9	9.8
50.2	8.6	37.4	3.8
74.8	0	25.2	0
4.6	0	95.4	0
4.4	0	80.2	15.4
4.4	8.8	15	71.8
3.8	84	8	4.2
93.6	0	2.8	3.6
28.8	20.8	37.4	13
29	11	35.8	24.2
12.8	14	53	20.2
>cisbp__M08223
69.8944	12.8521	9.1549	8.0986
69.89433011	7.57039243	19.54228046	2.992997007
85.21121479	1.584498416	10.21128979	2.992997007
5.80989419	1.408498592	87.67601232	5.105594894
4.577495423	7.394392606	79.4013206	8.626791373
8.274608275	8.802808803	10.91551092	72.00707201
7.218307218	78.52117852	7.57040757	6.69010669
85.0352	5.6338	3.5211	5.8099
>cisbp__M09286
67.01136402	6.299242111	22.83459648	3.854797392
86.90782988	0	7.709594784	5.382575341
96.14520261	0	3.854797392	0
0	0	94.31186907	5.688130931
3.854797392	0	93.08964671	3.055555899
2.444444719	15.34848453	0	82.20707075
0	90.95075758	0	9.04924242
100	0	0	0
18.43939295	43.90656446	30.93181961	6.722222977
