>swissregulon__sacCer__SKN7
27.16	65.07	28.47	7.28
55.69	12.13	50.76	9.4
31.79	39.7	41.08	15.41
17.79	13.51	40.03	56.66
30.22	13.45	14.31	70
100.43	62.38	32.27	60.89
3.77	63.67	47.7	142.12
18.67	39.53	195.23	2.55
6.78	6.34	240.75	2.12
2.12	240.75	6.34	6.78
2.55	215.71	19.05	18.67
79.4	28.5	16.31	3.77
33.55	10.48	27.55	56.4
70	14.31	13.45	30.22
>cisbp__M01961
34.67992866	10.36037364	13.8643718	41.0953259
20.84324868	13.29901681	30.62047444	35.23726007
9.235056047	26.13482466	54.49699717	10.13312212
0.01305557723	11.87416615	88.11277827	1.168466587e-09
0.001101268908	99.99746762	0.001431113888	1.204739161e-09
1.204739161e-09	0.001431113888	99.99746762	0.001101268908
1.168466587e-09	88.11277827	11.87416615	0.01305557723
10.13312212	54.49699717	26.13482466	9.235056047
35.23726007	30.62047444	13.29901681	20.84324868
41.0953259	13.8643718	10.36037364	34.67992866
>cisbp__M01962
31.5084218	16.73688118	17.51293556	34.24176146
24.7124241	11.27455029	24.26236268	39.75066293
14.22858594	25.97858414	53.55936385	6.233466069
2.874458756e-09	4.543755999	95.45624399	3.400796383e-09
0.0001203655461	99.99987963	1.971509066e-09	2.302918008e-09
2.302918008e-09	1.971509066e-09	99.99987963	0.0001203655461
3.400796383e-09	95.45624399	4.543755999	2.874458756e-09
6.233466069	53.55936385	25.97858414	14.22858594
39.75066293	24.26236268	11.27455029	24.7124241
34.24176146	17.51293556	16.73688118	31.5084218
>cisbp__M01963
35.12037527	11.75202694	11.54512089	41.58247691
23.08681567	5.871241806	22.98729667	48.05464585
13.81995459	20.92595012	53.37316887	11.88092642
1.917604949e-09	0.006608678524	98.86028282	1.133108497
1.813820292e-09	98.3412164	1.09692344e-09	1.658783597
1.658783597	1.09692344e-09	98.3412164	1.813820292e-09
1.133108497	98.86028282	0.006608678524	1.917604949e-09
11.88092642	53.37316887	20.92595012	13.81995459
48.05464585	22.98729667	5.871241806	23.08681567
41.58247691	11.54512089	11.75202694	35.12037527
