>jaspar__MA0142.1
63	846	66	389
579	58	28	701
11	50	36	1270
47	12	79	1231
118	363	825	63
415	18	29	907
206	365	186	612
1235	30	24	80
17	5	15	1332
10	16	1239	104
14	1029	129	196
1050	16	30	269
887	68	315	92
1200	33	75	53
198	119	207	837
>hocomoco__NANOG_HUMAN.H11MO.0.A
64	129	140	166
22	243	89	145
44	255	35	165
153	22	30	294
6	30	21	442
34	4	19	442
55	124	294	26
188	21	18	272
115	130	96	158
403	17	20	59
34	7	15	443
13	9	405	72
14	317	58	110
340	16	8	135
331	25	120	23
402	24	34	39
70	75	100	254
>hocomoco__NANOG_MOUSE.H11MO.0.A
51	118	125	206
21	267	88	124
33	265	15	187
197	9	9	285
6	10	14	470
19	4	19	458
26	132	302	40
114	23	19	344
85	130	103	182
311	25	41	123
20	11	22	447
11	13	325	151
23	271	61	145
272	31	17	180
332	25	92	51
406	12	26	56
98	43	77	282
>hocomoco__PO3F1_HUMAN.H11MO.0.C
5	5	4	1
9	0	4	2
1	0	1	13
1	0	6	8
1	5	7	2
6	0	0	9
9	0	1	5
14	0	0	1
1	0	1	13
1	1	12	1
1	12	2	0
9	0	3	3
8	1	2	4
6	2	3	4
>hocomoco__PO5F1_HUMAN.H11MO.0.A
26	260	97	117
37	265	40	158
195	22	20	263
10	32	12	446
36	11	14	439
52	157	258	33
190	18	16	276
88	125	50	237
442	10	16	32
7	1	8	484
6	4	461	29
7	380	47	66
395	10	15	80
310	30	127	33
415	18	34	33
80	69	61	290
>hocomoco__PO5F1_MOUSE.H11MO.0.A
27	246	115	111
30	259	23	187
263	9	8	219
6	10	7	476
24	3	29	443
49	114	301	35
163	8	7	321
113	110	71	205
431	5	14	49
1	2	1	495
3	0	460	36
10	362	35	92
335	9	9	146
348	20	81	50
452	9	21	17
95	38	69	297
>dbtfbs__NANOG_representative_N1
64	22	9	335
37	97	21	275
125	3	0	302
150	40	238	2
113	317	0	0
406	0	2	22
43	18	20	349
164	65	102	99
255	10	8	157
25	242	112	51
402	1	0	27
411	11	8	0
221	17	26	166
149	29	216	36
>dbtfbs__POU5F1_GM23338_ENCSR264RJX_merged_N1
36	243	38	141
201	15	23	219
3	6	18	431
38	1	16	403
45	123	258	32
195	13	12	238
103	96	48	211
429	0	11	18
0	1	4	453
1	1	432	24
3	326	35	94
345	0	21	92
277	36	104	41
398	11	24	25
72	67	47	272
>dbtfbs__mm_POU5F1_E14TG2a.4_ENCSR392DGA_merged_N1
41	60	28	323
88	74	41	249
34	20	11	387
32	20	399	1
33	419	0	0
451	0	0	1
13	2	0	437
253	29	103	67
300	0	2	150
14	238	139	61
372	70	1	9
436	9	7	0
184	7	5	256
133	20	274	25
>homer__ATTTGCATAACAATG_OCT4-SOX2-TCF-NANOG
76.8	8.1	4.5	10.6
2.3	1.2	0.3	96.2
2.897102897	10.18981019	1.398601399	85.51448551
19	0.8	0.7	79.5
16.18381618	8.891108891	72.72727273	2.197802198
8.508508509	90.89089089	0.1001001001	0.5005005005
97.4	1	0.1	1.5
8.108108108	2.002002002	0.4004004004	89.48948949
53.7	10.3	18.6	17.4
62.4	5.6	1.2	30.8
12.7	59.5	17.7	10.1
93.40659341	1.798201798	0.999000999	3.796203796
92.40759241	1.498501499	3.096903097	2.997002997
39.83983984	1.201201201	3.803803804	55.15515516
22.2	5.3	64.4	8.1
>cisbp__M07976
12.5326	26.3708	28.1984	32.8982
6.266306266	53.78595379	12.79371279	27.15402715
6.5274	62.141	5.483	25.8486
43.0809	3.1332	0.7833	53.0026
0.5222	1.3055	1.5666	96.6057
3.9164	0.5222	3.6554	91.906
8.616191384	24.02087598	63.70753629	3.655396345
24.282	0	2.3499	73.3681
13.3159	33.4204	9.3995	43.8642
99.2167	0	0.2611	0.5222
0.2611	0	0.2611	99.4778
0	0	91.906	8.094
0.7833	74.1514	9.9217	15.1436
82.24548225	1.566601567	3.916403916	12.27151227
53.002653	7.04960705	27.41512742	12.53261253
75.1958	7.8329	9.3995	7.5718
19.8433	14.6214	10.9661	54.5692
>cisbp__M08031
0	38.1356	10.1695	51.6949
5.9322	44.0678	4.2373	45.7627
28.8136	5.9322	1.6949	63.5593
0	3.38980339	5.084705085	91.52549153
7.6271	0.8475	8.4746	83.0508
15.2542	28.8136	32.2034	23.7288
38.1356	1.6949	5.9322	54.2373
25.4237	24.5763	3.3898	46.6102
65.2542	4.2373	0.8475	29.661
0.8475	0	0	99.1525
0	0	72.8814	27.1186
7.627107627	44.06784407	15.25421525	33.05083305
66.94913305	0	0.8474991525	32.2033678
79.661	0	13.5593	6.7797
90.67790932	6.77969322	2.542397458	0
>cisbp__M08032
5.8642	50.6173	17.5926	25.9259
5.2469	62.3457	4.0123	28.3951
54.0123	2.7778	0.6173	42.5926
0	2.4691	2.1605	95.3704
0	0	12.963	87.037
9.8765	27.7778	57.0988	5.2469
32.71603272	1.234601235	0.3086003086	65.74076574
17.5926	26.8519	8.9506	46.6049
93.20980679	1.234598765	2.16049784	3.395096605
2.7778	0	0	97.2222
0	0	92.284	7.716
0	86.4198	3.7037	9.8765
80.86411914	1.851898148	2.16049784	15.12348488
52.46915247	10.49381049	20.06172006	16.97531698
79.321	4.9383	8.0247	7.716
>cisbp__M08033
8.7879	50.6061	6.3636	34.2424
58.1818	2.1212	1.5152	38.1818
3.6364	2.1212	3.3333	90.9091
6.6667	0	3.9394	89.3939
5.7576	34.2424	52.4242	7.5758
40.9091	1.2121	2.1212	55.7576
30.00003	23.33332333	14.24241424	32.42423242
85.1515	1.2121	3.0303	10.6061
0	0	0.9091	99.0909
0	0	85.7576	14.2424
1.8182	70.9091	8.1818	19.0909
71.2121	1.2121	0	27.5758
75.1515	1.8182	18.7879	4.2424
89.39398939	3.03030303	4.242404242	3.333303333
16.3636	11.8182	12.1212	59.697
>cisbp__M08042
4.4444	4.127	2.5397	88.8889
8.253991746	17.46028254	1.904798095	72.38092762
28.5714	1.5873	3.1746	66.6667
21.9048	10.1587	64.7619	3.1746
13.6508	86.0317	0	0.3175
95.5556	3.8095	0	0.6349
18.4127	6.0317	1.5873	73.9683
37.4603	13.9683	22.8571	25.7143
69.20636921	1.26980127	1.26980127	28.25402825
8.254	56.8254	27.3016	7.619
96.8254	0.9524	0	2.2222
94.9206	3.4921	1.5873	0
42.22224222	0.6349006349	2.222202222	54.92065492
36.5079	4.4444	52.381	6.6667
22.2222	22.5397	50.1587	5.0794
>cisbp__M09221
32.5	34.31818182	27.95454545	5.227272727
59.09090909	0	25	15.90909091
9.090909091	0	4.545454545	86.36363636
9.090909091	0	39.09090909	51.81818182
6.818181818	30	51.81818182	11.36363636
39.09090909	0	0	60.90909091
60.45454545	0	8.181818182	31.36363636
95.45454545	0	0	4.545454545
6.060606061	1.515151515	6.060606061	86.36363636
9.090909091	4.545454545	81.81818182	4.545454545
6.060606061	78.78787879	15.15151515	0
60	0	18.18181818	21.81818182
58.78787879	4.545454545	10.60606061	26.06060606
43.18181818	8.636363636	21.36363636	26.81818182
