>flyfactorsurvey__Caup_SOLEXA_FBgn0015919
999	460	626	819
577	201	639	1487
1415	0	511	978
2904	0	0	0
2	2902	0	0
2904	0	0	0
>flyfactorsurvey__kenF1-CG4360_F2-3_SOLEXA_5
829	1042	467	125
1340	1068	19	35
0	22	30	2409
0	28	48	2388
277	85	0	2101
8	23	2281	150
0	9	8	2446
0	20	0	2443
9	8	2428	17
4	371	566	1521
657	459	698	646
437	448	979	598
325	547	709	881
361	518	797	785
415	537	867	642
>hocomoco__SOX2_MOUSE.H11MO.0.A
35	92	146	226
28	281	71	119
25	272	8	194
219	6	4	270
1	11	5	482
7	1	2	489
39	76	372	12
52	1	12	434
113	124	78	184
340	39	33	87
36	5	19	439
19	29	375	76
24	317	59	99
279	51	17	152
277	47	72	103
386	19	38	56
>cisbp__M00197
31.22185901	20.10801434	25.30794704	23.36217961
31.52257435	16.13037169	28.52280478	23.82424918
42.52305662	16.61068956	21.75941283	19.10684099
60.29190739	4.302507057	2.971889333	32.43369622
5.821089509	50.47546843	24.56904813	19.13439393
97.18327323	1.643122855	0.03864254575	1.134961366
89.01958436	3.123194621	7.837002248	0.02021877594
18.02328681	5.215654761	4.400264417	72.36079401
>cisbp__M00206
32.97440045	19.60395863	24.18497365	23.23666727
31.59747782	16.16870044	28.59058025	23.64324148
38.7558919	18.49097533	21.48344833	21.26968444
69.67678176	5.893600763	5.440479204	18.98913827
4.653592128	50.78694949	19.83879615	24.72066224
99.76117821	0.12909317	0.08149440699	0.02823421081
90.22731668	5.432134917	4.316013725	0.02453467707
22.11477849	3.54751052	3.084057486	71.2536535
