>cisbp__M06623
21.97127803	3.08009692	43.73715626	31.21146879
4.517495483	71.86852813	1.642698357	21.97127803
48.2546	9.8563	22.3819	19.5072
10.0616	76.1807	4.9281	8.8296
31.0062	6.7762	53.5934	8.6242
45.17454517	18.06981807	18.68581869	18.06981807
43.7372	5.9548	8.8296	41.4784
15.4004	7.8029	4.9281	71.8686
16.2218	55.0308	1.0267	27.7207
3.0801	53.7988	0	43.1211
3.901403901	95.89329589	0.2053002053	0
26.69402669	3.901403901	65.70846571	3.696103696
98.768	0.2053	1.0267	0
9.4456	1.6427	75.154	13.7577
>cisbp__M06689
58.5	8.5	15.8333	17.1667
3.6667	90.3333	1.8333	4.1667
34.8333	3.6667	54.5	7
47.6667	14.5	21.3333	16.5
43.83334383	6.833306833	5.833305833	43.5000435
15.83331583	6.833306833	2.000002	75.33337533
17.3333	50.6667	0.6667	31.3333
2.666697333	58.16664183	0	39.16666083
0.1666998333	99.66660033	0	0.1666998333
24.1667	5.5	63.5	6.8333
99.8333	0	0.1667	0
3.833303833	1.000001	73.33337333	21.83332183
