>kznf__ZNF81_Imbeault2017_OM_RCADE
17.70830531	9.375002813	1.041670313	71.87502156
9.37499625	1.041669583	88.54166458	1.041669583
5.208331562	1.041670313	92.70832781	1.041670313
1.041670313	1.041670313	5.208331562	92.70832781
21.87499344	21.87499344	51.04168469	5.208328438
26.04169219	21.87499344	46.87498594	5.208328438
30.2083	46.875	13.5417	9.375
96.87499031	1.041669896	1.041669896	1.041669896
1.041669896	96.87499031	1.041669896	1.041669896
1.04167	67.7083	5.20833	26.0417
96.87499031	1.041669896	1.041669896	1.041669896
1.04167	46.875	46.875	5.20833
5.208332083	30.20831208	5.208332083	59.37502375
21.875	26.0417	9.375	42.7083
26.0417	21.875	34.375	17.7083
51.04164896	13.54168646	26.04167396	9.374990625
21.875	1.04167	71.875	5.20833
96.87499031	1.041669896	1.041669896	1.041669896
>kznf__ZNF81_Imbeault2017_RP_RCADE
14.16080991	12.76220893	5.069933549	68.0070476
18.35660734	2.972031189	77.09793084	1.573430629
0.8741261573	0.8741261573	96.6783174	1.573430283
0.8741261224	1.57343022	8.566431199	88.98601246
26.74829198	15.55939533	50.52448484	7.16782785
24.6503	30.2448	30.2448	14.8601
30.94409072	38.63638841	7.16782785	23.25169302
95.9790192	0.174825035	0.174825035	3.671330734
0.8741261224	93.88111314	3.671330514	1.57343022
0.8741255542	72.20276318	0.1748249108	26.74828636
95.2797181	0.8741261661	3.671330698	0.1748250332
6.468528059	38.63638841	33.74128988	21.15379365
6.468532587	21.15380846	9.965033986	62.41262497
29.5455	15.5594	17.6573	37.2378
40.035	12.7622	17.6573	29.5455
51.22378463	9.26572722	28.84619135	10.6642968
31.6433826	0.1748249038	66.60836337	1.573429135
98.77622371	0.174825042	0.8741262098	0.174825042
