>jaspar__MA0071.1
15	1	2	7
9	1	0	15
6	12	4	3
11	2	5	7
21	0	4	0
0	0	25	0
0	0	25	0
0	0	0	25
0	25	0	0
25	0	0	0
>jaspar__MA1150.1
785	14	29	172
526	26	24	425
233	162	201	403
53	165	235	547
602	14	358	26
16	25	907	52
32	13	928	27
28	146	50	776
47	781	17	155
896	15	63	26
205	326	145	324
>flyfactorsurvey__Hr46_SANGER_5_FBgn0000448
0	4	0	17
1	0	20	0
18	0	0	3
0	20	1	0
0	21	0	0
0	5	0	16
12	3	4	2
4	6	5	6
9	0	0	12
4	1	5	11
>hocomoco__THB_HUMAN.H11MO.1.D
4	16	22	10
8	12	27	5
1	2	10	39
3	29	18	2
51	0	1	0
0	5	44	3
1	4	46	1
10	0	0	42
1	50	1	0
45	6	0	1
>transfac_public__M00156
10	2	7	6
9	3	3	10
15	1	2	7
9	1	0	15
6	12	4	3
11	2	5	7
21	0	4	0
0	0	25	0
0	0	25	0
0	0	0	25
0	25	0	0
25	0	0	0
7	5	2	10
>homer__NRBCARRGGTCA_EAR2
28.22822823	21.22122122	31.53153153	19.01901902
24.9	20.2	38.1	16.8
17.28271728	22.87712288	25.87412587	33.96603397
20.77922078	43.05694306	17.08291708	19.08091908
40	22.3	13.6	24.1
42.4	6	48.8	2.8
55.3	0.1	44.5	0.1
0.1	0.1	99.7	0.1
0.1	0.1	97.5	2.3
0.1	6.5	4.3	89.1
0.1	89.8	4.1	6
99.7	0.1	0.1	0.1
>cisbp__M02393
29.25025147	27.2727537	20.00311819	23.47387665
26.15380096	19.37521229	37.11401021	17.35697655
62.11535875	2.94171658	29.63610203	5.306822632
4.03505604	3.370362112	78.65098787	13.94359398
8.57475965	0.07199367323	84.67521715	6.678029531
5.14475128	4.646306857e-07	7.675067023	87.18018123
7.369745277	82.87911853	6.507098798e-06	9.751129684
93.20472503	3.097667326e-10	6.785570815	0.009704150676
28.50397301	32.13813983	17.81504779	21.54283937
