>kznf__ZNF554_Schmitges2016_RCADE
5.688198862	86.30618274	3.160109368	4.845509031
41.08146303	16.08148553	8.7780821	34.05896935
4.283709572	8.778089122	82.09269179	4.845509515
54.84547806	1.47471941	41.64328334	2.036519185
6.53089791	2.598309169	90.23877112	0.6320217978
1.755619473	61.30618161	4.845508546	32.09269037
1.474720521	97.26123433	0.07022472479	1.193820421
70.29490703	9.90169099	13.55340136	6.250000625
13.2725	28.1601	35.4635	23.1039
17.2051	20.8567	42.2051	19.7331
5.4073	19.4522	12.7107	62.4298
43.89043744	0.0702247599	46.13763936	9.901698446
4.564608631	3.160109052	88.27247352	4.002808799
18.60959628	1.474719705	56.53088869	23.38479532
14.3960856	5.969094031	42.20505779	37.42976257
13.8343	11.3062	27.8792	46.9803
39.11520391	7.092700709	44.45220445	9.339890934
5.688200569	79.28370793	7.373600737	7.654490765
19.17130192	15.51970155	9.90169099	55.40730554
26.19377381	18.04778195	42.20505779	13.55338645
15.2388	26.4747	33.2163	25.0702
