>jaspar__MA1520.1
968	516	587	922
213	516	51	2397
80	45	2938	8
364	2837	53	219
439	243	116	2859
316	185	2739	682
2712	343	116	432
387	1277	1431	344
529	89	404	2715
609	2776	156	301
2904	103	314	359
216	51	2821	329
48	2964	56	66
2353	72	562	210
977	575	486	955
>jaspar__MA1521.1
2273	1563	2152	2475
673	1857	316	6277
304	206	8343	119
970	7939	185	540
973	986	451	8138
668	475	8028	1291
7498	1615	317	1231
602	3985	4024	657
1281	240	1781	7524
1204	7985	422	715
8128	453	889	1123
473	104	7957	973
26	8371	221	258
6132	223	1956	802
2465	2126	1532	2340
>swissregulon__hs__MAFG
2026	552	881	1134
2191	320	479	1524
1875	579	526	1643
1426	824	1086	1485
347	1054	129	4653
35	63	5729	15
546	4775	9	156
405	480	133	4965
306	161	5400	783
3773	215	84	299
487	2340	2637	514
332	92	386	4924
728	4731	201	341
3845	110	506	396
141	21	5390	510
14	5143	129	59
3566	91	1135	375
1550	892	752	1569
1907	430	676	1646
1866	470	427	1886
1295	852	575	2092
>swissregulon__mm__Mafb
139	97	64	200
64	36	86	314
25	84	376	15
94	335	7	64
58	48	39	355
108	16	321	55
363	35	43	59
41	172	276	11
0	0	1	499
10	490	0	0
500	0	0	0
0	0	461	39
0	499	1	0
465	0	20	15
196	80	90	134
214	25	18	243
169	23	10	298
>flyfactorsurvey__tj_SANGER_5_FBgn0000964
1	3	1	18
0	0	23	0
1	21	0	1
0	2	0	21
0	1	21	1
23	0	0	0
0	12	8	3
2	2	8	11
6	8	1	8
14	5	2	2
1	0	21	1
2	17	4	0
>hocomoco__MAFF_HUMAN.H11MO.0.B
27	33	39	374
10	45	362	56
26	418	14	15
40	29	3	401
13	53	352	55
365	24	21	63
28	194	205	46
40	42	28	363
43	313	20	97
318	27	58	70
31	44	296	102
19	369	53	32
279	52	57	85
84	111	106	172
111	65	58	239
78	84	22	289
47	120	37	269
62	97	63	251
>hocomoco__MAFF_HUMAN.H11MO.1.B
30	11	14	442
6	27	445	19
28	450	11	8
20	10	1	466
9	16	440	32
410	8	14	65
16	156	303	22
34	53	33	377
46	318	61	72
>hocomoco__MAFF_MOUSE.H11MO.0.A
230	68	123	79
296	17	126	61
318	23	88	71
310	41	58	91
176	110	121	93
61	35	22	382
15	18	466	1
66	427	3	4
17	16	3	464
5	16	455	24
469	9	9	13
17	244	214	25
35	56	32	377
70	333	39	58
353	14	78	55
40	10	414	36
9	423	44	24
384	30	43	43
208	77	135	80
254	49	70	127
233	39	49	179
191	66	67	176
>hocomoco__MAFG_HUMAN.H11MO.0.A
63	43	19	305
5	31	387	7
57	360	0	13
33	47	0	350
22	22	350	36
390	6	13	21
5	178	238	9
0	1	0	429
3	427	0	0
424	0	4	2
2	1	414	13
0	430	0	0
370	4	31	25
117	90	113	110
184	16	17	213
131	37	5	257
116	81	21	212
72	133	55	170
>hocomoco__MAFK_HUMAN.H11MO.0.A
208	49	110	64
219	32	97	83
252	17	30	132
224	21	14	172
128	87	68	148
22	16	3	390
0	4	427	0
27	402	0	2
3	5	0	423
4	1	416	10
419	1	1	10
14	186	207	24
37	9	7	378
41	345	12	33
362	2	35	32
11	21	272	127
21	320	61	29
263	60	43	65
>hocomoco__MAFK_MOUSE.H11MO.0.A
154	41	131	115
189	27	81	144
245	19	26	151
184	53	46	158
65	169	82	125
21	24	1	395
1	0	440	0
1	439	1	0
10	8	0	423
0	5	427	9
420	9	0	12
5	134	287	15
15	22	5	399
38	368	7	28
387	2	35	17
18	36	231	156
18	332	61	30
204	59	64	114
100	125	49	167
116	52	83	190
>taipale__MAFK_DBD_NNNNTGCTGASTCAGCANNNN
1431	553	835	1068
1590	459	595	1204
1383	603	596	1315
1187	669	922	1169
584	1198	180	4094
90	137	4442	30
474	3575	20	120
488	514	233	4322
448	224	4201	992
3108	377	149	299
607	2146	1511	692
584	249	508	4189
1030	3334	251	432
3190	208	411	485
209	26	4210	648
38	3611	140	91
2978	234	1148	544
1064	860	740	1290
1323	543	607	1491
1299	523	446	1735
1045	819	522	1628
>taipale__Mafb_DBD_NNTGCTGASTCAGCANN_repr
2289	746	813	2375
1827	1131	2081	1802
591	1724	171	6240
48	64	8546	4
722	5046	22	148
1012	480	292	7100
555	221	8073	1236
5462	553	97	571
712	3026	3099	817
973	99	1104	7111
1316	4680	289	424
5381	148	726	947
326	25	9071	1036
8	4797	88	76
4867	88	1706	607
1533	1539	1384	2325
2056	631	1168	3128
>nitta__tj_TGCAAA40NGAA_KU_NNNTGCTGACKCAGCANNN_m2_c3
1934	226	333	1391
1696	390	313	1384
1105	643	812	1132
437	984	132	3908
74	61	4312	28
389	3075	11	126
189	231	87	4299
253	26	4371	706
3893	25	97	118
265	3064	22	553
1172	156	1707	2249
1315	2903	452	1180
3416	437	1102	1454
559	180	3903	860
84	3107	139	223
3352	331	1367	790
923	867	715	1016
1171	594	703	1285
1215	602	543	1337
>taipale_cyt_meth__MAFG_TGCTGANNNTGCR_FL
123	478	39	1241
9	8	1241	0
207	1241	30	40
29	28	10	1241
45	18	1241	290
1241	45	18	71
65	668	240	268
227	240	376	397
336	154	424	327
922	681	653	1241
187	21	1241	12
31	1241	45	120
793	100	449	199
>taipale_cyt_meth__MAFG_TGCTGANNNTGCR_FL_meth
93	261	12	662
2	6	662	1
74	662	1	16
2	62	21	662
21	34	662	126
662	34	2	57
18	351	132	160
121	136	178	227
178	86	241	158
509	211	371	662
54	11	662	20
18	662	15	39
381	6	281	104
>taipale_cyt_meth__MAF_NYGCTGACNNNGCR_FL_meth_repr
1734	1123	1382	1889
327	1640	63	4489
4	23	6128	8
503	6128	5	70
0	423	5	6128
25	34	6128	162
6128	0	0	0
274	6128	573	1096
1898	486	1702	2042
1467	2676	760	1225
2005	347	1551	2226
787	121	6128	799
38	6128	76	172
3962	110	2166	522
>dbtfbs__MAFF_representative_N1
39	18	0	415
6	2	464	0
14	432	0	26
48	40	3	381
53	11	355	53
413	4	14	41
41	126	291	14
0	0	0	472
5	467	0	0
472	0	0	0
1	9	323	139
8	409	47	8
344	37	43	48
159	82	82	149
208	12	20	232
>dbtfbs__MAFK_representative_N1
266	2	10	201
137	82	64	196
20	29	1	429
0	0	476	3
39	436	2	2
0	0	0	479
0	0	475	4
479	0	0	0
11	277	152	39
57	21	13	388
71	320	12	76
368	3	55	53
36	0	376	67
0	443	29	7
382	18	25	54
>dbtfbs__mm_MAFK_representative_N1
8	12	2	451
1	2	470	0
3	451	0	19
16	34	1	422
25	9	412	27
424	9	20	20
13	135	309	16
6	1	0	466
22	451	0	0
473	0	0	0
0	12	351	110
8	421	32	12
306	38	57	72
119	127	80	147
140	40	42	251
>homer__GCTGASTCAGCA_MafK
7.9	5.8	80.6	5.7
9.4	77.8	9.8	3
7.1	7.2	0.1	85.6
10.4	0.4	78.8	10.4
88.3	1.8	5.5	4.4
4.795204795	44.55544456	45.15484515	5.494505495
5.5	4.6	1.6	88.3
12.3	81.5	0.6	5.6
90.1	0.1	2.7	7.1
1.9	3	76.7	18.4
8.9	69.6	14.7	6.8
64.1	13.5	13	9.4
>homer__TGCTGACTCA_MafA
6.1	14.4	3.2	76.3
0.9	0.1	98.9	0.1
0.4	98.8	0.1	0.7
1.7	0.5	1.7	96.1
0.1	0.1	97.5	2.3
94.8	1.1	2.4	1.7
1	73.1	19.5	6.4
17.9	12.3	11.4	58.4
12.5	54.9	19.2	13.4
62	10	15.9	12.1
>homer__WNTGCTGASTCAGCANWTTY_MafB
40.44044044	10.51051051	12.51251251	36.53653654
22.7	27.5	21.2	28.6
15.9	4.8	5	74.3
1.8	5.1	91.3	1.8
11.1	86.9	0.4	1.6
8.2	3.5	0.1	88.2
4	1.3	84.3	10.4
87.3	1.6	3.8	7.3
5.105105105	43.34334334	47.14714715	4.404404404
5.7	2.1	1.3	90.9
7.7	88.8	0.7	2.8
92.3	0.1	1.8	5.8
1	0.6	89.7	8.7
0.7	93.6	4.4	1.3
79.5	4.6	3.8	12.1
27.1	20.5	28.6	23.8
32.76723277	12.28771229	11.98801199	42.95704296
25.4	12.5	11.8	50.3
22.1	20.8	12.5	44.6
19.9	25.1	18.8	36.2
>kznf__ZNF547_Imbeault2017_RP_RCADE
4.088470818	15.88470318	78.61931572	1.407510282
0.3351210938	92.02412577	0.3351210938	7.305632046
12.1314	16.689	15.8847	55.2949
63.87396168	18.29758902	12.93569224	4.892757064
77.546938	7.573733711	14.54420713	0.3351211642
9.718505831	29.55761773	6.501343901	54.22253253
0.06702414417	8.914215874	61.99734086	29.02141913
0.06702411857	99.79892764	0.06702411857	0.06702411857
44.83914484	13.47181347	16.42091642	25.26812527
14.0080014	3.016090302	81.0322081	1.943700194
0.06702408117	96.31367294	0.8713137552	2.747989228
76.74264605	14.81230889	5.697053418	2.747991649
20.44239101	7.305626786	71.38066859	0.8713136166
11.059001	4.356570392	84.24930758	0.3351210302
1.139409452	97.9222529	0.06702406776	0.8713135809
>kznf__ZNF547_Schmitges2016_RCADE
5.407121622	6.679392004	83.77862513	4.13486124
1.081419857	88.86768827	0.0636131916	9.987278682
18.38420368	8.460561692	5.407121081	67.74811355
82.7608	10.4962	3.62595	3.11705
95.99236621	0.8269717089	3.117048903	0.06361317761
11.76841177	18.38421838	2.862602863	66.98476698
0.0636131916	3.371499555	61.13229193	35.43259532
0.06361317481	99.80916048	0.06361317481	0.06361317481
45.35623175	11.0051077	5.916034141	37.72262641
20.92879163	3.371498651	73.60047056	2.09923916
0.06361320687	91.41220987	0.3180660344	8.206110886
85.5598	9.73282	1.33588	3.3715
29.83460298	4.89822049	60.11450601	5.152670515
19.14759234	3.880408448	71.05597158	5.916027634
4.89821902	88.35878233	1.844779631	4.89821902
>cisbp__M04039
44.75247525	15.04950495	11.28712871	28.91089109
34.17085427	15.82914573	19.09547739	30.90452261
14.82084691	22.31270358	5.863192182	57.00325733
3.03030303	4.895104895	91.84149184	0.2331002331
17.92828685	74.90039841	0.9960159363	6.175298805
8.082706767	18.98496241	3.007518797	69.92481203
6.007751938	7.170542636	74.2248062	12.59689922
84.2920354	7.522123894	1.548672566	6.637168142
6.590909091	49.54545455	37.5	6.363636364
6.753812636	1.74291939	6.535947712	84.96732026
11.82572614	81.32780083	2.697095436	4.149377593
75.4	2.2	14.4	8
5.809128631	1.659751037	76.76348548	15.76763485
1.357466063	87.78280543	8.823529412	2.036199095
56.01926164	3.852327448	26.64526485	13.48314607
24.43324937	20.40302267	17.38035264	37.78337531
23.90510949	13.86861314	17.15328467	45.0729927
>cisbp__M04040
33.90901432	18.42179163	16.25947767	31.40971637
29.76274042	20.76372315	20.32851327	29.14502316
9.600443951	22.69700333	2.452830189	65.24972253
0.9047940581	3.403106009	95.30047265	0.3916272789
11.16129032	86.60645161	0.2838709677	1.948387097
3.612935826	8.792319353	0.8842849924	86.71045983
3.504348922	1.273162738	86.53724946	8.685238876
93.65100671	2.791946309	0.966442953	2.590604027
6.037590113	45.59732235	42.17301751	6.192070031
2.701618296	1.20369132	2.768490036	93.32620035
7.436648415	88.01731822	1.133324844	3.412708519
87.34016964	0.9621471072	8.406127358	3.291555893
2.066115702	0.1549586777	86.78977273	10.98915289
0.1929703653	97.61543763	1.55754652	0.6340454859
65.18966465	2.199010445	24.16712479	8.44420011
30.63316019	22.64495297	19.83714727	26.88473958
35.33623473	9.63077355	10.17829566	44.85469606
30.82908163	10.89285714	6.147959184	52.13010204
>cisbp__M07839
11.06191106	8.185808186	7.300907301	73.45137345
3.7611	9.5133	85.3982	1.3274
23.6726	75	1.3274	0
0	0	0	100
0	0	95.1327	4.8673
99.5575	0.4425	0	0
2.4336	64.823	24.3363	8.4071
9.513290487	5.973494027	3.53979646	80.97341903
9.7345	73.2301	3.0973	13.9381
78.3186	0.6637	10.3982	10.6195
6.1947	0	88.0531	5.7522
0	99.115	0.4425	0.4425
86.7257	1.3274	4.2035	7.7434
43.1416	13.7168	17.9204	25.2212
48.89384889	2.433602434	3.53980354	45.13274513
>cisbp__M07840
13.2	12.4	18.6	55.8
6.8	19.6	67.6	6
27.6	58	4	10.4
13.8	11.2	5.8	69.2
20.2	5	64	10.8
72.8	6.6	10.4	10.2
7.8	32.6	57.2	2.4
0.4	0	1	98.6
1.8	98	0.2	0
99.4	0	0.4	0.2
0.2	0.2	95.4	4.2
0.6	98.8	0.6	0
88.2	0.6	4.8	6.4
>cisbp__M07841
5.6	20	70	4.4
31.4	55.6	3.4	9.6
7.4	7.2	3	82.4
13.8	2.4	75.8	8
84.6	3.2	5	7.2
5.2	45.6	47	2.2
1.2	0	0	98.8
0.6	99.4	0	0
99.8	0	0	0.2
0	0	95.6	4.4
0.2	99.8	0	0
94.8	0.4	2.4	2.4
39	18.4	18.8	23.8
43	4.8	2	50.2
30.8	5.8	3	60.4
