>cisbp__M06974
96.1538	0	3.8462	0
100	0	0	0
0	100	0	0
0	78.2051	0	21.7949
79.4872	0	20.5128	0
0	19.2308	2.5641	78.2051
21.7949	0	78.2051	0
5.1282	0	94.8718	0
0	1.2821	0	98.7179
0	2.5641	0	97.4359
98.7179	1.2821	0	0
80.7692	2.5641	16.6667	0
48.7179	11.5385	20.5128	19.2308
42.3077	3.8462	7.6923	46.1538
11.53848846	29.48717051	6.41029359	52.56404744
28.2051	5.1282	10.2564	56.4103
19.2308	2.5641	12.8205	65.3846
58.97434103	12.82048718	8.974391026	19.23078077
62.8205	7.6923	8.9744	20.5128
21.79487821	52.56404744	8.974391026	16.66668333
30.76923077	48.71794872	5.128205128	15.38461538
