>jaspar__MA0306.1
41	22	12	25
0	97	0	3
0	100	0	0
0	100	0	0
0	87	0	13
0	0	0	100
49	4	15	32
46	11	16	27
32	19	18	30
>jaspar__MA0372.1
53	14	14	19
0	100	0	0
0	100	0	0
0	100	0	0
0	100	0	0
0	0	0	100
63	1	7	28
74	7	7	13
>swissregulon__sacCer__GIS1
0	124.16	0	3.84
0	128	0	0
0	128	0	0
0	111.36	0	16.64
0	0	0	128
62.72	5.12	19.2	40.96
58.88	14.08	20.48	34.56
>swissregulon__sacCer__MSN2
16.25	5.26	1.35	24.84
37.58	6.93	0.09	2.27
49.81	2.65	20.49	0
0.15	0.86	70.7	0
0.59	0	71.43	0
0	0	71.71	0
0.09	0	71.64	0
>swissregulon__sacCer__MSN4
16.25	5.26	1.35	24.84
37.58	6.93	0.09	2.27
58.53	0	14.42	0
0.15	0.86	70.32	0
0.59	0	71.05	0
0	0	71.33	0
0.09	0	71.26	0.37
>swissregulon__sacCer__RPH1
73.18	6.68	17.08	31.04
61.86	4.12	15.46	46.54
38.31	12.51	11.13	195.31
62.08	15.33	2.62	175.94
251.53	1.79	1.94	0.72
28.64	0.26	226.68	0.4
1.01	0.35	254.02	0.61
0.8	0.38	254.12	0.68
2.63	0.63	248.44	4.28
38.86	22.89	66.31	127.92
>swissregulon__sacCer__YER130C
86.4	6.05	18.44	17.09
133.36	7.27	46.49	68.86
216.95	5.34	0.47	33.22
54.69	10.72	0.37	190.2
254.49	0.35	0.8	0.33
1.2	0.23	254.23	0.32
0.34	0.29	254.84	0.51
17.82	0.19	237.83	0.14
3.87	1.5	249.96	0.66
>scertf__badis.YER130C
1	96	1	2
1	89	1	9
1	97	1	1
1	97	1	1
1	1	1	97
59	1	8	32
21	1	4	74
>cisbp__M00019
38.98806776	23.88511937	14.63265456	22.49415831
3.231123212	88.48471451	0.4159583353	7.868203938
0.6678584439	98.13273107	0.4613127553	0.7380977296
1.041133014	98.52492445	0.3263808125	0.1075617215
0.09696491173	77.99103609	0.4433454123	21.46865358
2.813981125	2.043369684	5.610277878	89.53237131
53.61791375	4.580843834	14.90778	26.89346241
49.23697897	11.20819208	14.10663066	25.44819829
30.78707208	16.56173418	17.23763137	35.41356236
29.00462783	21.06168257	16.90239618	33.03129342
