>jaspar__MA0523.1
1525	756	1140	767
1808	840	1153	387
3070	136	559	423
85	1947	2008	148
2795	26	0	1367
138	0	0	4050
155	3304	729	0
4188	0	0	0
4103	15	70	0
4169	0	19	0
303	37	3848	0
1035	849	2008	296
1398	1123	1210	457
1782	826	757	823
>jaspar__MA1421.1
109	20	6	24
159	7	30	7
159	0	0	5
0	33	126	6
159	9	13	18
0	6	9	159
5	159	0	0
159	2	1	0
159	0	0	0
159	0	2	0
0	9	159	5
28	9	113	9
>jaspar__MA1991.1
235	316	319	379
177	348	386	338
103	744	204	198
18	1130	39	62
19	30	7	1193
16	51	60	1122
16	11	12	1210
30	118	1033	68
1125	35	16	73
105	21	31	1092
85	689	377	98
156	210	99	784
180	356	349	364
251	305	351	342
>swissregulon__hs__TCF7L1
42.996634	371.910482	214.74356	178.018258
132.889026	409.048828	141.553256	124.177824
0	789.040832	15.635632	2.99247
4.659078	27.677607	0	775.332249
0	0	0.729791	806.939143
0.941119	0.809995	0	805.91782
8.049885	2.534043	790.705147	6.379859
517.438708	4.426101	1.358877	284.445248
244.226696	15.639711	39.146757	508.65577
68.533751	376.684561	323.772487	38.678135
56.115688	273.429364	50.756004	427.367878
41.097566	267.948665	129.422789	369.199914
>swissregulon__hs__TCF7L2
162	115	150	46
327	19	90	34
7	211	238	14
339	6	0	127
29	0	5	438
14	371	79	6
473	0	0	0
459	1	12	0
454	0	12	5
26	6	436	4
91	115	228	37
>swissregulon__mm__Tcf7
552	68	117	97
791	31	144	111
906	4	27	31
5	277	744	6
912	2	4	42
0	5	18	874
21	1018	28	21
919	0	5	6
921	6	10	3
915	0	0	4
32	0	846	0
159	146	600	89
>swissregulon__mm__Tcf7l2
285.725	187.143	254.855	272.277
276.264	157.893	258.178	307.665
238.788	161.12	254.018	346.074
76.0408	333.901	150.903	439.156
93.3759	526.578	180.529	199.517
10.8271	880.32	34.1502	74.703
16.5458	23.8338	0.940026	958.68
7.16629	8.21531	1.94057	982.678
29.6335	1.36271	1.37921	967.625
10.872	31.7512	926.186	31.1903
949.407	0.759523	2.58061	47.2529
109.203	1.36163	2.09405	887.341
44.1981	567.994	353.059	34.749
222.623	142.36	41.2815	593.736
358.872	167.597	220.534	252.997
233.072	141.48	230.985	394.463
350.703	243.129	233.961	172.207
>hocomoco__LEF1_HUMAN.H11MO.0.A
35	119	125	177
15	290	84	67
8	323	6	119
56	21	9	370
1	63	16	376
1	6	15	434
20	194	237	5
208	63	7	178
127	76	72	181
130	87	92	147
19	59	68	310
18	142	175	121
53	210	41	152
143	101	47	165
>hocomoco__TCF7_HUMAN.H11MO.0.A
229	64	137	70
226	121	95	58
141	226	64	69
147	240	79	34
380	27	44	49
15	341	137	7
340	33	1	126
57	10	14	419
33	350	106	11
480	6	3	11
432	34	30	4
450	1	36	13
95	20	379	6
120	107	243	30
164	123	151	62
222	95	98	85
>hocomoco__TCF7_MOUSE.H11MO.0.A
164	136	154	46
222	96	162	20
333	29	115	23
100	182	209	9
353	40	23	84
137	13	99	251
45	281	158	16
478	2	6	14
440	19	40	1
435	10	44	11
113	33	342	12
150	111	192	47
193	132	149	26
216	106	157	21
176	111	150	63
138	170	152	40
>hocomoco__TF7L1_HUMAN.H11MO.0.B
120	69	111	200
39	140	165	156
55	204	106	135
11	402	24	63
3	23	1	473
0	26	6	468
5	0	5	490
21	87	360	32
447	10	9	34
185	3	6	306
40	191	248	21
86	49	27	338
36	154	137	173
>hocomoco__TF7L1_MOUSE.H11MO.0.A
55	148	150	147
61	210	105	124
7	408	27	58
5	13	0	482
0	33	5	462
7	0	6	487
20	72	388	20
450	7	9	34
203	2	6	289
48	190	238	24
74	57	30	339
>hocomoco__TF7L2_HUMAN.H11MO.0.A
49	175	154	122
43	272	87	98
10	426	8	56
8	16	0	476
1	27	16	456
8	0	2	490
16	81	390	13
446	6	8	40
126	4	8	362
12	212	268	8
49	88	25	338
44	128	176	152
62	115	180	143
>taipale__LEF1_DBD_AAAGATCAAAGGRWW_repr
601	139	215	138
655	26	207	63
697	7	34	14
5	242	1053	3
699	0	4	15
9	3	0	898
14	935	49	5
711	0	0	4
709	0	4	0
712	0	13	4
33	24	1068	0
197	184	851	124
309	164	559	121
367	63	88	372
366	95	77	422
>taipale_cyt_meth__LEF1_ASATCAAAS_FL
4313	289	722	464
0	1989	2323	49
4313	0	0	635
0	0	0	4313
3	4313	377	0
4313	0	0	2
4313	30	67	69
4313	26	60	288
252	682	3631	35
>taipale_cyt_meth__LEF1_ASATCAAAS_FL_meth
17384	616	4352	2575
146	8662	8723	338
17384	0	0	3912
244	0	0	17384
421	17384	2503	40
17384	0	0	72
17384	18	72	28
17384	0	281	1390
1523	3201	14183	499
>taipale_cyt_meth__LEF1_ASATCAAAS_eDBD
5140	1237	1659	1171
0	2801	2339	90
5140	14	23	747
107	6	0	5140
48	5140	665	0
5140	0	20	33
5140	325	0	183
5140	137	554	795
424	1449	3691	234
>taipale_cyt_meth__LEF1_ASATCAAAS_eDBD_meth
13633	522	2751	1627
38	7829	5804	121
13633	0	0	2609
85	0	0	13633
137	13633	1554	2
13633	0	0	72
13633	60	37	68
13633	0	247	1049
907	2607	11026	310
>taipale_cyt_meth__TCF7L1_ASATCAAAS_eDBD
1074	118	274	222
25	509	565	19
1074	0	0	140
0	5	4	1074
37	1074	118	0
1074	0	22	21
1074	0	6	67
1074	47	42	100
59	208	866	15
>taipale_cyt_meth__TCF7L1_ASATCAAAS_eDBD_meth_repr
310	6	87	45
18	146	164	0
310	0	18	68
10	0	0	310
0	310	75	17
310	6	0	0
310	0	15	30
310	16	41	36
3	40	271	15
>taipale_cyt_meth__TCF7_ASATCAAAS_eDBD
1641	335	577	490
0	1090	551	21
1641	0	33	224
0	0	0	1641
0	1641	366	30
1641	0	0	0
1641	153	7	84
1641	168	296	455
160	427	1213	199
>taipale_cyt_meth__TCF7_ASATCAAAS_eDBD_meth
5999	490	1652	1374
46	3592	2407	152
5999	0	1	991
106	9	0	5999
92	5999	904	45
5999	0	10	159
5999	207	128	141
5999	102	487	802
502	1403	4596	271
>dbtfbs__LEF1_K562_ENCSR343ELW_merged_N2
9	68	17	28
1	112	1	8
0	0	0	122
0	0	0	122
0	0	0	122
0	9	110	3
115	0	0	7
34	0	0	88
4	50	68	0
7	7	0	108
2	25	46	49
>dbtfbs__TCF7L2_representative_N1
0	370	24	20
0	15	0	399
0	0	7	407
0	0	0	414
1	69	316	28
359	0	4	51
134	0	0	280
22	207	176	9
44	68	28	274
>dbtfbs__TCF7_representative_N1
0	409	28	43
1	6	0	473
0	16	11	453
7	0	0	473
0	67	396	17
438	0	0	42
136	0	0	344
8	208	262	2
41	52	11	376
>homer__ACATCAAAGG_Tcf3
80.9	1.2	10.4	7.5
1.1	44.4	32.5	22
50.2	1.6	0.1	48.1
3.8	0.1	0.1	96
0.1	91.6	8.2	0.1
99.7	0.1	0.1	0.1
99.7	0.1	0.1	0.1
99.7	0.1	0.1	0.1
8.4	0.1	91.4	0.1
12.18781219	31.36863137	51.84815185	4.595404595
>homer__ACWTCAAAGG_TCFL2
99.7	0.1	0.1	0.1
0.1	69	30.8	0.1
49.7	0.1	0.1	50.1
0.1	0.1	0.1	99.7
0.1	99.7	0.1	0.1
99.7	0.1	0.1	0.1
99.7	0.1	0.1	0.1
99.7	0.1	0.1	0.1
1.9	0.1	97.9	0.1
0.1	19.7	80.1	0.1
>homer__CCTTTGATST_LEF1
10.1	55.9	18.9	15.1
0.1	79.5	2.3	18.1
0.1	1.3	0.1	98.5
0.1	2.7	1	96.2
0.1	0.1	0.1	99.7
0.1	17.3	73.4	9.2
84.5	0.1	0.8	14.6
38.6	0.1	1	60.3
16.5	41.8	36.5	5.2
15.7	17.4	1.3	65.6
>homer__CTTTGATGTGSB_Tcf7
0.1	89.8	2.1	8
2.7	5.9	0.1	91.3
0.1	5.2	0.1	94.6
3.4	0.1	0.1	96.4
0.1	18.7	73.8	7.4
85.2	2.3	0.1	12.4
27	0.1	0.1	72.8
0.1	35.1	64.7	0.1
0.6	0.1	0.1	99.2
8.9	17.4	48.7	25
16.9	27.3	41.3	14.5
18.41841842	22.02202202	23.82382382	35.73573574
>kznf__MYNN_Schmitges2016_RCADE
72.09117116	6.996857201	12.34279506	8.569176572
67.3742	10.1415	12.0283	10.456
73.66349263	8.569179143	13.28619867	4.481129552
65.80191974	1.336480401	6.682392005	26.17920785
1.022010102	1.965410197	3.223270322	93.78930938
99.44968528	0.07861638836	0.07861638836	0.3930819418
89.07232672	1.650940495	7.940252382	1.336480401
63.60063816	1.022010613	30.89621854	4.481132689
98.50628739	0.07861638994	1.336479829	0.07861638994
0.07861642091	0.7075471882	98.19182612	1.022010272
2.279871368	34.6698208	4.1666725	58.88363533
8.254715873	73.03456348	4.481127759	14.22959289
>cisbp__M00198
48.78673903	12.90298313	19.44244446	18.86783339
10.51568639	36.70335193	40.56347715	12.21748453
63.7878549	4.461847021	2.215687659	29.53461042
12.7896035	3.664282755	1.389067439	82.1570463
11.70543634	66.68989071	13.59977676	8.00489619
87.54010458	1.393888087	1.366287254	9.699720075
81.883021	4.642679398	8.544532938	4.929766659
72.8315711	1.97022851	10.78492721	14.41327318
17.98019073	17.80128484	56.21989155	7.998632878
26.79681677	18.69550467	40.37792009	14.12975847
>cisbp__M00200
48.71591238	13.41006735	19.22104399	18.65297629
10.3241494	36.76277383	41.03747823	11.87559855
63.95214064	4.170913187	2.266269305	29.61067687
11.86774309	3.503715775	1.213882688	83.41465845
10.76324477	67.77118246	13.41182885	8.053743928
87.45852865	1.7180067	1.32467179	9.498792859
80.98231025	5.895744027	8.621255633	4.500690094
75.84529299	1.403116239	9.961181084	12.79040969
18.22535428	17.51072792	57.55918465	6.704733149
28.43373807	18.31236291	40.34939498	12.90450404
>cisbp__M02646
5.6	48.1	36.6	9.7
78.75125881	1.711983887	0	19.5367573
9.929789368	2.20661986	0	87.86359077
11.2	67.5	16.5	4.8
92.80719281	0.999000999	0.3996003996	5.794205794
91.5	2.9	3.2	2.4
83.78378378	0.3003003003	10.31031031	5.605605606
15.9	14.3	66.2	3.6
23.8	22.8	33.7	19.7
>cisbp__M05890
31.6	23.5	22.2	22.7
36.7	20.4	19.8	23.1
69.73026973	6.093906094	10.38961039	13.78621379
2.4	43.2	49.7	4.7
77.7	1	1.4	19.9
5.694305694	0.6993006993	0.7992007992	92.80719281
4.3	86.7	6	3
95	0.9	0.4	3.7
91.4	3	3.1	2.5
88.1	1.5	3.6	6.8
11.1	19.4	66.3	3.2
28	18.3	38.5	15.2
33.4	18.6	31.8	16.2
