>c2h2_zfs__M0464
15.5238	43.091	24.1385	17.2467
6.904865167	11.50049195	12.64939115	68.94525174
0.009005758444	0.009005758444	99.97298272	0.009005758444
1.762540176	1.762540176	3.516310352	92.9586093
0.008768850728	0.8856540735	99.09680823	0.008768850728
0.008846431605	0.008846431605	99.08881797	0.8934891621
0.9802019412	97.05939418	0.9802019412	0.9802019412
8.65004827	4.94816901	60.4762879	25.92549481
>cisbp__M00022
20.89114506	20.27371841	42.06959991	16.76553662
33.08225428	21.30617665	41.22302725	4.388541828
26.67327968	66.93100435	0.5619526439	5.833763331
3.745734541	0.08548774365	94.69088425	1.477893462
0.03522251973	99.87609452	0.05202298516	0.03665997803
0.01795493052	99.49520753	3.199629254e-05	0.4868055477
94.36012392	1.643977431	3.924027573	0.07187107206
0.1543136403	98.61583788	0.03115538665	1.198693096
75.51473135	7.723964395	9.340200836	7.421103419
18.55909151	33.81686956	35.90798798	11.71605095
>cisbp__M01005
37.78680871	19.72644391	18.39281439	24.093933
31.04168378	21.87470485	15.41484397	31.66876739
7.337707597	71.73842208	7.948843746	12.97502657
18.15915454	25.51266042	53.47289104	2.855294004
3.649226526	94.11479248	0.3117714894	1.924209501
99.56498899	0.07508087507	0.2467969334	0.1131331979
4.476734156	92.65600803	0.2057473741	2.661510444
66.80034826	8.773258554	8.599536395	15.8268568
48.72331658	18.28640149	21.6749604	11.31532154
40.60459491	15.7034626	10.11360185	33.57834064
