>cisbp__M06835
28.8333	13	8.5	49.6667
25.8333	10.5	9.6667	54
19.33331933	8.333308333	9.833309833	62.5000625
9.3333	20.8333	2.1667	67.6667
38.8333	17.6667	4.6667	38.8333
53	28	10.1667	8.8333
0	100	0	0
0	0	0	100
0	0	0	100
0	0	0	100
14.5	0	0	85.5
3.1667	7.8333	4.5	84.5
21	21.3333	28.1667	29.5
23.1667	22.8333	18.5	35.5
19.83331983	18.83331883	13.33331333	48.000048
21.5	17.5	11.1667	49.8333
20.16667983	18.16668183	14.66668533	46.999953
28.66667133	18.16668183	10.66668933	42.4999575
27.83332783	13.33331333	8.333308333	50.5000505
