>jaspar__MA1019.1
104	199	480	218
19	14	908	59
86	19	861	33
109	307	440	144
42	882	27	49
3	996	1	0
4	976	0	20
896	17	76	11
17	844	50	89
>jaspar__MA1031.1
175	131	414	279
74	146	335	445
0	0	929	71
0	0	1000	0
127	101	661	112
112	661	101	127
0	1000	0	0
71	929	0	0
445	335	146	74
279	414	131	175
>jaspar__MA1063.1
148	221	181	450
137	151	506	206
32	7	846	115
112	57	778	53
190	283	409	118
109	739	22	130
13	961	1	25
0	999	0	1
841	29	128	2
0	812	106	81
>jaspar__MA1064.1
217	168	429	186
88	194	154	564
35	0	844	121
0	0	981	19
68	78	521	333
333	521	78	68
19	981	0	0
121	844	0	35
564	154	194	88
186	429	168	217
>jaspar__MA1283.1
31	5	5	6
13	16	13	5
40	0	4	3
14	2	18	13
36	2	4	5
5	5	28	9
10	14	18	5
22	2	12	11
2	10	16	19
0	0	47	0
0	0	0	47
2	0	45	0
0	0	47	0
0	0	47	0
19	0	18	10
0	47	0	0
0	47	0	0
0	47	0	0
43	0	4	0
0	47	0	0
>jaspar__MA1285.1
77	192	60	66
85	205	57	48
195	79	51	70
65	89	49	192
50	55	78	212
103	58	42	192
65	92	151	87
92	170	30	103
89	166	34	106
46	13	332	4
1	19	1	374
16	0	379	0
1	0	394	0
24	0	370	1
53	97	23	222
0	388	0	7
2	393	0	0
1	371	1	22
356	1	38	0
2	346	11	36
104	178	36	77
>jaspar__MA1288.1
227	93	109	166
165	87	112	231
12	2	581	0
0	25	0	570
1	0	594	0
0	0	595	0
57	3	513	22
172	227	58	138
0	595	0	0
1	594	0	0
45	439	9	102
441	25	87	42
51	321	70	153
>jaspar__MA1428.1
172	240	373	213
41	15	801	140
143	29	725	101
150	255	433	161
160	652	63	122
32	963	2	0
20	902	0	76
864	1	113	20
32	725	97	145
>cisbp__M00891
22.7383386	22.7383386	22.7383386	31.7849842
18.69048117	18.69048117	33.97043697	28.64860069
0.01442662116	0.01442662116	93.68546792	6.285678837
0.01442662116	0.01442662116	93.68546792	6.285678837
8.302809007	12.23752566	63.34339831	16.11626703
0.01442662116	85.61781284	8.082081704	6.285678837
6.285678837	93.68546792	0.01442662116	0.01442662116
6.285678837	93.68546792	0.01442662116	0.01442662116
78.66937502	10.3437431	8.710793854	2.27608802
12.59519767	74.75691143	6.32394545	6.32394545
>cisbp__M00892
17.84191014	24.57058982	26.3521586	31.23534143
16.61271358	19.69113	41.27133868	22.42481774
8.146835224	8.564532398	72.0693994	11.21923298
13.91604445	6.979954871	70.31902941	8.784971269
17.90314435	23.45248265	39.05521286	19.58916014
8.531711223	70.37161271	4.589586596	16.50708947
5.461753114	93.48208568	0.338839011	0.7173221919
4.982391994	80.31128088	3.728142409	10.97818471
73.02124183	5.875260405	16.29324139	4.810256376
2.120321701	73.81543251	11.49104254	12.57320324
>cisbp__M01086
23.16333012	23.16333012	23.16333012	30.51000965
17.92436179	23.26047856	30.78245171	28.03270794
1.456099612	1.456099612	95.63170117	1.456099612
0.01193159047	0.01193159047	94.18753314	5.788603675
10.86953505	12.99670662	63.41335579	12.72040254
0.01193159047	99.96420523	0.01193159047	0.01193159047
5.788603675	94.18753314	0.01193159047	0.01193159047
5.788603675	94.18753314	0.01193159047	0.01193159047
94.45419557	1.848601475	1.848601475	1.848601475
7.087569797	67.24972181	12.79846651	12.86424188
29.33250406	23.55583198	23.55583198	23.55583198
>cisbp__M01316
13.57824432	30.21893847	17.78701736	38.41579985
16.97149305	21.14778257	42.1626626	19.71806178
2.220556003	1.533814265	86.29378816	9.951841568
4.143304671	0.8449259399	91.97287519	3.0388942
15.59030813	16.72073301	48.26223868	19.42672018
7.224461113	72.78228912	5.298759014	14.69449075
0.04814467694	99.13229789	0.6613019743	0.1582554628
1.431432546	90.80149246	0.009453934488	7.757621059
82.82008094	4.695809691	10.55574811	1.928361264
0.6063001017	80.6097654	7.764948322	11.01898618
>cisbp__M01317
9.593637389	13.75084266	48.96472331	27.69079664
1.760343667	0.447315577	92.34292144	5.449419313
5.793197716	2.00708701	91.53161405	0.6681012281
13.47417695	20.71327988	56.87040227	8.942140902
5.309448044	88.18949775	1.13824532	5.362808884
0.8189488178	97.54036659	0.4066779475	1.234006644
0.008266458366	98.93379469	0.001978237243	1.055960613
88.60863066	3.435729463	7.346538609	0.6091012708
0.1348738779	87.0588933	6.275071156	6.531161668
>cisbp__M02504
14.82011526	22.10901396	18.10132965	44.96954113
13.6646325	15.10175445	50.64350176	20.59011128
3.216147441	0.7104790604	84.62114665	11.45222685
11.18214744	5.722000766	77.81377935	5.282072441
18.95162197	28.27249772	40.93107359	11.84480672
10.94057171	73.88265223	2.208863334	12.96791272
1.343655358	96.10042885	0.05815716335	2.497758624
0.01932654933	99.85553416	0.02941426508	0.09572502545
84.0592877	2.919821126	12.8266156	0.194275574
0.04819211905	81.24263917	10.56387564	8.145293067
>cisbp__M02515
14.73934877	22.43272219	20.70801254	42.11991649
13.89939833	18.95078876	51.00101597	16.14879694
0.6345021177	0.3345681598	95.11487247	3.916057256
5.295998483	0.6485290585	92.47622012	1.57925234
13.74863361	13.74863361	55.19870237	17.3040304
6.660956438	81.96260307	2.992960657	8.383479838
1.26898292	97.3405572	1.008249571	0.3822103107
0.3946122039	96.55842257	0.01215698037	3.034808244
89.16468171	1.751521812	7.466938059	1.616858416
0.02132505867	87.5427779	6.062532182	6.373364854
>cisbp__M07277
22.2414	8.4483	61.7241	7.5862
5.5172	9.8276	7.7586	76.8966
18.79311879	3.965503966	64.13796414	13.1034131
0	0	97.931	2.069
0	0	100	0
21.3793	5.3448	44.6552	28.6207
3.7931	87.2414	0.3448	8.6207
0	100	0	0
0	99.8276	0	0.1724
92.2414	0	7.7586	0
0	90.86200914	2.241397759	6.896593103
33.62066638	37.06896293	9.482790517	19.82758017
43.9655	14.6552	12.069	29.3103
>cisbp__M07278
25.0426	11.2436	54.5145	9.1993
7.6661	10.3918	6.1329	75.8092
20.4429	3.4072	62.0102	14.1397
0	0	97.4446	2.5554
1.7036	0	97.9557	0.3407
19.5911	12.9472	37.6491	29.8126
4.258904259	89.0971891	0.3407003407	6.303206303
0	100	0	0
0	99.3186	0	0.6814
98.2964	0	1.7036	0
0	100	0	0
32.368	41.3969	7.4957	18.7394
47.01874702	13.62861363	8.858608859	30.49403049
>cisbp__M07279
28.3557	12.4161	49.3289	9.8993
11.0738	11.9128	5.3691	71.6443
19.2953	2.349	65.2685	13.0872
0	0	98.8255	1.1745
1.8456	0	98.1544	0
22.81882282	13.25501326	38.08723809	25.83892584
3.1879	90.1007	0	6.7114
0	100	0	0
0	98.1544	0	1.8456
99.4966	0	0.5034	0
0	99.6644	0	0.3356
43.79194379	17.95301795	12.41611242	25.83892584
28.5235	16.7785	12.5839	42.1141
>cisbp__M07285
33.2203	12.7119	21.5254	32.5424
41.8644	18.1356	19.661	20.339
26.94917305	24.91527508	24.74577525	23.38977661
45.4237	16.1017	21.8644	16.6102
28.98307102	17.62708237	26.94917305	26.44067356
42.88135712	14.91528508	24.23727576	17.96608203
30.5085	13.7288	32.7119	23.0508
28.6441	28.8136	19.4915	23.0508
37.1186	12.7119	17.7966	32.3729
26.6102	14.9153	29.1525	29.322
12.2034122	3.38980339	81.18648119	3.22030322
3.050803051	7.966107966	7.118607119	81.86448186
10	0.8475	82.0339	7.1186
0.5084994915	0	98.98300102	0.5084994915
0.678	0	99.322	0
47.7966478	1.694901695	43.05084305	7.457607458
4.0678	88.1356	0.678	7.1186
0	100	0	0
0.1695	97.1186	0.1695	2.5424
92.0339	0	7.9661	0
2.7119	73.3898	7.1186	16.7797
>cisbp__M07286
23.9852	11.6236	55.7196	8.6716
6.8266	12.7306	5.5351	74.9077
16.0517	2.214	71.7712	9.9631
0.369	0.1845	98.3395	1.107
0	0	100	0
22.3247	9.7786	35.2399	32.6568
2.952	89.4834	0.5535	7.0111
0	100	0	0
0	100	0	0
100	0	0	0
0	98.524	0	1.476
32.1033321	32.84133284	11.07011107	23.98522399
>cisbp__M07293
25	10.4452	55.8219	8.7329
9.2466	8.9041	7.1918	74.6575
19.0068	2.226	67.4658	11.3014
0	0	98.8014	1.1986
0	0	99.8288	0.1712
21.0616	8.2192	41.4384	29.2808
3.0822	90.2397	0	6.6781
0	100	0	0
0	100	0	0
99.6575	0	0.3425	0
0	98.9726	0.1712	0.8562
38.6986387	23.97262397	9.075309075	28.25342825
