>jaspar__MA0808.1
12530	66	8913	1109
2524	18920	441	0
21444	0	0	0
0	0	0	21444
4566	23	969	16878
0	21444	0	0
0	21444	0	4
21444	1039	8654	13663
>swissregulon__hs__TEAD1
40.543313	291.620405	28.324763	106.304236
300.381825	1.855206	160.966588	3.589098
5.443369	447.239632	3.510676	10.59904
446.19282	8.549907	2.936318	9.113672
0.888531	15.306569	0.884616	449.713001
0.926644	7.296986	0	458.569087
0	461.269188	0	5.523529
0.891326	438.376385	0	27.525006
124.569821	2.622013	7.263979	332.336904
35.387845	224.136721	188.063416	19.204735
114.964808	127.711249	129.098245	95.018415
4.523689	133.485933	291.153825	37.62927
>swissregulon__mm__Tead1
1	6	1	4
9	0	3	0
0	12	0	0
12	0	0	0
0	0	0	12
0	0	0	12
0	12	0	0
0	11	0	1
5	0	0	7
1	7	4	0
2	4	3	3
0	2	8	2
>hocomoco__TEAD1_HUMAN.H11MO.0.A
242	14	215	29
97	380	20	3
489	6	1	4
2	4	1	493
24	3	35	438
2	466	18	14
4	450	2	44
267	21	7	205
88	68	272	72
81	193	169	57
120	243	88	49
215	97	58	130
>hocomoco__TEAD1_MOUSE.H11MO.0.A
303	0	179	18
108	369	15	8
494	3	3	0
0	2	1	497
41	1	11	447
0	493	7	0
3	474	1	22
287	24	32	157
77	53	318	52
21	154	305	20
113	168	170	49
>hocomoco__TEAD4_HUMAN.H11MO.0.A
260	9	199	32
142	325	28	5
482	5	3	10
8	9	5	478
22	9	35	434
10	467	9	14
1	422	3	74
212	31	11	246
78	70	257	95
119	96	214	71
141	188	117	54
234	101	62	103
80	85	132	203
>hocomoco__TEAD4_MOUSE.H11MO.0.A
261	7	211	21
125	347	26	2
485	6	5	4
0	4	2	494
21	4	26	449
0	468	9	23
1	390	0	109
163	18	10	309
78	77	275	70
147	53	230	70
92	236	153	19
295	53	72	80
31	77	71	321
132	66	110	192
57	200	87	156
>dbtfbs__TEAD3_HepG2_ENCSR666QNP_merged_N1
30	120	260	89
54	167	204	74
78	317	61	43
227	15	17	240
40	0	459	0
21	8	469	1
437	16	0	46
487	7	0	5
3	13	0	483
3	24	412	60
30	221	12	236
>dbtfbs__TEAD4_representative_N1
50	272	40	62
203	19	22	180
39	0	385	0
9	3	412	0
396	2	0	26
424	0	0	0
0	8	0	416
0	11	316	97
1	201	2	220
>homer__CCWGGAATGY_TEAD2
6.1	48.5	29.6	15.8
4.6	80.4	3.6	11.4
47.1	0.6	3.6	48.7
2.5	0.1	97.3	0.1
0.1	0.1	99.7	0.1
91.4	1.7	0.1	6.8
99.7	0.1	0.1	0.1
0.1	0.5	0.1	99.3
0.1	2.7	78.7	18.5
0.1	44.3	0.1	55.5
>homer__CCWGGAATGY_TEAD4
17.6	40	25	17.4
15.7	46.2	24.2	13.9
34.1	16.6	14.4	34.9
3.3	1.1	91.4	4.2
0.1	0.1	99.7	0.1
73.9	8.8	1.9	15.4
97.4	0.1	0.1	2.4
0.1	0.1	0.1	99.7
0.1	17.6	58.7	23.6
5.494505495	49.65034965	0.0999000999	44.75524476
>homer__NCTGGAATGC_TEAD
20.9	35.9	18.4	24.8
30.4	45.8	0.1	23.7
46	0.1	0.1	53.8
0.1	0.1	99.7	0.1
0.1	0.1	99.7	0.1
99.7	0.1	0.1	0.1
99.7	0.1	0.1	0.1
0.1	0.1	0.1	99.7
0.1	2.2	56.9	40.8
15.4	44.1	0.1	40.4
