>jaspar__MA0422.1
25	38	11	27
0	100	0	0
0	0	100	0
0	0	100	0
74	9	17	0
23	17	46	14
56	0	0	43
14	0	0	85
94	6	0	0
36	17	15	32
>jaspar__MA0439.1
21	42	22	15
16	16	10	57
22	8	4	66
89	1	2	8
19	9	4	68
28	33	8	32
4	22	7	68
0	100	0	0
0	100	0	0
3	0	95	2
6	41	14	39
>swissregulon__sacCer__HAP1
2.16	42.89	32.92	0
0	77.97	0	0
0.97	0	77.25	0
44.92	9.56	11.81	12.95
32.26	10.73	8.78	107.63
143.94	6.06	5.75	3.19
62.28	10	3.19	85.39
19.92	69.15	22.97	50.21
3.14	17.81	18.67	118.94
0	156.16	0	1.67
0	157.83	0	0
8.51	15.82	118.14	16.7
>swissregulon__sacCer__OAF1
39.03	13.58	14.28	61.08
32.65	22.39	21.92	177.73
200.45	10.65	9.99	33.6
93.96	8.09	11.01	144.2
64.97	135.59	21.67	33.75
1.72	78.51	10.88	164.87
0.35	253.79	1.1	0.75
0.58	250.96	3.82	0.62
1.02	0.69	253.67	0.61
142.14	16.47	74.19	23.18
>swissregulon__sacCer__YKL222C
122.29	61.91	48.71	24.35
156.04	35.36	61.38	3.2
0.76	253.35	0.17	1.7
0.32	0.64	254.81	0.21
0.45	0.74	254.58	0.21
224.41	1.73	29.29	0.54
129.03	9.06	111.41	6.47
180.57	11.23	10.17	54
26.4	15.76	13.64	198.9
75.27	10.3	4.94	37.47
76.7	14.26	21.43	15.6
>swissregulon__sacCer__YRR1
93.66	24.47	128.95	8.91
3.27	245.97	0.59	6.16
0.62	0.37	254.64	0.34
0.17	2.93	252.58	0.31
206.17	10.56	35.15	5.39
133.82	13.96	58.13	51.35
201.55	5.55	12.22	36.66
11.75	3.44	1.48	239.3
191.52	5.55	11.41	47.5
185.11	19.9	27.43	23.52
>yetfasco__YDR520C_553
24.6323529	37.8676471	10.9068627	26.5931373
0.1225490001	99.632353	0.1225490001	0.1225490001
0.1225490001	0.1225490001	99.632353	0.1225490001
0.1225490001	0.1225490001	99.632353	0.1225490001
73.6519608	9.4362745	16.7892157	0.122549
22.6715686	17.2794118	46.2009804	13.8480392
56.49509806	0.1225490001	0.1225490001	43.25980394
14.3382353	0.122549	0.122549	85.4166667
93.75	6.004902	0.122549	0.122549
36.3970588	16.7892157	14.8284314	31.9852941
>yetfasco__YKL038W_2227
6.53141368	82.81617644	3.922085038	6.73032484
0.01313576353	1.677967554	98.25668331	0.05221336784
0.3409667297	5.38722078	94.06910076	0.202711727
80.97237524	4.195900806	10.95841934	3.873304621
49.35241589	4.522146267	11.34737817	34.77805968
37.74912153	19.51068384	11.83382794	30.9063667
78.57970709	2.519633581	1.885350012	17.01530931
59.47554711	0.8483731158	2.873599011	36.80248077
18.1282643	36.50584131	6.602657924	38.76323647
24.24608295	21.07853188	11.80183557	42.8735496
>cisbp__M00092
9.932111711	76.38398966	4.786373924	8.897524706
0.3348066078	8.21365321	91.45049567	0.001044515431
0.7426985858	6.375962188	92.06869753	0.8126416931
66.72542181	8.851491866	16.95539406	7.467692262
44.61292551	8.150046454	18.50467915	28.73234888
36.18547264	20.87720158	16.9227307	26.01459509
61.12203426	8.523886746	7.86853919	22.48553981
49.17644912	5.394688362	7.888569656	37.54029286
20.95628794	32.86600173	11.97042162	34.20728871
24.17840334	21.65983905	18.09181835	36.06993926
>cisbp__M01395
3.767747804	87.92440604	1.57850378	6.729342375
0.02878313802	1.273838077	98.69501612	0.002362663846
0.7377263478	2.329882121	96.14117399	0.7912175436
60.90747669	13.05741194	17.62566251	8.409448856
15.5541396	17.18998275	48.63419165	18.621686
38.49825852	7.772664346	7.175073513	46.55400362
6.689084374	3.976798108	1.935715451	87.39840207
71.52577901	3.596848088	4.178941274	20.69843163
48.75935814	13.83078827	22.57622002	14.83363357
>cisbp__M01402
19.25505448	32.06527269	17.24933508	31.43033775
1.983472259	89.55464293	1.607771366	6.854113445
0.8131675746	0.2789234042	98.80833142	0.09957759679
1.140042572	1.805911781	96.64704251	0.4070031338
63.07361337	10.96055053	21.85221984	4.113616263
13.50828963	26.13573523	43.52360975	16.83236538
44.46061575	3.798490528	3.577283661	48.16361006
7.09010785	1.9130533	1.991126486	89.00571236
74.38243829	3.031992124	2.913106012	19.67246357
44.64257957	13.31229578	27.6240868	14.42103785
>cisbp__M01415
16.76496281	17.98055978	11.23789065	54.01658676
0.7925262071	97.26802325	0.08521909893	1.854231445
0.1792890408	2.119635156	97.63577533	0.06530047151
0.5495983158	0.7418801271	98.63561434	0.07290722021
60.33466028	10.91247616	23.33388827	5.418975288
27.78801654	12.48596069	35.32549241	24.40053036
37.93533144	8.051697237	7.212985232	46.79998609
16.14709614	2.320401494	1.555411636	79.97709073
66.39736196	11.19712811	10.03076958	12.37474035
32.6254541	20.18808915	28.3632072	18.82324956
>cisbp__M06958
7.32980733	63.6998637	23.03662304	5.933705934
4.8866	94.0663	1.0471	0
4.712004712	13.08901309	67.88836789	14.31061431
9.424090576	9.24959075	66.84113316	14.48518551
73.4729	1.3962	16.2304	8.9005
74.6946	0	17.801	7.5044
80.6283	2.0942	10.4712	6.8063
64.7469	6.8063	1.5707	26.8761
17.8010178	20.76792077	13.43801344	47.99304799
21.1169	54.7993	15.5323	8.5515
11.69281169	67.36476736	3.839403839	17.1030171
0.349000349	1.047101047	95.63709564	2.966802967
1.221601222	23.03662304	71.02977103	4.712004712
46.77144677	32.46073246	8.202408202	12.56541257
32.4607	3.4904	50.9599	13.089
>cisbp__M08673
26.37412053	25.65934144	14.859988	33.10655003
31.22192947	9.763139936	20.4590828	38.5558478
14.90141549	39.85063559	22.20416638	23.04378254
22.90994369	29.38305435	14.18047206	33.52652991
23.77010451	19.2097413	26.95756848	30.06258571
12.37854495	51.98274675	8.104564327	27.53414398
0.5979564493	97.76037265	0.5894597205	1.052211184
0.08109589907	1.403476877	98.39647007	0.118957158
0.1482108081	1.454419994	98.26392739	0.1334418094
97.81862877	0.2668756355	1.445537277	0.4689583152
66.00208021	0.5056129115	5.662719129	27.82958775
62.86440804	12.80387666	4.98668722	19.34502807
96.18424939	0.1982049621	0.2500894294	3.367456223
79.39027781	0.07075112799	0.4455060605	20.09346501
9.719424392	37.77729833	1.373008997	51.13026829
23.32214383	19.58169475	4.098847841	52.99731358
15.06715948	18.52998788	18.03667107	48.36618157
18.96829094	20.52717453	30.49128154	30.01325299
26.33133056	30.58941495	19.17544536	23.90380914
39.02969744	21.79360803	26.41588232	12.7608122
>cisbp__M08674
28.76092482	31.96462182	22.8445236	16.42992976
22.584869	34.03887796	26.79697589	16.57927715
22.36292006	28.30820229	30.46875247	18.86012518
29.58966314	24.67119487	22.23003799	23.50910401
7.52225314	27.46656969	32.65726469	32.35391248
47.54531205	25.37441603	23.05559795	4.024673971
52.91096649	17.62917594	28.95964977	0.5002077938
0.601428956	97.93301606	0.1347003783	1.33085461
0.2527553661	0.5054997769	99.07391697	0.1678278894
0.3529550538	0.57951278	98.89842332	0.1691088507
83.32734699	1.354343273	14.88955126	0.4287584826
48.81207569	5.083594946	43.04529276	3.059036599
76.07350741	2.778963716	1.952465821	19.19506305
10.62779961	2.315444978	0.6643050734	86.39245034
58.8058755	8.054179641	3.862559749	29.27738511
59.92338965	11.14080631	16.74283457	12.19296948
15.38928379	31.12059526	35.75845056	17.73167039
25.8754982	20.56640646	28.22725989	25.33083545
11.4368097	39.84530185	28.91803324	19.79985521
23.36538316	22.78257902	31.33594395	22.51609387
17.92032965	21.50191981	34.53963341	26.03811713
>cisbp__M08691
38.6076	13.9241	41.1392	6.3291
1.8987	94.9367	0	3.1646
0	0	100	0
0	0	100	0
67.7215	6.962	21.519	3.7975
31.6456	7.5949	32.9114	27.8481
68.3544	3.7975	8.8608	18.9873
8.227808228	1.898701899	0.6329006329	89.24058924
66.4557	3.7975	7.5949	22.1519
58.2278	10.1266	15.8228	15.8228
14.55698544	22.15187785	42.40505759	20.88607911
>cisbp__M08695
16.60003223	17.13611155	17.09882273	49.16503349
20.41037088	30.13983083	25.68936166	23.76043662
32.6224558	28.37175866	25.59547448	13.41031106
16.08526584	19.02905307	38.67635186	26.20932923
32.22424825	29.97153108	18.52102956	19.28319111
26.86651377	39.1213649	19.59861643	14.4135049
15.07897467	31.11681532	33.06462631	20.7395837
21.33097209	13.96505657	12.84280491	51.86116643
1.697109385	9.664742631	81.42814295	7.210005034
0.2649140693	98.37150269	0.5197668357	0.8438164096
0.3435700978	0.6068007233	98.70889765	0.3407315316
0.332159607	0.4385808294	98.90824224	0.3210173212
81.27154232	1.920402694	15.94203783	0.8660171578
33.92520421	0.6738592422	2.506870106	62.89406644
79.04297372	6.641999126	11.35973244	2.955294716
16.44045808	15.56652497	21.07602558	46.91699137
19.33871035	28.56436732	29.92315185	22.17377048
26.9355075	19.2460224	32.70083505	21.11763504
30.40407724	25.96099477	21.08107095	22.55385705
17.59537416	20.02773058	26.44921919	35.92767607
11.24360289	42.6177696	27.13523925	19.00338826
