>cisbp__M02271
14.43087142	41.6528486	18.90392855	25.01235143
32.02728776	8.728454162	44.99666077	14.2475973
3.105852828	0.02768923253	93.99939442	2.867063515
1.531034696	0.6040754201	0.7452345923	97.11965529
89.31848546	1.450935428	3.46325352	5.767325593
96.11400021	0.4297872286	3.14412298	0.3120895822
64.43587754	9.637585236	4.691116356	21.23542086
45.12980172	3.318599381	3.6311261	47.9204728
42.64100741	18.22540328	8.782985692	30.35060361
16.37404129	19.99929919	15.89011523	47.73654429
>cisbp__M02272
19.93955286	37.43871538	20.13994869	22.48178307
31.27947966	11.73953589	40.9750064	16.00597805
5.596648055	0.2127085963	91.11913777	3.071505576
3.763770561	0.985527019	0.1038737836	95.14682864
82.67014376	3.141996792	5.899446416	8.288413027
93.24359156	1.227789421	4.688981213	0.8396378037
61.93130187	11.77555458	6.086211098	20.20693246
43.86463036	5.535092673	4.486658921	46.11361805
37.42337901	18.21591416	11.4994087	32.86129812
22.27241834	23.41434965	14.92964849	39.38358351
