>nitta__fd96Ca_TCATAT20NATA_KG_NNNGTAAATATTTACNNN_m1_c3
462	33	0	879
760	28	550	36
449	36	184	705
57	0	1374	5
0	647	0	1374
1374	867	0	5
1374	0	0	0
1374	0	0	0
0	2	0	1374
1374	0	4	0
0	0	0	1374
0	1	0	1374
5	0	860	1374
1374	0	632	2
7	1374	2	47
708	201	42	424
32	522	29	791
861	0	34	480
>nitta__fkh_TACGTC20NTGC_KG_NNNGTAAATATTTACNNN_m2_c3
1845	228	20	3630
3507	206	1995	263
1749	128	413	3392
730	83	6683	260
6	3576	0	4880
4464	3316	2	21
5617	5	1	1
5620	1	0	0
0	14	0	5765
5760	0	14	0
1	1	1	5622
3	3	5	5623
22	8	3268	4478
4863	2	3625	12
277	6664	95	729
3429	425	128	1700
278	1984	214	3500
3636	23	224	1834
>kznf__ZNF716_Imbeault2017_OM_RCADE
47.75939522	16.62739834	3.891509611	31.72169683
63.32549367	13.32549867	4.363209564	18.9857981
22.75941821	1.533021226	27.47642198	48.23113858
21.81602182	19.45751946	28.89152889	29.83492983
6.721699328	28.89149711	3.891509611	60.49529395
1.061319682	29.83489105	3.419808974	65.68398029
24.64622465	28.89152889	19.92921993	26.53302653
35.9669964	37.85379621	21.81599782	4.363209564
13.79719655	5.306598673	0.1179249705	80.77827981
64.26887879	32.19338938	2.948109027	0.5896228054
2.004720601	0.1179250354	0.1179250354	97.75942933
0.1179250295	0.1179250295	0.1179250295	99.64622491
0.1179250531	2.004720902	2.948111327	94.92924272
0.589622717	93.51415511	0.1179249434	5.778297226
9.080188638	61.43869078	0.1179249823	29.3631956
