>kznf__ZNF287_Imbeault2017_OM_RCADE
64.92093895	12.35180741	9.980245988	12.74700765
75.1976	11.5613	6.81818	6.42292
88.24110882	5.237150524	2.075100208	4.446640445
77.56920776	2.865610287	12.74700127	6.818180682
82.31226708	4.051378379	6.818177273	6.818177273
78.75493938	6.422923211	6.422923211	8.3992142
84.6838	1.28458	8.00395	6.02767
83.10277507	2.470359259	11.16599665	3.260869022
77.9644078	4.051380405	5.632410563	12.35180124
83.89328322	4.446639111	8.794468241	2.865609427
79.9407	6.02767	10.3755	3.65613
87.84585271	4.051382431	1.679841008	6.422923854
86.26481725	2.470360494	4.841900968	6.422921285
77.17392238	0.4940711433	20.25690587	2.075100602
93.37943922	2.075100872	3.656131536	0.8893283735
85.4743	2.47036	10.3755	1.67984
89.42688122	0.4940708962	8.399208236	1.679839647
88.63636455	2.470359012	6.027667589	2.865608854
77.17393859	5.237152619	12.74700637	4.841902421
60.96843658	7.213444328	18.28061097	13.53750812
48.7154341	3.656132559	14.72331031	32.90512303
76.77866161	4.446637777	13.14229343	5.632407184
63.33989367	4.841899516	26.18579738	5.632409437
59.38737031	27.76678612	4.841897579	8.003945998
68.08300681	8.0039508	7.213440721	16.69960167
48.32019468	0.4940709457	49.50589455	1.679839815
92.58893704	1.284580514	3.260871304	2.865611146
48.32018067	21.83789126	28.16208874	1.679839328
51.087	16.3043	11.166	21.4427
40.81031632	2.470360988	13.53750542	43.18181727
51.87748444	3.656128903	27.37149179	17.09489487
41.6008	6.02767	48.7154	3.65613
84.28853372	10.37550415	1.284580514	4.051381621
60.96838781	6.422918715	12.74699745	19.86169603
41.996042	6.422926423	50.2964503	1.284581285
80.73121615	4.446640889	9.980241996	4.841900968
44.76284476	29.34782935	13.14231314	12.74701275
49.90118004	9.980236008	14.32809427	25.79048968
37.25296275	21.44267856	23.41897658	17.88538211
64.9209	4.8419	10.3755	19.8617
39.62453962	26.58102658	20.25692026	13.53751354
55.4348	13.5375	14.3281	16.6996
