>cisbp__M05861
52	17.8	29.8	0.4
9.209209209	84.38438438	0.9009009009	5.505505506
5.6	88.1	2.4	3.9
9.3	82.4	2.3	6
0	100	0	0
1.298701299	98.5014985	0.0999000999	0.0999000999
0.5005005005	75.87587588	0	23.62362362
23.9	1.8	73	1.3
0.9	60.9	10.3	27.9
15.3	17.3	28.9	38.5
5.9	0.1	92.4	1.6
25.5	29.1	15.4	30
1.9	13.5	65.9	18.7
