>jaspar__MA0376.1
393	145	330	130
220	147	267	364
357	322	207	112
164	176	295	363
156	121	250	472
534	113	203	148
34	27	662	275
19	953	19	7
905	5	81	7
5	949	16	28
28	16	949	5
7	81	5	905
7	19	953	19
275	662	27	34
152	332	156	358
111	270	187	430
398	122	276	202
275	257	296	171
323	165	33	477
249	396	108	245
>jaspar__MA1877.1
209	326	262	202
218	238	347	197
224	275	253	248
232	214	320	234
239	249	270	242
249	232	288	231
239	213	233	315
97	117	697	88
146	114	645	95
46	856	48	50
759	26	180	35
41	863	44	51
46	22	907	24
43	177	40	740
36	30	897	37
168	351	204	277
180	372	246	202
280	223	237	260
241	234	283	242
238	237	275	250
234	287	245	233
236	222	300	241
>jaspar__MA1878.1
206	367	218	208
245	206	364	184
206	305	203	286
218	195	384	204
233	279	221	267
240	267	257	235
268	212	231	289
120	183	560	137
165	59	629	147
45	870	34	51
245	18	697	40
23	844	24	109
42	15	924	19
35	107	24	834
26	20	920	34
150	323	229	297
177	317	292	214
250	218	259	273
218	258	273	251
253	206	305	236
191	373	214	222
273	189	321	217
>jaspar__MA1880.1
230	300	262	208
242	284	262	211
246	278	262	214
231	267	283	220
210	270	276	243
158	203	475	163
303	176	385	135
27	921	26	26
871	22	86	22
15	931	17	37
35	24	922	19
19	85	16	879
33	28	911	29
94	554	119	233
125	642	132	101
264	268	257	211
219	294	245	242
212	265	278	245
205	271	270	255
208	270	299	223
213	280	279	228
213	279	277	231
>jaspar__MA1897.1
102	212	266	421
123	169	464	244
193	244	300	263
228	246	249	277
259	218	265	258
314	220	258	209
265	330	245	160
53	932	9	7
885	5	80	29
3	880	11	105
105	11	880	3
29	80	5	885
7	9	932	53
160	245	330	265
209	258	220	314
258	265	218	259
277	249	246	228
263	300	244	193
244	464	169	123
421	266	212	102
>jaspar__MA1899.1
243	255	280	223
218	280	276	226
274	255	256	215
255	265	239	240
331	184	344	142
146	190	204	459
57	845	59	40
865	33	61	42
7	895	18	81
77	26	886	10
23	21	25	931
8	28	954	9
755	105	78	61
104	416	150	330
240	266	250	244
224	270	246	260
220	286	277	218
237	285	243	235
194	355	233	218
233	279	278	210
>swissregulon__hs__BHLHE40
120.938	344.851	124.072	410.138
220.931	169.844	422.396	186.829
127.752	260.812	103.811	507.625
140.641	405.473	287.668	166.218
296.957	155.579	301.094	246.37
219.647	287.193	154.072	339.087
49.2938	26.0585	121.789	802.859
520.042	289.284	173.423	17.2507
49.19	943.472	4.30797	3.03048
902.609	6.76665	74.7702	15.8541
3.22144	971.329	5.51171	19.9374
19.9374	5.51171	971.329	3.22144
15.8541	74.7702	6.76665	902.609
3.03048	4.30797	943.472	49.19
3.49671	88.92	685.942	221.641
802.859	121.789	26.0585	49.2938
334.544	155.17	275.193	235.092
275.957	132.104	454.982	136.957
134.097	254.352	422.94	188.611
396.163	432.784	51.2812	119.772
276.474	115.627	419.844	188.056
160.759	88.0606	649.863	101.318
203.314	166.595	106.821	523.27
>transfac_public__M00615
10	13	7	8
13	8	12	5
13	10	8	7
9	6	15	8
8	7	9	14
14	6	14	4
11	11	5	11
0	38	0	0
38	0	0	0
0	38	0	0
0	0	38	0
0	0	0	38
0	0	38	0
11	5	11	11
4	14	6	14
14	9	7	8
8	15	6	9
7	8	10	13
5	12	8	13
8	7	13	10
>kznf__ZNF780A_Imbeault2017_OM_RCADE
19.57991958	15.78591579	36.65313665	27.98102798
19.03791904	18.22491822	19.85091985	42.88624289
11.72088828	31.5040685	16.05688394	40.71815928
38.0080962	6.30080937	12.53389875	43.15719568
1.693770445	0.3387530891	97.89972575	0.06775071782
0.06775072615	1.422760549	98.441738	0.06775072615
10.36589938	88.95659466	0.3387529797	0.3387529797
99.7967478	0.06775073245	0.06775073245	0.06775073245
0.8807593021	0.06775072324	98.44173377	0.6097562091
0.0677507605	19.57991748	79.20057073	1.151761029
12.26289632	47.49318575	8.468827459	31.77509047
34.7561	16.0569	36.9241	12.2629
5.2168	22.29	55.6233	16.8699
7.113818577	25.27099495	16.05689679	51.55828969
10.6369	36.9241	14.7019	37.7371
28.794	12.5339	26.084	32.5881
18.49591295	8.197835738	56.43633951	16.86991181
13.34689333	20.3929898	56.43627178	9.823845088
>cisbp__M06720
12.62628737	52.02014798	23.73737626	11.61618838
21.2121	9.0909	50.5051	19.1919
19.1919	15.1515	12.1212	53.5354
11.1111	20.202	62.6263	6.0606
50.50504949	11.61618838	15.15148485	22.72727727
30.3030303	16.16161616	29.29292929	24.24242424
32.3232	11.6162	24.2424	31.8182
36.86866313	18.68688131	31.81816818	12.62628737
13.1313	24.7475	36.3636	25.7576
0	97.4747	2.5253	0
100	0	0	0
0	100	0	0
0.5051	0	96.4646	3.0303
0	0	0	100
0	0	100	0
37.37373737	34.34343434	16.16161616	12.12121212
15.6566	33.3333	26.2626	24.7475
32.32323232	19.19191919	24.24242424	24.24242424
19.19191919	30.3030303	21.21212121	29.29292929
19.697	43.9394	18.1818	18.1818
41.9192	5.5556	9.0909	43.4343
>cisbp__M06726
20.6723	19.3277	43.5294	16.4706
26.89077311	13.94958605	16.97478303	42.18485782
15.2941	24.5378	43.1933	16.9748
43.36134336	14.62181462	15.96641597	26.05042605
31.9328	16.3025	20.3361	31.4286
28.5714	15.7983	23.6975	31.9328
23.0252	27.395	30.5882	18.9916
27.7311	30.2521	28.0672	13.9496
0	100	0	0
100	0	0	0
0	91.9328	0	8.0672
2.3529	0	97.6471	0
0	0	0	100
0	0	100	0
17.81511782	32.60503261	23.86552387	25.71432571
17.9832	38.8235	22.0168	21.1765
38.9916	13.9496	19.4958	27.563
21.6807	38.6555	16.8067	22.8571
28.9076	34.2857	20.5042	16.3025
39.3277	9.0756	7.395	44.2017
10.5882	36.1345	30.084	23.1933
>cisbp__M06735
20.8113	11.9929	58.0247	9.1711
21.69312169	12.16931217	10.93471093	55.2028552
19.0476	6.5256	64.3739	10.0529
27.1605	21.8695	28.5714	22.3986
31.74596825	20.98767901	17.81308219	29.45327055
26.80777319	21.86947813	21.51677848	29.80597019
24.69137531	12.6983873	42.68075732	19.92948007
36.15523616	23.80952381	26.98412698	13.05111305
1.2346	98.7654	0	0
96.8254	1.0582	1.5873	0.5291
0	100	0	0
7.9365	0	92.0635	0
2.2928	11.9929	0.3527	85.3616
0	0	98.5891	1.4109
11.4638	33.157	20.6349	34.7443
15.6966	54.321	14.9912	14.9912
39.5062	15.3439	23.2804	21.8695
32.0987679	17.46028254	26.80777319	23.63317637
24.515	37.5661	18.5185	19.4004
35.8024642	17.81308219	18.69488131	27.68957231
15.1675	35.6261	18.6949	30.5115
23.9859	18.5185	37.2134	20.2822
28.5714	18.3422	17.1076	35.9788
>transfac_public__M00235
17	0	33	50
33	6	28	33
32	16	26	26
14	9	48	29
27	14	40	18
23	9	36	32
9	5	23	64
9	35	9	48
0	0	96	4
0	96	0	4
0	0	100	0
0	0	0	100
0	0	100	0
22	61	0	17
33	50	0	17
20	40	40	0
