>jaspar__MA0032.2
6452	772	304	12038
14324	728	4165	1386
7893	2008	2422	10596
4858	336	13631	51
2496	1652	390	18489
13117	5372	21	45
18489	108	0	57
18489	56	141	112
122	8782	165	9708
18489	27	433	184
6702	1558	1107	11787
>jaspar__MA0446.1
3	0	0	24
5	0	22	0
0	0	0	27
0	0	0	27
0	0	1	26
13	0	14	0
4	13	2	8
6	7	3	11
0	11	2	14
23	0	1	3
15	4	4	4
>jaspar__MA0546.1
585	71	0	354
534	0	471	5
537	0	79	394
41	0	969	0
0	407	0	603
862	148	0	0
1010	0	0	0
1010	0	0	0
0	623	0	387
1010	0	0	0
>jaspar__MA0845.1
2393	272	190	4448
5343	263	1498	561
1983	218	409	4858
1159	54	6841	124
180	240	113	6841
4891	1950	75	73
6841	213	0	381
6841	47	47	216
28	2252	104	4589
6841	0	157	147
1704	573	556	4008
>jaspar__MA0852.2
329	184	258	285
416	175	270	195
247	142	272	395
143	28	868	17
60	5	44	947
1003	37	10	6
999	37	11	9
1022	13	10	11
10	958	12	76
1015	16	12	13
512	199	204	141
185	201	568	102
242	269	362	183
283	288	270	215
>jaspar__MA1607.1
6235	3031	4621	4214
5913	2912	3521	5755
6433	1576	1599	8493
11158	2051	2107	2785
2985	896	1371	12849
2607	367	14648	479
1097	301	419	16284
17227	558	112	204
17212	336	187	366
17146	216	411	328
282	15698	151	1970
15623	807	401	1270
5229	4246	3844	4782
5143	4329	4529	4100
>swissregulon__hs__FOXA1
13	2	2	875
108	7	770	8
1	7	5	882
5	7	24	860
6	3	78	809
476	12	368	40
6	807	5	79
291	106	5	495
45	368	69	414
378	9	24	482
90	125	466	211
>swissregulon__mm__Foxa1
17.56418423	2.190782253	2.852813402	868.2235064
186.2474523	4.965233616	695.3153979	4.303202467
0.6620311488	9.586903504	2.648124595	877.9342271
0.6620311488	4.634218041	17.86480249	867.6702346
4.634218041	1.324062298	69.79660321	815.0764028
428.0568391	8.109881572	424.2324647	30.43210098
10.57116652	732.1026087	2.813632382	145.3438787
253.2292962	116.567547	2.813632382	518.2208108
58.34645033	323.1951716	55.58175574	453.7079086
359.4582531	9.919173894	35.69823461	485.7556247
112.1279792	132.1657148	421.6161201	224.9214723
>swissregulon__mm__Foxa2
13137	132	26	13083
17963	976	6542	897
15722	26	2532	8098
3007	26	23319	26
26	4036	26	22290
24559	1767	26	26
25983	343	26	26
26300	26	26	26
26	18835	26	7491
26300	26	26	26
>hocomoco__FOXA1_HUMAN.H11MO.0.A
8	0	0	492
123	2	375	0
1	0	0	499
2	0	28	470
0	0	72	428
391	0	103	6
4	399	4	93
159	69	2	270
16	157	54	273
232	10	8	250
109	49	247	95
54	130	197	119
>hocomoco__FOXA1_MOUSE.H11MO.0.A
11	1	0	488
129	0	371	0
0	0	0	500
2	0	29	469
0	0	149	351
464	1	33	2
6	457	0	37
218	66	0	216
27	183	46	244
241	6	22	231
>hocomoco__FOXA2_HUMAN.H11MO.0.A
8	0	1	491
98	1	400	1
0	2	0	498
1	0	22	477
0	0	72	428
379	0	118	3
4	444	1	51
201	61	0	238
22	205	60	213
282	4	20	194
95	48	275	82
64	179	141	116
>hocomoco__FOXA2_MOUSE.H11MO.0.A
55	200	90	155
84	179	127	110
99	133	57	211
23	4	1	472
152	7	341	0
4	2	2	492
3	1	33	463
0	0	148	352
452	1	32	15
2	454	1	43
218	53	1	228
48	143	49	260
236	4	19	241
>hocomoco__FOXA3_HUMAN.H11MO.0.B
79	233	108	80
114	125	39	222
6	0	3	491
123	4	369	4
4	11	7	478
3	0	18	479
4	0	136	360
428	3	57	12
2	437	11	50
184	76	4	236
47	116	53	284
213	7	27	253
77	58	289	76
>hocomoco__FOXB1_HUMAN.H11MO.0.D
1543	1145	2974	1376
628	1013	1589	3808
2491	2703	1134	710
5652	387	398	601
5096	580	211	1151
24	24	113	6877
4551	7	2463	17
94	6	65	6873
94	2	189	6753
21	4	1966	5047
6757	3	270	8
22	6315	76	625
5453	100	236	1249
217	1012	212	5597
5050	120	307	1561
4038	443	1804	753
872	2514	2302	1350
>hocomoco__FOXF2_HUMAN.H11MO.0.D
1	0	0	25
4	0	21	1
0	0	1	25
3	0	0	23
3	0	1	22
20	0	6	0
0	20	1	5
7	7	2	10
1	1	0	24
13	0	1	12
7	0	9	10
>hocomoco__FOXL2_MOUSE.H11MO.0.C
11	1	2	486
38	2	455	5
0	1	0	499
1	2	10	487
2	3	54	441
385	38	7	70
3	279	29	189
272	55	41	132
88	71	40	301
98	38	23	341
127	92	62	219
>nitta__croc_TGACCT20NGA_KD_NRCGTMAACAN_m1_c4
1484	714	143	2524
3719	292	1146	221
343	4865	536	1627
1117	49	4865	0
334	200	28	4865
2519	2346	6	19
4865	362	3	60
4865	40	121	50
0	4865	0	546
4865	11	158	37
1160	2069	401	1234
>taipale_cyt_meth__FOXA1_NWRTGTAMAYAN_eDBD_meth
59	119	76	139
166	33	42	226
205	4	187	55
308	76	135	392
38	20	392	14
23	156	14	392
392	299	4	18
344	48	0	9
392	0	11	0
5	204	0	188
392	1	39	0
121	24	14	234
>taipale_cyt_meth__FOXA1_NWRTGTAMAYAN_eDBD_repr
120	252	181	274
281	44	46	545
380	0	446	0
180	0	328	826
0	0	826	19
0	45	51	826
826	254	46	0
601	225	11	1
826	0	51	81
3	416	3	410
826	27	6	10
317	171	137	201
>taipale_cyt_meth__FOXC2_NWANRTAAACAN_eDBD_meth
914	1163	912	1076
1944	989	327	2122
4066	1129	1926	1062
811	1665	751	838
1291	144	2774	107
608	1919	14	4066
4066	2558	0	20
4066	425	33	90
4066	50	346	107
0	4066	0	835
4066	29	310	68
1325	924	674	1142
>taipale_cyt_meth__FOXD2_NYWANGTAAACAN_eDBD_meth_repr
176	83	402	56
105	300	111	417
164	22	18	553
717	8	449	16
92	286	154	185
126	119	717	39
14	109	0	717
717	387	18	90
717	206	15	44
717	9	122	57
8	717	15	96
717	51	276	150
211	63	130	313
>taipale_cyt_meth__FOXD2_NYWANGTAAACAN_eDBD_repr
1404	1834	2314	442
865	2406	309	3589
2183	36	3	3812
5995	92	1294	23
2482	1208	752	1553
2608	101	5995	6
148	1005	0	5995
5995	658	11	11
5995	209	17	11
5995	0	25	33
0	5995	0	2297
5995	53	125	209
2400	1003	515	2076
>taipale_cyt_meth__FOXD3_NYWAYRTAAACN_eDBD_meth
229	297	206	85
123	411	66	407
301	126	32	517
817	100	283	63
164	478	62	339
344	104	474	0
0	69	5	817
817	165	43	68
817	217	1	97
817	85	126	81
0	817	36	98
450	54	97	216
>taipale_cyt_meth__FOXD3_NYWAYRTAAACN_eDBD_repr
235	275	237	87
158	418	132	417
339	144	60	495
834	111	408	95
167	422	78	413
326	82	509	0
0	53	0	834
834	142	37	24
834	234	35	135
834	44	170	80
0	834	9	115
421	64	92	257
>taipale_cyt_meth__FOXI1_NWWNYGTAAACAN_eDBD
1785	1268	2064	1620
3029	1421	1650	3708
4155	1312	1471	2582
2479	1389	1911	959
1812	2860	1866	3877
2951	382	6737	0
285	262	59	6737
6737	2710	11	24
6737	938	22	562
6737	4	180	136
0	6737	0	1782
6737	53	121	144
2285	1600	1163	1688
>taipale_cyt_meth__FOXI1_NWWNYGTAAACAN_eDBD_meth
5689	2331	4847	5205
8167	1757	2451	9905
12065	1684	1773	6007
8766	2996	4076	2233
3807	7473	2552	10598
6860	293	18071	0
431	270	65	18071
18071	3714	25	57
18071	1096	7	1088
18071	23	153	126
9	18071	0	3934
18071	17	2124	107
9036	2766	1989	4280
>taipale_cyt_meth__FOXK1_NWYGTAAAYAN_eDBD
1013	503	560	915
2027	388	793	965
1045	1042	929	1950
1320	175	2992	0
354	380	104	2992
2992	1252	92	91
2992	566	43	314
2992	78	174	145
0	2129	0	862
2992	52	160	126
1267	541	440	744
>taipale_cyt_meth__FOXL2_NAYRTMAACAN_FL_meth
1158	945	317	604
3023	908	1461	437
0	2488	96	535
511	59	2512	0
1456	740	297	3023
1225	1798	65	26
3023	713	89	144
3023	347	397	230
7	3023	24	251
3023	49	929	65
726	1152	234	912
>taipale_cyt_meth__FOXQ1_NTAYRTAAACAN_eDBD
9	100	21	165
121	33	15	295
295	10	90	26
103	105	24	190
153	13	142	0
12	3	0	295
295	16	5	11
295	26	2	12
295	7	27	21
1	295	7	0
295	20	38	170
139	29	63	64
>taipale_cyt_meth__FOXQ1_NTAYRTAAACAN_eDBD_meth
34	96	23	136
120	76	25	289
289	15	82	17
54	144	17	145
132	15	157	0
6	24	0	289
289	39	19	0
289	28	8	13
289	10	57	9
0	289	2	4
289	21	40	125
128	25	61	74
>dbtfbs__FOXA1_representative_N1
204	11	0	280
259	46	164	26
229	0	57	209
39	0	456	0
0	40	0	455
393	102	0	0
476	19	0	0
495	0	0	0
0	346	0	149
494	0	1	0
>dbtfbs__FOXA2_representative_N1
0	0	0	499
133	0	366	0
0	0	0	499
0	0	33	466
0	0	112	387
481	0	18	0
1	454	0	44
226	60	0	213
24	167	44	264
274	0	23	202
>dbtfbs__FOXA3_HepG2_ENCSR092OVN_merged_N1
203	23	9	260
225	61	154	55
204	3	71	217
46	0	448	1
3	71	0	421
388	107	0	0
461	34	0	0
491	0	0	4
0	344	0	151
495	0	0	0
>transfac_public__M00269
2	0	0	4
1	1	3	1
3	0	1	2
0	0	6	0
0	0	0	6
4	2	0	0
6	0	0	0
6	0	0	0
0	5	0	1
6	0	0	0
4	0	0	2
3	1	0	2
3	2	0	1
3	0	1	2
>homer__AAAGTAAACA_FOXA1_GSE27824
48.3	2.6	1	48.1
64.4	6.7	24	4.9
57.44255744	0.1998001998	11.08891109	31.26873127
12.8	0.1	87	0.1
0.1	15.2	0.1	84.6
89.3	10.5	0.1	0.1
96.9	2.9	0.1	0.1
99.7	0.1	0.1	0.1
0.1	77.5	0.1	22.3
99.7	0.1	0.1	0.1
>homer__BSNTGTTTACWYWGN_Foxa3
13.7	34.4	25.1	26.8
21.3	36.6	22.4	19.7
24.57542458	24.57542458	20.77922078	30.06993007
0.1	0.1	0.1	99.7
32.7	0.1	67.1	0.1
0.1	0.1	0.1	99.7
0.1	0.1	1.5	98.3
0.1	0.1	29.9	69.9
91.2	0.1	8.6	0.1
0.1	87.9	0.1	11.9
42	19.1	0.1	38.8
11.5	37.1	8.2	43.2
48.05194805	3.296703297	4.395604396	44.25574426
21.9	10.9	49.7	17.5
16.9	25.7	31.2	26.2
>homer__CTTGTTTACATA_Foxa2
10.1	43.5	26.5	19.9
15.4	32.3	14.6	37.7
0.1	0.1	0.1	99.7
18	0.1	81.8	0.1
0.1	0.1	0.1	99.7
0.1	0.1	4.3	95.5
0.1	0.1	27.4	72.4
94.6	0.1	5.2	0.1
0.3996003996	98.3016983	0.0999000999	1.198801199
44.1	13.5	0.1	42.3
9.190809191	36.56343656	13.88611389	40.35964036
50.74925075	2.497502498	6.293706294	40.45954046
>homer__NNNVCTGWGYAAACASN_Fox_Ebox
22.77722278	27.47252747	26.87312687	22.87712288
26.92692693	20.52052052	26.32632633	26.22622623
22.47752248	24.77522478	29.87012987	22.87712288
23.3	31.9	32.3	12.5
9.9	61.7	11.3	17.1
36	0.1	0.1	63.8
27.3	12.8	57.1	2.8
38.73873874	0.1001001001	13.51351351	47.64764765
9.7	0.1	81.4	8.8
0.1	43.7	1.6	54.6
82.7	15.6	0.5	1.2
70.6	28.2	0.1	1.1
99.5	0.1	0.1	0.3
0.1	84.3	0.1	15.5
99.7	0.1	0.1	0.1
18.4	29.6	35.1	16.9
30.63063063	20.52052052	26.12612613	22.72272272
>homer__TRTTTACTTW_FOXM1
2.2	2.4	3.3	92.1
47.8	0.1	52	0.1
0.1	5.3	0.1	94.5
0.1	0.1	10	89.8
0.1	0.1	24.1	75.7
61.7	0.1	38.1	0.1
1.5	79.3	2.2	17
13.2	29.6	0.1	57.1
2.7	29.6	12.9	54.8
51.7	3.6	4.3	40.4
>cisbp__M01983
10.21118888	6.709229179	5.33070803	77.74887391
36.24489411	5.872606187	51.95087285	5.93162686
5.423129278	4.395903157	3.635232268	86.5457353
7.098266881	6.618380172	13.32778099	72.95557196
5.85287753	7.007166603	23.26461242	63.87534345
74.04002236	3.269397739	15.55847941	7.132100491
5.589262517	70.16484128	3.322931415	20.92296479
50.60649154	12.8594617	8.199554797	28.33449196
11.60432144	25.56892039	10.8197976	52.00696057
52.77455589	6.025673028	8.215553935	32.98421714
>cisbp__M07959
24.4856	27.572	32.5103	15.4321
22.01647798	46.91355309	12.96298704	18.10698189
45.679	6.5844	2.6749	45.0617
43.20994321	13.58021358	35.39093539	7.818907819
47.5309	1.0288	14.4033	37.037
12.7572	0.4115	86.4198	0.4115
0	31.6872	0	68.3128
84.9794	14.8148	0.2058	0
94.0329	5.9671	0	0
100	0	0	0
0	68.31273169	0.2057997942	31.48146852
96.09059609	0	0.823000823	3.086403086
22.0165	22.428	27.9835	27.572
28.3951	21.6049	26.5432	23.4568
23.45677654	19.75308025	37.44856255	19.34158066
>cisbp__M07960
17.46361746	31.39293139	28.06652807	23.07692308
28.69022869	31.39293139	24.32432432	15.59251559
10.395	57.3805	12.2661	19.9584
43.2432	1.8711	1.0395	53.8462
50.3119	8.5239	35.9667	5.1975
49.48024948	0	14.96881497	35.55093555
13.3056	0.8316	84.8233	1.0395
0.2079	26.8191	0	72.973
89.605	10.395	0	0
95.6341	4.3659	0	0
99.3763	0	0.2079	0.4158
0	78.3784	0.2079	21.4137
97.7131	0.4158	0.8316	1.0395
38.04573805	19.54261954	24.11642412	18.2952183
33.67983368	22.03742204	29.52182952	14.76091476
>cisbp__M07961
16.93878306	49.38775061	11.02038898	22.65307735
41.0204	5.3061	0.2041	53.4694
42.44895755	13.67348633	35.71426429	8.163291837
48.36734837	0	10.61221061	41.02044102
12.0408	0	86.9388	1.0204
2.2449	21.6327	0	76.1224
79.1837	20.6122	0.2041	0
96.7347	3.0612	0	0.2041
100	0	0	0
0	71.83677184	0.8163008163	27.34692735
97.14280286	0	0.4081995918	2.448997551
>cisbp__M07962
15.213	46.6531	17.8499	20.284
41.58215842	3.448296552	2.028397972	52.94114706
37.1197	18.0527	39.9594	4.8682
43.2049	0	14.1988	42.5963
8.3164	0	91.6836	0
1.217001217	20.08112008	0.2028002028	78.4990785
81.7444	18.2556	0	0
92.49499249	7.302207302	0	0.2028002028
99.7972	0	0.2028	0
0	76.2677	0	23.7323
97.76870223	0	0.4056995943	1.825598174
>cisbp__M08028
50.78535079	1.047101047	0	48.16754817
59.1623	7.8534	26.178	6.8063
56.0209	0	15.7068	28.2723
27.7487	0	72.2513	0
5.2356	48.1675	0	46.5969
87.4346	12.5654	0	0
100	0	0	0
100	0	0	0
0	65.445	0	34.555
100	0	0	0
>cisbp__M08117
19.66557615	21.93293348	18.73864049	39.66284987
21.1695747	31.12958924	21.49672846	26.2041076
13.9131225	38.88585969	24.14576518	23.05525264
32.42002908	19.61559433	16.54398401	31.42039258
0.3180661578	0	0.05452562704	99.62740822
26.73118866	0	73.26881134	0
0	0	0	100
0	0	5.870592512	94.12940749
0	0	12.99073064	87.00926936
82.93347873	0	17.06652127	0
0	93.40239913	0	6.597600872
41.77117412	12.06379498	0	46.1650309
3.757724464	33.15158124	6.324972737	56.76572156
48.62777172	0.004543802254	0.286259542	51.08142494
21.84205743	11.82751727	42.77989822	23.55052708
>cisbp__M08121
0.1237623762	0.1237623762	0.1237623762	99.62871287
27.31767614	0.3708281829	71.94066749	0.3708281829
0.1236093943	0.1236093943	0.1236093943	99.62917182
0.1236093943	0.3708281829	4.449938195	95.05562423
0.1233045623	0.1233045623	21.5782984	78.17509248
90.86419753	0.4938271605	8.271604938	0.3703703704
0.2469135802	89.50617284	0.2469135802	10
41.77997528	9.517923362	0.3708281829	48.33127318
6.180469716	32.75648949	7.16934487	53.89369592
51.67286245	0.7434944238	2.973977695	44.60966543
16.25310174	6.575682382	59.80148883	17.36972705
16.06475716	24.28393524	36.11457036	23.53673724
>cisbp__M08199
10.8247	56.1856	13.9175	19.0722
40.2062	0.5155	1.0309	58.2474
51.5464	7.732	37.1134	3.6082
52.5773	0	17.5258	29.8969
10.8247	1.0309	87.6289	0.5155
0	24.2268	0.5155	75.2577
89.6907	9.2784	1.0309	0
96.9072	2.5773	0.5155	0
97.9381	0	1.5464	0.5155
0	77.3196	1.0309	21.6495
99.4845	0	0.5155	0
32.47423247	22.16492216	28.86602887	16.49481649
26.28867371	26.8040732	31.95876804	14.94848505
