>jaspar__MA0756.2
1982	4220	1995	989
2081	192	7105	91
9186	63	1581	171
0	0	0	9186
0	9186	0	0
3225	31	5962	0
9186	0	0	0
0	45	0	9186
9041	168	1510	145
>jaspar__MA0921.1
395	143	268	194
442	138	196	224
54	358	54	534
95	789	55	62
386	36	511	66
931	1	0	68
26	0	0	974
535	135	128	203
342	214	182	261
>nitta__ONECUT1_TAGCTC20NTCT_Y_CRATCRATAWN_m1_c3
16728	8538	3439	7221
3242	25	5296	22
8538	32	139	27
20	27	12	8538
109	8538	27	109
2051	56	6487	30
8538	34	88	96
66	47	23	8538
8538	276	283	1508
5409	1680	582	3129
2803	1555	712	3469
>nitta__ONECUT2_TGGGCG30NCGT_AH_NNCGATCRATAWNN_m1_c2
547	280	317	326
302	514	322	332
435	1469	595	234
816	0	1469	33
1469	17	101	48
0	23	0	1469
74	1469	4	42
288	15	1181	3
1469	15	5	30
23	11	0	1469
1469	58	89	181
959	348	142	511
383	335	158	594
324	390	308	447
>nitta__onecut_TTAACT20NCAA_KG_NNCGATCGATANNN_m1_c2
3740	2005	2069	2572
2666	2761	2272	2687
4539	10386	5941	2626
5671	12	10386	38
10386	41	373	20
15	32	16	10386
145	10386	31	226
5828	260	10386	127
10386	127	214	171
224	136	100	10386
10386	752	1043	2070
4650	2064	1164	2509
2626	2302	1648	3810
2726	2462	2284	2914
>taipale_cyt_meth__CUX1_NYATYGATYN_eDBD_repr
4091	4160	5934	5803
5259	6490	5703	13497
19987	65	699	98
478	1607	373	19987
16	12541	162	7446
1584	0	19987	145
19987	30	1259	57
251	507	0	19987
4398	10382	1764	9605
7652	3716	5697	2922
>taipale_cyt_meth__CUX2_NTGATCGATYRN_eDBD
988	3840	1366	1381
480	1715	403	7576
2844	386	7576	1675
7576	26	165	147
103	113	24	7576
109	7576	68	1639
1800	34	7576	108
7576	173	732	38
575	402	163	7576
1106	2498	300	5078
4362	633	3214	881
1297	1211	3252	1815
>taipale_cyt_meth__CUX2_NTGATCGATYRN_eDBD_meth_repr
2724	13917	5077	3520
579	11776	508	25238
12786	407	25238	1954
25238	52	835	116
49	138	41	25238
106	25238	47	974
724	20	25238	106
25238	54	491	111
345	969	161	25238
988	12058	139	13180
12522	373	12716	773
3050	3594	13150	5444
>taipale_cyt_meth__ONECUT1_NYATCGATYN_eDBD
3497	3750	5076	3308
4200	6881	4513	8750
15632	0	50	0
0	0	6	15632
0	15632	0	3398
0	0	15632	0
15632	0	0	0
0	2613	0	15632
378	8969	124	6662
3608	3972	4638	3414
>taipale_cyt_meth__ONECUT2_NTATCGATTTN_FL
4080	2450	5538	7168
4529	509	7008	19234
19234	0	0	0
0	88	46	19234
0	19234	0	7368
0	17	19234	129
19234	93	0	65
0	0	0	19234
0	16553	0	19234
20128	2400	23418	19234
4280	2550	4300	8105
>taipale_cyt_meth__ONECUT2_NTATCGATYN_eDBD
2577	2200	3449	2994
4336	6057	4155	11220
11220	50	249	360
878	254	122	11220
235	11220	299	5430
167	58	11220	28
11220	11	63	11
605	2831	377	11220
194	5835	363	5385
2523	2404	3611	2683
>taipale_cyt_meth__ONECUT3_NYATCGATYN_eDBD
2281	2382	3520	2464
2357	4539	2381	6108
10647	0	426	0
59	0	0	10647
0	10647	0	4785
0	0	10647	0
10647	0	0	0
0	1632	0	10647
547	5114	374	5532
2396	2570	3264	2416
>cisbp__M01500
17.53237193	20.16702806	16.51136607	45.78923393
15.90239528	8.301778297	32.99875206	42.79707436
91.45674865	0.6478255506	1.561842429	6.333583367
1.230360345	1.473008768	0.04448101057	97.25214988
8.035689722	56.48035253	2.897629055	32.58632869
25.43583882	2.067125836	67.09833009	5.398705255
36.14533867	10.45989057	45.94973108	7.445039685
23.67585083	25.13988368	11.75707958	39.42718591
31.40787765	14.98513549	19.24129484	34.36569203
>cisbp__M01502
18.21640227	18.95982775	19.34284168	43.48092829
17.24768605	9.951049197	24.97007212	47.83119264
95.41287791	0.1633620393	0.6115329501	3.812227098
1.17047535	0.5812408571	0.008629315864	98.23965448
7.486974159	53.15247827	2.646306071	36.7142415
19.73819605	2.671274354	71.70465323	5.885876364
41.57338278	8.064406553	44.1441372	6.218073461
21.97821033	24.04799255	10.59149715	43.38229997
31.0184918	16.52019441	19.19372757	33.26758622
