>hocomoco__ZN554_HUMAN.H11MO.0.C
120	47	300	33
30	412	3	55
172	57	77	194
22	32	423	23
343	5	142	10
71	19	408	2
8	285	23	184
0	493	0	7
389	30	45	36
87	136	120	157
89	101	216	94
60	80	84	276
207	20	218	55
70	59	351	20
109	49	188	154
69	60	228	143
80	62	137	221
191	53	212	44
63	327	45	65
92	77	72	259
>taipale_cyt_meth__ZNF787_RATGCMNNNNNNNTGCCTCR_FL_meth_repr
63	17	100	19
164	48	17	10
8	39	17	164
0	7	164	0
11	164	27	21
136	28	12	19
9	106	19	30
36	3	65	60
19	29	41	75
67	39	16	42
36	55	52	21
18	80	15	50
30	39	85	10
0	20	5	164
4	0	164	5
15	164	2	0
0	164	0	1
0	0	0	164
3	164	2	15
105	2	59	7
>kznf__ZNF16_Schmitges2016_RCADE
0.855513385	0.4752852139	98.57414436	0.09505704278
99.33460099	0.09505700095	0.4752850048	0.09505700095
2.376428954	0.09505695817	97.43345713	0.09505695817
0.475284962	95.15209239	0.8555129316	3.517109719
1.615969564	85.64637688	0.09505697433	12.64259659
95.91254796	3.136881568	0.8555134278	0.09505704753
1.9961998	29.37259706	3.517109648	65.11409349
35.07600702	3.136880627	45.34220907	16.44490329
0.09505697719	3.517109156	96.29277689	0.09505697719
58.6502176	25.57030767	7.69962231	8.079852424
56.74902837	2.756651378	25.1901126	15.30420765
9.22053461	1.235740618	83.74524187	5.798482899
9.980986008	2.376429049	82.60456696	5.038017985
7.69961615	24.42968779	9.22052539	58.65017067
3.517109648	11.50189885	22.52849775	62.45249375
6.939155837	41.92017485	16.44489013	34.69577918
6.178709382	14.16349858	14.54369855	65.11409349
36.21670543	0.4752850713	22.14830332	41.15970617
