>jaspar__MA0567.1
42	54	3	1
1	1	98	1
0	98	1	1
4	96	0	0
2	0	97	1
2	92	2	4
1	98	1	1
58	5	24	12
>jaspar__MA0976.2
165	1167	247	321
249	1377	111	163
89	4	1744	63
4	1865	22	9
10	1866	15	9
113	2	1734	51
10	1794	9	87
55	1804	16	25
1104	12	653	131
67	1659	40	134
331	1002	198	369
612	168	757	363
>jaspar__MA0979.1
148	787	24	41
335	15	634	17
27	889	58	26
39	934	19	8
66	44	865	26
320	524	56	101
70	828	68	34
100	417	329	154
>jaspar__MA0993.1
263	442	140	156
77	14	874	35
48	868	84	0
129	770	36	65
90	25	875	10
146	456	132	266
212	593	66	128
419	174	210	198
276	208	198	317
279	209	201	312
>jaspar__MA0997.1
193	294	315	197
197	471	175	157
18	0	982	0
61	828	86	24
98	680	76	146
179	0	820	0
138	419	212	230
224	404	193	180
351	209	231	209
>jaspar__MA0998.1
193	300	280	227
289	468	167	76
34	13	939	13
32	905	36	27
97	850	21	32
43	10	928	19
129	591	131	149
35	903	24	38
384	176	240	200
233	254	223	290
>jaspar__MA1001.3
138	830	181	224
193	1008	63	109
59	6	1270	38
4	1347	13	9
16	1346	5	6
76	2	1271	24
9	1281	9	74
40	1304	11	18
852	5	435	81
85	1086	45	157
290	653	144	286
435	126	522	290
>jaspar__MA1005.2
519	229	644	491
162	1145	257	319
113	1713	16	41
186	8	1658	31
0	1878	3	2
30	1844	1	8
149	2	1697	35
2	1852	7	22
12	1852	1	18
658	48	925	252
239	887	194	563
>jaspar__MA1051.1
119	232	543	107
147	761	33	58
7	6	982	5
6	746	244	4
16	977	4	3
6	3	976	15
109	780	26	85
257	664	6	73
>jaspar__MA1053.1
38	287	661	13
50	936	8	6
3	5	989	3
3	827	168	2
13	982	2	3
4	13	978	5
38	862	13	86
207	773	2	18
>jaspar__MA1231.2
404	837	296	596
487	841	178	627
442	248	375	1068
206	731	280	916
1010	942	94	87
30	7	2078	18
3	2124	1	5
59	2062	3	9
51	3	2067	12
14	2066	14	39
10	2107	8	8
579	62	911	581
214	929	236	754
509	695	348	581
>jaspar__MA1245.2
641	302	895	657
217	1507	361	410
168	2246	33	48
253	20	2173	49
1	2454	37	3
38	2449	1	7
219	3	2236	37
7	2446	14	28
38	2406	3	48
831	73	1264	327
304	1165	243	783
>jaspar__MA1671.1
703	1819	234	643
977	385	1143	894
254	2309	354	482
30	3343	0	26
195	8	3186	10
0	3396	2	1
19	3370	3	7
170	9	3190	30
2	3338	11	48
593	1903	286	617
931	292	1537	639
>jaspar__MA1817.1
1873	7440	3127	2361
1541	8346	2985	1929
453	711	13149	488
299	13416	683	403
271	13624	555	351
567	247	13656	331
308	13462	632	399
277	13749	446	329
458	233	13639	471
379	13257	657	508
354	13267	760	420
2204	3064	7641	1892
2006	6993	3317	2485
>scertf__macisaac.STP1
4	30	13	52
30	0	69	0
0	99	0	0
0	0	95	4
8	0	91	0
0	99	0	0
4	0	43	52
4	34	26	34
>cisbp__M00720
21.66844664	32.32552386	26.20256038	19.80346912
29.71339135	47.06821025	11.37704617	11.84135223
5.364994086	0.009656686276	94.62249828	0.002850945102
5.76361721	83.22645491	4.766275896	6.243651986
12.70817438	78.43305343	3.261689912	5.597082271
20.59299925	9.253031024	61.86478868	8.289181046
24.19892572	34.68503204	13.28065202	27.83539022
12.81285943	68.06405922	6.688899153	12.4341822
30.72196123	31.97574825	14.08313171	23.21915881
>cisbp__M00841
25.64673119	44.0099667	15.24750868	15.09579343
8.533946219	6.385641043	80.96782733	4.112585404
1.862871101	87.54201936	7.554314823	3.040794713
11.1239583	82.19555186	2.157825901	4.52266394
7.265699559	8.192053378	80.09108774	4.451159323
20.25507355	45.53154159	10.68034683	23.53303803
26.79408358	50.81446718	7.086425845	15.3050234
40.12761074	17.67346999	18.57960817	23.6193111
24.51772584	21.1026022	17.80352301	36.57614894
24.99161474	23.30202714	20.87475133	30.83160679
>cisbp__M00847
17.44405216	36.76385804	28.34803764	17.44405216
29.56430047	50.59071787	9.922490834	9.922490834
0.008392070836	0.008392070836	99.97482379	0.008392070836
0.008392070836	99.97482379	0.008392070836	0.008392070836
0.008392070836	99.97482379	0.008392070836	0.008392070836
0.008392070836	0.008392070836	99.97482379	0.008392070836
0.008392070836	99.97482379	0.008392070836	0.008392070836
0.008392070836	99.97482379	0.008392070836	0.008392070836
57.61465037	7.564339909	17.71840994	17.10259978
24.9406261	25.23997127	24.66939437	25.15000827
>cisbp__M01045
21.74849969	29.35740386	28.20628359	20.68781285
27.38956794	39.25827337	21.76193208	11.5902266
8.78680372	0.009689146086	89.41165281	1.791854324
5.488181437	78.46062841	10.72520899	5.325981163
12.90252537	75.74883442	4.338041841	7.010598374
8.808339739	0.005832549726	90.5316008	0.6542269108
14.78436661	47.63512036	21.40383929	16.17667374
7.404968092	79.21384849	5.59655449	7.784628924
37.94005525	19.02982378	24.92839265	18.10172832
>cisbp__M01047
12.97636341	34.92243652	38.59526123	13.50593884
12.42305339	67.32649815	11.58317821	8.667270251
2.259009121	0.004819554784	97.02088597	0.7152853503
0.01072856675	95.12146873	3.14292751	1.724875189
5.13033692	89.58351628	3.725389215	1.560757583
4.643745077	1.180007943	92.34404013	1.832206851
8.122474112	61.2298491	8.122474112	22.52520267
24.01072471	41.61666106	16.58503186	17.78758236
33.20977184	22.03967339	22.03967339	22.71088137
>cisbp__M01050
8.176998369	75.46900489	8.176998369	8.176998369
1.577139288	0.01561524047	98.39163023	0.01561524047
0.01561524047	89.02248595	10.94628357	0.01561524047
0.01561524047	96.83010618	3.138663335	0.01561524047
0.01561524047	1.577139288	98.39163023	0.01561524047
6.26171143	84.3379138	6.26171143	3.138663335
12.5089222	80.31763026	1.802284083	5.371163455
52.74694784	5.577136515	30.54938957	11.12652608
>cisbp__M01099
8.02715655	87.89936102	0.03993610224	4.033546326
0.03328894807	0.03328894807	99.90013316	0.03328894807
0.03328894807	96.57123835	3.362183755	0.03328894807
0.03328894807	99.90013316	0.03328894807	0.03328894807
0.03328894807	0.03328894807	99.90013316	0.03328894807
6.691078562	63.28229028	10.01997337	20.00665779
13.80853994	82.67906336	0.03443526171	3.477961433
64.92015968	5.03992016	25	5.03992016
>cisbp__M01100
16.83793996	36.00416661	31.30051875	15.85737467
20.82236271	60.70508937	8.636760233	9.835787693
2.659548678	0.001157094034	97.33478597	0.004508262023
1.584618512	93.72300638	2.182222149	2.510152961
10.47840661	86.42842595	1.0195044	2.073663037
4.524765003	2.434072165	90.88233448	2.158828348
13.52258447	45.34777948	10.4266102	30.70302584
21.76815619	60.36733675	4.528760025	13.33574703
48.5313897	14.04421826	15.83481187	21.58958018
27.18319278	19.1556722	17.33276897	36.32836605
>cisbp__M01604
19.3256167	29.41284565	31.5455176	19.71602005
19.730229	47.09429774	17.49914332	15.67632993
1.797805139	0.02834134899	98.15683466	0.01701885477
6.091381405	82.83700544	8.644081677	2.427531477
9.77576693	68.02712759	7.61337494	14.58373054
17.94049942	0.007574716879	82.02800345	0.02392241713
13.81805769	41.92893935	21.24191315	23.01108981
22.3853107	40.38284118	19.26721548	17.96463264
35.13594905	20.88904368	23.08596358	20.88904368
>cisbp__M01619
17.60007697	37.78597576	27.0138703	17.60007697
30.3124852	50.30848092	9.689516939	9.689516939
0.0148883478	0.0148883478	99.95533496	0.0148883478
0.0148883478	99.95533496	0.0148883478	0.0148883478
0.0148883478	99.95533496	0.0148883478	0.0148883478
0.0148883478	0.0148883478	99.95533496	0.0148883478
0.0148883478	99.95533496	0.0148883478	0.0148883478
0.0148883478	99.95533496	0.0148883478	0.0148883478
35.93579482	7.41481138	49.23458242	7.41481138
15.32537141	25.55226807	24.07344592	35.0489146
>cisbp__M01643
15.00333222	71.65111629	7.50583139	5.839720093
2.553489557	1.279928681	94.88665308	1.279928681
1.892605634	87.4056841	10.69542254	0.006287726358
1.892605634	97.46604628	0.6350603622	0.006287726358
0.006287726358	0.6350603622	99.35236419	0.006287726358
5.887349712	62.73523262	13.72843701	17.64898066
15.79224293	77.42784125	0.7591701744	6.02074564
48.87827632	6.674811195	29.99777876	14.44913372
>cisbp__M01644
18.42797056	60.48895899	13.170347	7.912723449
0.01959247649	0.01959247649	99.94122257	0.01959247649
0.01959247649	92.10423197	7.856583072	0.01959247649
0.01959247649	97.98197492	1.978840125	0.01959247649
0.01959247649	0.01959247649	99.94122257	0.01959247649
1.978840125	70.55250784	21.57131661	5.897335423
0.02039151713	99.93882545	0.02039151713	0.02039151713
58.02190722	3.253865979	32.24871134	6.475515464
>cisbp__M06627
40.2329	59.7671	0	0
0	0	100	0
0	100	0	0
0	100	0	0
0	0	100	0
0	100	0	0
0	100	0	0
37.7749	0	44.89	17.3351
