>cisbp__M07215
26.2542	14.5485	9.0301	50.1672
16.55518344	9.531790468	19.23078077	54.68224532
10.3679	18.5619	7.1906	63.8796
13.3779	20.2341	2.8428	63.5452
66.2207	1.8395	27.7592	4.1806
0	100	0	0
0	8.6957	0	91.3043
0	0	0	100
0	0	0	100
16.55518344	2.508397492	0	80.93641906
8.8629	11.3712	12.0401	67.7258
19.8997	29.4314	22.9097	27.7592
20.06687993	26.75587324	15.71908428	37.45816254
21.0702	19.2308	11.3712	48.3278
13.71238629	21.90637809	8.026791973	56.35444365
14.88291488	17.39131739	7.85950786	59.86625987
13.0435	19.398	9.1973	58.3612
15.7191	13.8796	9.0301	61.3712
18.7291	13.8796	15.7191	51.6722
18.3946	19.2308	16.5552	45.8194
18.0602	14.5485	14.214	53.1773
