>jaspar__MA1470.1
178	32	50	61
202	11	26	90
250	11	27	46
50	85	93	93
15	196	114	0
324	0	0	3
4	0	0	317
96	0	326	0
323	0	1	0
0	324	0	0
0	0	327	0
0	0	0	323
0	320	116	0
322	15	0	0
0	63	0	259
2	100	189	31
106	94	68	54
65	25	1	236
79	9	3	224
76	33	46	166
>swissregulon__hs__BATF3
40	98	30	625
23	11	777	17
396	11	20	1
1	0	0	732
0	0	776	0
429	0	0	0
1	497	0	0
8	0	746	0
0	0	2	692
6	513	2	3
420	0	0	2
5	39	27	684
18	520	7	16
357	24	147	49
>swissregulon__hs__JUN
4260	839	1942	71
21	14	7	7070
21	28	6793	270
6963	14	78	57
142	4573	903	1494
1558	989	4337	228
36	78	7	6991
199	6864	21	28
7027	14	14	57
71	1934	797	4310
448	4638	789	1237
1543	2696	1237	1636
>swissregulon__mm__Jdp2
5158	5019	22406	4000
36583	1153	1408	58
8	15	0	36583
7	3	36583	1723
36583	7	16	7
18	36583	14	489
679	3	36583	3
20	11	7	36583
2592	36583	14	13
36583	17	16	10
59	14547	1102	22036
5542	17766	6486	6789
>swissregulon__mm__Jund
1826	224	792	29
3	3	3	2862
3	3	2816	49
2854	3	11	3
3	2253	118	497
474	98	2296	3
3	9	3	2856
46	2819	3	3
2862	3	3	3
26	810	230	1805
385	1519	376	591
807	729	735	600
>hocomoco__ATF2_HUMAN.H11MO.1.B
508	205	177	403
643	185	181	284
564	182	211	336
339	201	198	555
327	129	669	168
1218	10	65	0
0	0	0	1293
2	0	1251	40
1293	0	0	0
0	1292	0	1
1073	44	176	0
0	0	0	1293
1	1292	0	0
1293	0	0	0
3	110	1	1179
105	732	93	363
562	242	158	331
354	273	131	535
400	277	135	481
457	175	154	507
>hocomoco__ATF7_HUMAN.H11MO.0.D
2748	1105	5652	3139
7218	55	5291	80
7	8	56	12573
5	4	12467	168
12585	1	57	1
1	12543	70	30
7	0	12637	0
1	0	42	12601
2348	10269	18	9
12613	4	20	7
64	595	346	11639
>hocomoco__JDP2_HUMAN.H11MO.0.D
401	770	687	1177
447	358	1972	258
2554	71	366	44
6	2	2	3025
5	2	2998	30
3030	2	2	1
3	2941	7	84
25	1	3005	4
12	18	15	2990
478	2455	57	45
2881	48	54	52
136	1156	360	1383
>taipale_cyt_meth__ATF4_GGATGATGTCATCC_eDBD_meth
5428	155	13489	1142
1474	976	13901	2809
14810	1895	782	1
1	0	0	15699
0	0	15691	0
15692	0	0	0
0	4354	0	14872
389	0	15552	0
0	0	1	15682
0	15697	0	0
15706	6	0	0
0	594	1305	15021
4017	12393	2057	2072
1324	13053	416	5732
>dbtfbs__ATF2_representative_N1
148	26	264	55
250	22	211	10
0	0	0	493
0	0	489	4
493	0	0	0
2	323	20	148
0	0	493	0
0	9	0	484
81	408	1	3
476	0	7	10
10	112	87	284
>dbtfbs__ATF7_representative_N1
189	76	170	0
5	0	0	430
1	0	381	53
418	0	13	4
0	427	0	8
56	7	372	0
0	0	0	435
2	433	0	0
435	0	0	0
5	157	5	268
29	290	8	108
>transfac_public__M00036
6	8	5	5
2	11	3	8
6	0	15	3
20	0	4	0
0	0	0	24
0	0	24	0
24	0	0	0
0	24	0	0
0	0	24	0
0	0	0	24
0	24	0	0
24	0	0	0
0	2	1	21
5	8	4	7
3	13	4	4
5	10	0	9
>cisbp__M04011
11.78112786	14.23785595	64.87995533	9.10106086
64.22535211	12.05633803	22.81690141	0.9014084507
6.34115409	6.150919467	0.1268230818	87.38110336
0.6828057107	11.2352576	84.97827436	3.103662322
96.9654199	0.5645730416	0.4234297812	2.046577276
0.1443001443	99.42279942	0.2164502165	0.2164502165
0	0.3610108303	99.63898917	0
1.563610519	0.1421464108	0.4264392324	97.86780384
2.322738386	84.04645477	12.65281174	0.97799511
85.29048208	0.5562422744	7.292954265	6.860321384
0.8635578584	21.30109384	11.28382268	66.55152562
7.638888889	65.39351852	15.79861111	11.16898148
>cisbp__M04015
15.92920354	16.59292035	57.07964602	10.39823009
51.2345679	5.144032922	41.76954733	1.851851852
2.434077079	3.042596349	2.839756592	91.68356998
1.606425703	3.614457831	90.76305221	4.016064257
99.34065934	0.6593406593	0	0
1.287553648	96.99570815	0.2145922747	1.502145923
3.191489362	0	96.17021277	0.6382978723
0.8528784648	1.70575693	1.066098081	96.37526652
3.054989817	92.05702648	4.480651731	0.4073319756
94.56066946	3.347280335	0.8368200837	1.255230126
0.7079646018	80	8.849557522	10.44247788
11.69977925	47.90286976	22.51655629	17.8807947
>cisbp__M04017
58.84318766	21.56812339	12.21079692	7.377892031
3.540812523	9.802459933	1.341781588	85.31494596
2.995110024	5.256723716	69.95721271	21.79095355
86.73740053	2.652519894	4.357711254	6.252368321
0.6163886875	82.99492386	5.11240029	11.27628716
12.99072091	4.960742327	81.69164882	0.3568879372
6.994619523	3.497309762	1.537279016	87.9707917
22.7189781	69.61678832	4.683698297	2.98053528
85.37859008	1.641178665	9.585975382	3.394255875
4.657933042	53.31149927	12.00873362	30.02183406
>cisbp__M04020
9.657947686	36.85446009	14.18511066	39.30248156
13.72212693	19.6969697	53.83076043	12.75014294
40.87534193	6.017975772	52.40328253	0.7033997655
1.095033242	2.776691435	0.508408291	95.61986703
0.233281493	2.799377916	95.17884914	1.788491446
99.23139159	0.283171521	0.1618122977	0.3236245955
0.2029220779	99.55357143	0.04058441558	0.2029220779
0.04073319756	0.04073319756	99.87780041	0.04073319756
0.2030044661	0.2436053593	0	99.55339017
1.124046568	98.07306303	0.4817342433	0.3211561622
98.63289103	0.3618817853	0.6835544833	0.321672698
0.6596306069	18.00791557	9.762532982	71.56992084
5.710446758	78.06516627	9.674168626	6.550218341
63.58712007	13.30123382	12.87992778	10.23171833
>cisbp__M04022
18.49315068	31.11031002	24.21773612	26.17880317
23.78704796	3.567710141	72.47865621	0.1665856875
0.09297003504	0.3575770579	0.3575770579	99.19187585
0.1469456301	1.630396753	97.05408999	1.16856763
99.14224446	0.1358112938	0.3859899929	0.335954253
0.07184940365	99.65512286	0.09340422474	0.1796235091
0.1079369648	0.07195797654	99.6905807	0.1295243578
0.1793143021	0.2438674509	0.0932434371	99.48357481
1.478703835	98.13216358	0.2547049667	0.1344276213
99.15641979	0.1501286817	0.5218758936	0.1715756363
0.5968140004	28.39129459	8.772717074	62.23917433
24.34030281	38.72386446	22.63878875	14.29704398
>cisbp__M04025
6.476997579	11.24394673	73.72881356	8.550242131
65.51268887	7.892034619	25.86181605	0.7334604665
0.3465888362	0.5107624954	0.2188982123	98.92375046
0.2338550099	0.6475984889	97.30167296	1.816873538
99.24922175	0.07324665812	0.3296099615	0.3479216261
0.09012256669	97.09805335	0.10814708	2.703677001
2.872015796	0.2513013822	96.85873272	0.01795009873
0.1828487841	0.3291278113	0.2011336625	99.28688974
1.795009873	97.1459343	0.6821037516	0.3769520732
98.74362709	0.3641660597	0.6008739985	0.2913328478
0.6718270776	25.70468818	8.689937199	64.93354754
8.721986675	73.42519685	10.82677165	7.026044821
>cisbp__M04027
25.63398524	14.12770367	50.63722316	9.601087942
15.59792252	20.51833335	44.52589724	19.35784688
74.41114109	24.33307633	1.137239784	0.1185427911
0.03746624808	0.1679521466	0.04521788561	99.74936372
0.09423732314	0.05163688939	99.67081483	0.1833109573
99.6013829	0.1083619288	0.2128537888	0.07740137774
0.03211468797	99.18171775	0.03468386301	0.7514836986
0.7295988491	0.05266470566	99.17534778	0.04238866553
0.08126096378	0.2334640388	0.0967392426	99.58853575
0.1600660918	99.66566841	0.08132390148	0.09294160169
99.43975066	0.2704652001	0.1712946268	0.1184895163
0.09440097338	26.43856594	18.92110176	54.54593132
14.45427347	51.40074344	15.50596433	18.63901877
8.822805631	54.35765261	11.3510083	25.46853346
>cisbp__M04032
30.75169315	9.074856389	58.49482554	1.678624913
0.4659717964	0.880441447	0.7308399755	97.92274678
0.6151927673	1.400810558	82.98451626	14.99948041
95.03725037	0.9973103563	2.208840121	1.756599148
0.3535938548	81.13962893	3.511552765	14.99522445
13.39809077	2.662870541	83.5873388	0.3516998828
1.655833373	2.320064525	1.304739764	94.71936234
15.66406009	81.94897687	1.744555959	0.6424070767
98.37147996	0.3966591934	0.8943309764	0.3375298726
2.800314054	14.66075635	17.22880136	65.31012824
>cisbp__M04035
71.21848739	1.75070028	26.33053221	0.700280112
1.531100478	0.7655502392	0.3827751196	97.32057416
0.7339449541	1.19266055	93.30275229	4.770642202
94.95798319	1.960784314	0.466853408	2.614379085
0	96.58119658	0	3.418803419
4.384328358	0.7462686567	94.86940299	0
0	1.340996169	1.245210728	97.4137931
1.818181818	97.32057416	0.8612440191	0
96.21570482	2.270577105	0.9460737938	0.5676442763
0.5376344086	27.35215054	3.76344086	68.34677419
>cisbp__M04038
37.45098039	9.411764706	50.78431373	2.352941176
0.2150537634	0	3.010752688	96.77419355
0.4032258065	0	90.72580645	8.870967742
94.93670886	2.53164557	0.6329113924	1.898734177
0	94.73684211	2.736842105	2.526315789
2.226720648	5.870445344	91.09311741	0.8097165992
3.080082136	0.6160164271	3.901437372	92.40246407
9.560229446	86.04206501	4.397705545	0
96.35974304	0	2.78372591	0.8565310493
4.090909091	10.90909091	16.81818182	68.18181818
>cisbp__M04043
27.28174603	12.84722222	57.88690476	1.984126984
0.4901960784	3.267973856	0.8986928105	95.34313725
1.327088212	4.605776737	91.10070258	2.966432475
97.49373434	0.08354218881	1.587301587	0.8354218881
0.08488964346	99.06621392	0.1697792869	0.6791171477
0.3412969283	0.08532423208	99.57337884	0
0.08510638298	0.3404255319	0.2553191489	99.31914894
1.676445935	97.82062028	0	0.5029337804
99.06621392	0.08488964346	0.6791171477	0.1697792869
1.88034188	21.76638177	9.857549858	66.4957265
8.915662651	70.30120482	9.879518072	10.90361446
>cisbp__M05834
55.2	11.6	28.9	4.3
2.1	9.5	2.8	85.6
2.7	2.1	79.3	15.9
87.9	2.8	4.3	5
3.103103103	81.88188188	2.902902903	12.11211211
12	2.5	82.2	3.3
4.8	3.9	3.2	88.1
15.78421578	78.82117882	2.497502498	2.897102897
85.4	2.4	10	2.2
4.2	28.5	12	55.3
>cisbp__M06749
10.8514	18.0301	0	71.1185
7.679492321	11.01838898	61.76953823	19.53258047
92.1536	0	0.5008	7.3456
0	87.1452	0	12.8548
23.3723	0.5008	76.1269	0
0	0	0	100
6.8447	92.4875	0	0.6678
100	0	0	0
0	13.6895	20.3673	65.9432
6.177	67.9466	11.6861	14.1903
55.59264441	9.348890651	14.02338598	21.03507896
>cisbp__M06750
29.6435	12.3827	31.3321	26.6417
46.52905347	12.94558705	39.96246004	0.5628994371
0	0	0	100
0	0	99.6248	0.3752
100	0	0	0
0	98.6867	0.1876	1.1257
3.94	0	96.06	0
0	0	0	100
9.7561	90.0563	0.1876	0
99.6248	0	0	0.3752
0	14.63411463	32.83303283	52.53285253
4.1276	76.3602	6.7542	12.758
48.4053	10.1313	17.8236	23.6398
>cisbp__M06759
35.6784	15.0754	31.8258	17.4204
40.0335	10.3853	27.6382	21.943
38.86096114	18.42548157	19.43048057	23.28307672
33.3333	15.0754	19.933	31.6583
30.8208	9.3802	38.191	21.608
46.73365327	10.72028928	40.03345997	2.512597487
0.335	0.8375	0	98.8275
0	1.34000134	97.98999799	0.67000067
100	0	0	0
0	97.1524	0.1675	2.6801
4.1876	0	95.8124	0
0	0	0	100
13.2328	86.7672	0	0
98.995	0	0.1675	0.8375
0	11.7253	38.6935	49.5812
11.55778844	68.34163166	10.05028995	10.05028995
46.3986536	14.07038593	20.77047923	18.76048124
>cisbp__M06773
32.06896793	12.06898793	30.86206914	24.999975
43.7931	13.4483	41.0345	1.7241
0	0	0	100
0.1724001724	0	99.31039931	0.5172005172
99.6552	0	0.3448	0
0	96.7241	0	3.2759
3.4483	0.1724	96.3793	0
0	0	0	100
12.24138776	86.03441397	1.034498966	0.6896993103
96.8965031	0	1.034498966	2.068997931
0.3448	12.5862	34.8276	52.2414
4.827595172	74.82752517	10.68968931	9.655190345
50.51725052	7.413807414	20.34482034	21.72412172
25.1724	16.3793	15	43.4483
23.1034231	31.37933138	13.1034131	32.41383241
>cisbp__M06774
33.44766655	13.37908662	33.27616672	19.8970801
49.57115043	10.12008988	37.22126278	3.087496913
0	0	0	100
0.3430996569	0	98.45620154	1.200698799
99.14230086	0	0.3430996569	0.5145994854
0	97.4271	0.1715	2.4014
6.0034	0	93.9966	0
0.6861	0	0	99.3139
12.693	86.4494	0.8576	0
97.5986976	0	0.8576008576	1.543701544
0	12.3499	35.8491	51.801
9.777	69.6398	9.6055	10.9777
52.8302	7.8902	17.8388	21.4408
26.07202607	12.52141252	14.40821441	46.998347
21.0978	33.1046	13.2075	32.5901
>cisbp__M06784
32.6667	11.1667	29.3333	26.8333
49.16665083	10.16668983	39.16666083	1.4999985
0.3333	0.1667	0	99.5
0	0.5	98.1667	1.3333
100	0	0	0
0	98.1667	0	1.8333
3.3333	0.1667	96.5	0
0	0	0	100
9.5	90.5	0	0
99.33339933	0	0.3333003333	0.3333003333
0	13.66668633	33.66666633	52.66664733
5.1667	71.5	10	13.3333
51.3333	9.5	17.5	21.6667
27.999972	13.16668683	15.66668433	43.16665683
>cisbp__M06786
39.399	16.0267	18.6978	25.8765
26.3773	31.8865	16.8614	24.8748
33.38903339	16.52751653	30.21703022	19.86641987
33.72286628	16.69448331	23.70617629	25.87647412
26.7112	24.207	22.0367	27.0451
34.05676594	11.35228865	30.55086945	24.04007596
46.5776	14.3573	13.8564	25.2087
24.70782471	18.6978187	8.848108848	47.74624775
12.187	9.015	70.2838	8.5142
51.41905142	33.22203322	15.02501503	0.3339003339
0.6678	0.3339	0	98.9983
0	0	88.1469	11.8531
99.8331	0	0	0.1669
0	96.995	0.1669	2.8381
2.6711	0	97.3289	0
0	0	0	100
1.0017	98.6644	0.3339	0
100	0	0	0
1.3356	39.5659	11.3523	47.7462
23.70617629	30.71786928	11.51918848	34.05676594
>cisbp__M06787
31.6327	11.0544	31.2925	26.0204
45.7483	11.7347	40.8163	1.7007
0	0	0	100
0	0	99.1497	0.8503
100	0	0	0
0	97.619	0	2.381
3.0612	0	96.9388	0
0	0	0	100
10.2041	89.2857	0.3401	0.1701
99.3197	0	0	0.6803
0	13.4354	32.483	54.0816
3.9116	76.3605	10.7143	9.0136
49.6599	9.0136	20.2381	21.0884
25.3401	13.0952	15.6463	45.9184
>cisbp__M06789
27.71287229	11.35228865	35.72616427	25.20867479
43.7396	15.8598	38.7312	1.6694
1.1686	2.8381	0	95.9933
0.1669	3.172	92.3205	4.3406
100	0	0	0
0	96.828	0	3.172
5.5092	0.1669	94.3239	0
0.6678	0	0	99.3322
8.6811	91.3189	0	0
99.6661	0	0.3339	0
0	11.8531	37.2287	50.9182
2.5042	81.4691	6.177	9.8497
52.0868	9.182	16.8614	21.8698
27.7129	13.0217	15.6928	43.5726
22.8715	30.8848	11.1853	35.0584
>cisbp__M06793
40.23374023	15.02501503	12.35391235	32.38733239
32.55426745	14.85808514	22.2036778	30.38396962
28.04672805	10.51751052	32.72123272	28.71452871
40.73455927	18.03008197	36.89476311	4.340595659
3.8397	3.005	0	93.1553
0.3339	4.6745	86.3105	8.6811
99.6661	0	0	0.3339
0	97.4958	0	2.5042
10.1836	0.3339	89.4825	0
0	0.3339	0	99.6661
8.0134	91.9866	0	0
100	0	0	0
0	8.5142	34.7245	56.7613
4.674495326	76.79462321	7.512492488	11.01838898
60.26716027	9.84970985	13.52251352	16.36061636
>cisbp__M06794
28.7395	11.0924	35.4622	24.7059
47.2269	12.9412	38.3193	1.5126
0	1.0084	0	98.9916
0	1.3445	97.479	1.1765
100	0	0	0
0	96.13440387	0.1680998319	3.697496303
5.7143	0	94.2857	0
0	0.3361	0	99.6639
14.4538	85.5462	0	0
97.6471	0	0.8403	1.5126
1.8487	10.9244	36.1345	51.0924
5.714294286	77.47892252	7.899192101	8.907591092
54.958	9.4118	13.7815	21.8487
28.4034	11.9328	14.1176	45.5462
25.88237412	27.73107227	10.92438908	35.46216454
>cisbp__M07819
8.353208353	33.17423317	41.52744153	16.94511695
49.642	20.2864	29.3556	0.716
0	0	0	100
0	0	88.0668	11.9332
96.1814	0	2.6253	1.1933
0	94.98800501	3.57999642	1.431998568
12.6492	0.4773	86.8735	0
0	0	0	100
0	99.7613	0.2387	0
100	0	0	0
0.716	53.4606	0.2387	45.5847
7.1599	60.1432	2.864	29.8329
21.4797	31.9809	28.401	18.1384
23.38902339	36.51553652	16.70641671	23.38902339
>cisbp__M07836
14.01868598	14.01868598	50.15574984	21.80687819
65.42053458	10.28038972	23.36447664	0.9345990654
0	0	0	100
0	0.3115	82.243	17.4455
93.1464	0	6.8536	0
1.557598442	91.27720872	6.542093458	0.6230993769
27.4143	5.296	67.2897	0
0	0	0	100
0	100	0	0
100	0	0	0
0	28.972	0	71.028
1.8692	50.4673	9.9688	37.6947
20.56072056	35.82553583	18.38011838	25.23362523
22.4299	31.4642	14.3302	31.7757
17.757	30.5296	23.676	28.0374
