>dbtfbs__THAP1_K562_ENCSR000BNN_merged_N1
5	184	0	2
0	191	0	0
187	3	1	0
0	1	0	190
7	113	40	31
5	5	3	178
1	10	0	180
18	10	91	72
56	18	107	10
62	34	30	65
34	7	26	124
62	31	75	23
71	62	15	43
2	0	146	43
0	0	190	1
3	0	179	9
11	169	0	11
134	6	42	9
72	17	95	7
>cisbp__M08020
12.6316	61.0526	19.4737	6.8421
5.7895	1.0526	87.3684	5.7895
2.6316	95.7895	0	1.5789
0	100	0	0
97.8947	2.1053	0	0
0	2.1053	0	97.8947
4.2105	56.8421	22.1053	16.8421
4.210504211	2.631602632	1.578901579	91.57899158
0.5263	5.7895	0	93.6842
13.1579	5.2632	41.0526	40.5263
33.15786684	9.473690526	52.10524789	5.263194737
33.1579	17.8947	16.3158	32.6316
17.8947	5.7895	12.1053	64.2105
34.2105	18.9474	36.8421	10
36.31576368	32.63156737	8.947391053	22.10527789
1.578901579	0	74.21057421	24.21052421
0	0	99.4737	0.5263
2.1053	0	93.1579	4.7368
5.7895	87.3684	0	6.8421
69.4737	2.6316	21.5789	6.3158
35.7895	10.5263	49.4737	4.2105
