>kznf__ZNF331_Imbeault2017_RP_RCADE
46.65841866	3.094061238	14.97520599	35.27231411
10.519804	0.6188122351	79.82673033	9.034653433
8.539603245	0.123762047	69.92572657	21.41090814
0.1237619579	0.1237619579	98.14356663	1.608909453
0.618812099	92.69801483	0.1237620198	6.55941105
0.618812099	3.589110574	0.1237620198	95.66831531
0.1237620198	98.63861578	0.1237620198	1.113860178
45.17329006	1.608909646	0.6188118639	52.59898843
0.1237620173	0.1237620173	99.62871395	0.1237620173
0.1237619604	95.17326954	2.103959327	2.599009168
69.43072083	6.559411968	4.084161225	19.92570598
29.3317088	3.589111077	63.9851192	3.094060928
>kznf__ZNF331_Schmitges2016_RCADE
40.7805	18.3824	28.1109	12.7262
57.7489	12.7262	17.7036	11.8213
45.5317	13.8575	29.4683	11.1425
69.06107928	11.36879659	16.11989516	3.450228965
55.03391651	17.70360531	23.58600708	3.676471103
11.36879204	59.33255847	23.58598349	5.712666001
10.46379372	65.89366046	17.47738951	6.165156301
27.4321	28.5633	26.0747	17.9299
19.51358049	48.47285153	18.38238162	13.63118637
18.60859814	61.82129382	5.938909406	13.63119864
6.617648676	61.59498768	5.712668857	26.07469479
23.13348381	3.676467426	11.82129173	61.36875704
3.676468713	0.282804901	93.94796712	2.092759268
0.05656110945	99.83031667	0.05656110945	0.05656110945
48.2466	3.90271	2.77149	45.0792
3.45023069	1.414030283	93.26921865	1.866520373
95.7579181	0.05656111069	3.676470695	0.5090500962
11.14250011	0.2828050028	87.83940088	0.7352940074
0.05656109712	98.69909497	0.509049974	0.7352939625
20.87100812	68.83482678	0.056561122	10.23760398
8.427596629	74.4909702	5.033937986	12.04749518
43.26919567	10.23759898	3.90270961	42.59049574
12.9525	6.3914	54.3552	26.3009
5.712667144	61.36876932	9.332575334	23.58598821
12.9525	74.2647	4.3552	8.4276
24.94340748	40.55431217	7.748872325	26.75340803
27.8846	24.9434	17.9299	29.2421
