>swissregulon__hs__MTF1
19.782949	79.876284	111.279923	249.562657
3.565869	218.368024	166.003663	72.564257
8.815464	26.298415	13.296325	412.091609
2.68771	19.83034	437.983763	0
1.749333	441.841417	8.397633	8.51343
270.963155	15.814212	171.065183	2.659263
2.588562	440.205163	14.976414	2.731674
106.363753	223.593283	16.704678	113.840099
0.895053	442.149574	8.241918	9.215268
101.247874	52.489408	271.926599	34.837932
5.439971	46.735555	386.505788	21.820499
25.409366	380.704494	50.949045	3.438908
41.2458	345.001006	51.818465	22.436542
3.509096	375.838249	54.254978	26.89949
>kznf__ZNF320_Imbeault2017_OM_RCADE
8.681456527	7.37597705	70.56137178	13.38119465
0.326371049	0.8485641273	96.93211454	1.892950284
0.5874669471	0.3263709706	98.75979111	0.3263709706
27.48038901	2.937338825	47.58488097	21.9973912
12.0757	58.5509	14.4256	14.9478
11.55350809	79.17755542	4.24282297	5.026113518
36.35770727	41.31850826	7.637081527	14.68670294
29.83029403	4.503919099	54.89558902	10.77019785
5.809401917	0.5874671939	81.00522673	12.59790416
0.8485639559	0.06527419661	98.49869488	0.5874669695
2.415140357	0.3263710483	97.19321438	0.06527420966
1.631850424	1.370760356	96.148825	0.8485642206
23.04178959	76.56656539	0.3263708525	0.0652741705
29.30809121	55.6788833	3.19842904	11.81459646
33.22450332	6.592690659	21.73630217	38.44650384
29.30810586	12.85900257	50.71801014	7.114881423
9.464745268	16.77549161	15.73109213	58.02867099
6.070503035	9.464754732	73.69453685	10.77020539
21.73627826	39.22976077	21.73627826	17.2976827
18.342	24.6084	36.0966	20.953
23.3028767	24.86947513	30.35246965	21.47517852
>kznf__ZNF320_Imbeault2017_RP_RCADE
6.264918747	3.639619272	80.96658381	9.128878174
3.40095	4.11695	60.2029	32.2792
11.0381989	6.980909302	70.22669298	11.75419882
0.5369928765	1.252979712	96.71837775	1.491649657
0.05966592876	1.014320489	98.86634765	0.05966592876
26.55129734	1.730309827	48.9856951	22.73269773
11.7542	59.7255	14.1408	14.3795
7.6969	80.2506	4.59427	7.45823
36.57517074	43.25776539	6.503574797	13.66348907
29.41529412	6.264918747	50.89498982	13.42479732
4.832938405	0.5369928228	82.87587265	11.75419612
0.536993065	0.05966590722	99.10501199	0.2983290361
1.730309915	0.2983289854	97.9116952	0.05966589708
1.252980175	1.491650209	96.47971351	0.7756561086
26.31260447	69.9881119	3.162290538	0.5369930913
31.8019159	52.8043264	4.116952058	11.27680564
31.08589378	6.264918747	22.0166956	40.63249187
27.74463052	10.08351109	53.75895913	8.412899254
8.890218001	14.61811316	19.15271724	57.33895161
5.310262124	10.32220413	70.22672809	14.14080566
20.34607965	38.24576175	23.68737631	17.72078228
19.63008037	24.88067512	36.57516342	18.91408109
21.06207894	22.01667798	32.75656724	24.16467584
21.3007213	26.31262631	29.89262989	22.49402249
>kznf__ZNF320_Schmitges2016_RCADE
24.8341	31.25	24.6128	19.3031
23.2854	25.0553	23.2854	28.3739
15.76328424	40.0995599	25.4977745	18.63938136
19.7456	15.542	35.896	28.8164
10.45350105	74.83410748	9.126110913	5.586280559
64.21458716	15.9844968	12.88719742	6.913718617
7.798673899	54.25882713	6.692483346	31.25001563
47.40042844	18.19691092	6.471243883	27.93141676
10.67480747	3.595132517	60.45354232	25.27651769
0.9402645017	0.4977877362	68.63936362	29.92258414
0.9402653291	95.63053347	1.382740484	2.046460716
0.05530970127	98.28540226	0.4977880114	1.161500027
0.05530967434	99.17035398	0.05530967434	0.7190266664
13.77210138	76.60400766	1.161500116	8.462390846
13.55089864	51.82519482	5.143809486	29.48009705
12.0022084	3.595132517	47.84293349	36.55972559
7.79866844	3.816369237	78.81638424	9.568578086
17.7544	12.6659	57.3562	12.2235
16.8695	51.1615	2.2677	29.7013
0.05530969906	98.28539833	0.7190269878	0.940264984
0.940264953	96.51549517	1.161499942	1.382739931
8.462384076	70.8517504	6.692475315	13.9933902
36.11728916	56.91368293	4.037608789	2.931419121
6.471237412	82.13496715	5.586277765	5.807517677
>kznf__ZNF782_Imbeault2017_OM_MEME
6.818193182	15.90908409	38.63636136	38.63636136
0	13.6364	34.0909	52.2727
20.4545	9.0909	56.8182	13.6364
38.63636136	13.63638636	47.72725227	0
9.090890909	29.54547045	54.54544545	6.818193182
52.2727	9.0909	29.5455	9.0909
13.63638636	4.545495455	72.72722727	9.090890909
9.090890909	4.545495455	72.72722727	13.63638636
9.0909	11.3636	79.5455	0
6.818193182	38.63636136	22.72727727	31.81816818
20.45452045	50.00005	11.36361136	18.18181818
0	31.8182	20.4545	47.7273
38.6364	15.9091	11.3636	34.0909
20.45452045	18.18181818	61.36366136	0
54.54544545	2.272697727	38.63636136	4.545495455
0	4.5455	0	95.4545
2.272702273	2.272702273	84.09098409	11.36361136
0	25	0	75
0	20.4545	0	79.5455
6.818193182	4.545495455	84.09081591	4.545495455
0	0	93.1818	6.8182
>cisbp__M07043
25.64992565	31.02253102	17.15771716	26.16982617
40.0347	20.6239	15.078	24.2634
26.51647348	29.11607088	17.85098215	26.51647348
73.8302	15.078	5.1993	5.8925
4.8527	78.6828	16.4645	0
0	0	100	0
0	100	0	0
0	0	20.4506	79.5494
0	98.96019896	0.5199005199	0.5199005199
1.5598	74.5234	2.773	21.1438
24.95667504	15.07798492	11.43848856	48.52685147
19.58408042	35.35526464	16.98438302	28.07627192
22.7036	31.5425	15.078	30.6759
