>cisbp__M01014
23.84676656	22.45803899	33.17009225	20.52510219
7.931475567	72.30108182	9.982555227	9.784887389
14.93432619	32.90624095	50.58536646	1.5740664
3.883345407	94.3203531	0.102971503	1.693329993
91.799718	0.0156014601	8.16297941	0.02170113376
0.08508430242	99.07600452	0.04763856195	0.7912726177
48.51622121	12.96039541	14.90800326	23.61538013
39.71723301	27.70977321	18.94964456	13.62334921
38.94519604	15.67638482	13.49278946	31.88562968
>cisbp__M01448
19.94919179	6.707247318	66.8993085	6.444252389
14.65387092	25.91195713	8.287136783	51.14703517
12.11441442	77.81980937	4.456644009	5.609132194
17.29161233	61.57288206	3.670109682	17.46539592
15.43728573	3.376317892	72.00861281	9.177783572
21.67299248	4.69297589	5.186540473	68.44749116
1.012422396	1.408247285	94.85466427	2.724666052
2.913435723	88.17584375	2.361585099	6.54913543
23.20214671	7.87934521	50.11121348	18.8072946
9.569319765	39.195507	19.46391275	31.77126049
