>jaspar__MA0580.1
4	6	0	1
3	1	7	0
1	2	1	7
2	2	6	1
10	1	0	0
3	0	7	1
4	0	0	7
0	11	0	0
11	0	0	0
0	11	0	0
1	0	10	0
0	0	0	11
0	0	11	0
11	0	0	0
>swissregulon__hs__TFEB
94.73182456	8.776833223	116.0855321	39.37977433
73.28785123	0	185.686113	0
0	0	0	258.9739642
0	258.9739642	0	0
258.9739642	0	0	0
0	258.9739642	0	0
0	0	258.9739642	0
0	0	0	258.9739642
2.255587951	2.255587951	252.2072004	2.255587951
>swissregulon__hs__USF2
138.76	1.99	405.03	1
0.01	23.67	2.92	438.59
0.97	449.58	0.01	0.01
449.89	0.01	0.01	0.01
0.97	435.56	0.98	31.23
81.48	1.98	409.91	0.01
0.01	1.96	0.01	449.11
2.94	0.97	448.08	2.03
>swissregulon__mm__Usf2
17	136	39	134
0	326	0	0
326	0	0	0
0	308	0	18
0	0	326	0
0	0	0	326
0	0	326	0
326	0	0	0
0	292	0	34
0	205	52	69
>hocomoco__MITF_HUMAN.H11MO.0.A
27	119	57	297
0	499	1	0
440	13	6	41
0	365	8	127
2	9	489	0
2	0	6	492
0	3	497	0
445	19	28	8
0	383	23	94
72	262	36	130
>hocomoco__MITF_MOUSE.H11MO.0.A
45	198	88	169
2	486	6	6
228	107	30	135
4	311	23	162
59	36	400	5
8	1	11	480
0	6	490	4
387	58	29	26
6	365	48	81
40	195	34	231
>hocomoco__TFE3_HUMAN.H11MO.0.B
149	20	226	72
62	5	396	4
10	13	20	424
8	443	13	3
449	5	9	4
7	436	7	17
71	9	380	7
8	14	17	428
6	1	454	6
375	21	57	14
>dbtfbs__MITF_representative_N1
62	7	428	0
2	8	4	483
0	497	0	0
485	12	0	0
0	407	14	76
134	26	337	0
129	36	33	299
0	0	497	0
>dbtfbs__TFE3_HepG2_ENCSR589SNT_merged_N1
2	411	0	0
252	46	32	83
0	252	35	126
93	10	310	0
0	0	6	407
0	0	413	0
392	2	15	4
0	323	9	81
>dbtfbs__mm_USF1_representative_N1
0	496	0	0
489	3	0	4
0	467	0	29
20	10	466	0
0	0	0	496
0	0	496	0
467	10	10	9
0	423	8	65
54	273	66	103
>elemento__CACGTGAC
0	100	0	0
100	0	0	0
0	100	0	0
0	0	100	0
0	0	0	100
0	0	100	0
100	0	0	0
0	100	0	0
>homer__CCGGTCACGTGA_E-box
5.005005005	49.84984985	38.13813814	7.007007007
10.4	41.7	36.9	11
6.993006993	23.37662338	60.23976024	9.390609391
7.3	12.2	79.5	1
0.8	12.7	3	83.5
0.1	99.7	0.1	0.1
98.9010989	0.3996003996	0.1998001998	0.4995004995
0.2	93.1	0.3	6.4
10.5	2.2	87.2	0.1
0.2	0.2	0.1	99.5
0.1	0.1	99.7	0.1
72.6	4.7	22.3	0.4
>cisbp__M00937
33.33333333	0	0	66.66666667
0	100	0	0
100	0	0	0
0	100	0	0
0	0	100	0
0	0	0	100
0	0	100	0
100	0	0	0
>cisbp__M01112
12.211168	22.473817	20.95444808	44.36056693
1.849589795	97.02453466	0.5460547039	0.579820841
74.5660037	8.599333406	7.703576406	9.131086486
0.7546071557	77.35784627	5.631872673	16.2556739
14.18213487	6.766493901	78.41247736	0.6388938646
1.630830225	1.172442554	4.522609841	92.67411738
0.1097658095	0.3466616013	98.55293468	0.9906379123
82.91373081	7.521763961	4.471843232	5.092661999
2.022028667	57.63334448	4.323655815	36.02097103
21.17901879	40.16560418	14.77610002	23.87927701
>cisbp__M01520
0.1318149716	99.84749072	0.01060578079	0.01008853075
99.52581015	0.1466681115	0.1353917312	0.1921300121
0.001750174894	99.67954015	0.03732695509	0.2813827161
0.0723489669	0.06813569107	99.85767215	0.001843196282
0.01404721803	0.006311821925	0.02973796079	99.949903
0.0003272159185	0.001572811803	99.99395098	0.004148990181
93.13449748	4.07163508	1.638931752	1.154935685
1.681329502	65.3387222	2.116121327	30.86382697
16.27884501	51.41173287	11.82086763	20.48855449
>cisbp__M05833
0.713	99.287	0	0
71.836	5.5258	5.2585	17.3797
0	82.3529	0	17.6471
13.0125	3.3868	83.6007	0
0.1782998217	0	0.8912991087	98.93040107
0	0	100	0
90.10690989	4.010695989	4.010695989	1.871698128
0.6239	56.7736	3.9216	38.6809
>cisbp__M06739
0	100	0	0
100	0	0	0
0	100	0	0
0.53	0	99.47	0
0	0	0	100
0	0	100	0
72.0848	21.3781	1.5901	4.947
0.53	65.5477	11.8375	22.0848
31.9788	22.9682	13.6042	31.4488
23.1449	28.9753	10.2473	37.6325
21.0247	30.5654	19.4346	28.9753
15.72438428	46.81975318	12.54418746	24.91167509
42.4028424	26.67842668	15.54771555	15.37101537
21.2014	43.9929	10.9541	23.8516
>cisbp__M06740
27.9359	23.1317	12.8114	36.121
34.16373416	24.91102491	36.2989363	4.626304626
9.608509609	8.007108007	17.97151797	64.41286441
0	100	0	0
100	0	0	0
0	100	0	0
0	0	100	0
0	0	0	100
0	0	100	0
68.3274	22.7758	1.6014	7.2954
6.2278	56.5836	12.2776	24.911
27.5801	28.8256	9.7865	33.8078
25.44482544	27.93592794	12.0996121	34.51963452
23.1317	26.3345	14.5907	35.9431
13.5231	49.4662	10.3203	26.6904
45.1957	22.0641	13.5231	19.2171
17.61568238	47.50885249	8.362991637	26.51247349
22.77582278	23.84342384	36.83273683	16.54801655
19.92881993	21.35232135	9.074709075	49.64414964
19.0391	21.1744	35.0534	24.7331
23.1317	28.8256	20.4626	27.5801
22.5979	28.1139	17.4377	31.8505
>cisbp__M08184
28.4314	5.8824	65.6862	0
0	0	0	100
0	100	0	0
100	0	0	0
0	76.4706	14.7059	8.8235
22.549	3.9216	73.5294	0
0	0	0	100
0	0	100	0
>cisbp__M09483
6.7	10.5	22	60.8
0.4	98.9	0.6	0.1
97.8	0.9	0.7	0.6
0.7	93.1	0.1	6.1
3.2	1	95.7	0.1
0.1	0.5	0.5	98.9
0.1	0.3	97.9	1.7
79	11.6	6.2	3.2
14.6	43.8	3.3	38.3
23.1	34	15	27.9
