>kznf__ZNF84_Imbeault2017_OM_RCADE
50.48826971	11.42579314	30.17578189	7.910155254
33.3007667	18.84768115	36.03516396	11.81638818
27.832	25.4883	30.957	15.7227
33.69143369	21.58202158	27.83202783	16.89451689
25.4883	21.582	41.1133	11.8164
23.5352	39.9414	21.1914	15.332
46.58199534	7.128909287	30.56639694	15.72269843
25.09770477	0.4882810928	43.45700826	30.95700588
1.269530429	0.09765623301	96.58203264	2.050780693
78.61325126	20.41018735	0.4882806973	0.4882806973
98.925782	0.4882809111	0.4882809111	0.09765618223
14.94139851	70.80079292	2.441409756	11.81639882
69.23825846	18.84768869	9.863274082	2.05077877
8.691408053	0.09765617813	91.11327959	0.09765617813
0.8789058383	0.09765618203	98.9257818	0.09765618203
49.70700497	37.9883038	6.738280674	5.566410557
68.84769312	2.832029717	21.58199784	6.738279326
53.22267871	6.738277305	36.81638527	3.222658711
>kznf__ZNF84_Imbeault2017_RP_RCADE
20.4931918	3.826528469	70.15307194	5.527207789
39.88096012	15.39118461	33.41836658	11.30948869
47.70407138	6.887755867	40.90137546	4.506797296
69.47280695	2.806120281	23.55440236	4.166670417
38.1803	14.7109	36.8197	10.2891
33.7585	23.5544	25.9354	16.7517
37.5	17.0918	30.017	15.3912
16.75171005	20.8333125	52.80613168	9.608845765
26.9558	38.5204	14.7109	19.8129
51.44556913	12.6700924	27.97618321	7.908155255
30.35712732	1.785711607	37.84013406	30.01702702
6.207480993	0.08503401361	93.28231493	0.425170068
85.11904596	13.01020703	1.105440597	0.7653064133
98.04421569	0.425170068	1.445580231	0.08503401361
11.64970116	72.87410729	6.207480621	9.268710927
75.93536963	15.73129371	5.867347653	2.465989014
15.73130503	0.08503402721	84.09862691	0.08503402721
5.86734824	1.785709464	91.92177242	0.4251698724
44.98301799	42.60201704	6.207482483	6.207482483
71.85369281	8.588439141	15.39119846	4.166669583
48.38438548	15.05099548	32.73809018	3.826528852
