>jaspar__MA0296.1
177	287	207	326
247	192	334	225
520	84	98	297
526	76	129	267
365	73	150	411
119	146	133	600
146	4	847	1
7	3	0	987
959	37	0	1
977	11	1	9
990	1	2	5
1	925	1	71
990	1	3	4
874	39	16	69
671	49	70	208
248	191	407	152
374	158	296	170
284	184	330	200
205	116	452	225
421	192	248	137
>jaspar__MA1366.1
292	39	111	38
101	225	39	115
149	30	292	9
0	0	480	0
0	0	0	480
416	0	14	50
480	0	0	0
449	3	8	20
380	3	0	97
316	31	32	101
191	71	73	145
149	41	141	149
164	46	94	176
207	47	100	126
248	41	53	138
226	51	55	148
>jaspar__MA1867.1
276	196	219	309
219	211	195	375
230	178	253	339
184	157	188	472
247	192	232	329
312	133	166	389
292	103	133	472
9	6	4	981
227	3	761	8
6	6	3	985
56	3	67	874
4	3	55	939
821	8	69	102
74	479	151	295
422	68	117	394
327	217	127	329
626	45	54	275
591	122	62	225
253	405	75	266
641	111	79	170
>swissregulon__hs__FOXO4
101.413911	94.635818	133.032405	126.384869
76.561884	91.194457	106.890581	180.820081
32.429442	75.654437	134.271031	213.112093
1.865641	26.753538	3.506124	423.3417
0	0	0	455.467003
6.336894	0.908948	448.221161	0
0.949393	0	0	454.51761
0	0	0.940283	454.52672
7.013647	4.448498	6.245543	437.759315
343.534546	1.797056	12.074726	98.060675
1.805636	364.115682	12.172721	77.372964
181.063669	77.243694	84.506906	112.652734
85.951576	57.019699	39.435158	273.06057
93.454438	84.005533	70.320489	207.686543
>swissregulon__mm__Foxj1
446.042	209.997	124.191	219.77
271.534	218.131	245.258	265.077
368.646	184.693	168.482	278.18
348.384	34.2036	583.335	34.0772
40.3654	85.6176	13.1622	860.855
824.79	156.631	4.06313	14.5155
835.134	69.3812	3.50504	91.9797
967.572	9.28034	6.25856	16.8896
9.50713	909.577	4.49174	76.4241
947.956	6.99354	8.17741	36.8731
599.204	170.666	65.6224	164.508
708.795	35.8653	70.5572	184.782
303.191	287.145	184.748	224.917
285.55	184.167	248.662	281.621
235.315	210.836	254.428	299.421
220.038	158.539	286.552	334.871
>swissregulon__mm__Foxo3
9.763783283	5.073326945	21.54478141	26.61810836
20.67617839	1.650345749	31.17027349	9.503202376
1.650345749	24.9163317	6.723672694	29.70964985
4.986466643	11.01525692	12.47588055	34.52239589
2.728098776	0	0	60.27190122
11.36269813	0	51.63730187	0
0	2.345228169	0	60.65477183
0	0.6948824204	0	62.30511758
0.5211618153	0.6948824204	0	61.78395576
35.1144165	6.759102091	0	21.12648141
2.953250287	34.54182378	10.05979359	15.44513235
22.65796384	24.3243111	5.472199061	10.54552601
12.3455901	5.290477702	15.47256099	29.89137121
>yetfasco__YNL068C_830
24.01219252	19.68613072	22.08155227	34.22012449
27.78897856	14.61785647	26.78036404	30.81280094
34.18386797	17.45341491	21.97393448	26.38878265
57.17023524	14.60299669	14.39120374	13.83556432
49.56978838	11.0595744	17.66150961	21.70912761
37.92664656	15.79601633	12.66685661	33.61048049
17.95506304	0.4748258414	81.35933726	0.210773861
1.455781311	0.4260368696	0.09521580915	98.02296601
95.03669638	4.730813955	0.07713368504	0.1553559765
97.96779615	1.139018079	0.09759141477	0.7955943558
98.66670601	0.1016337936	0.2691416677	0.9625185306
0.1767209489	79.78328658	0.1296594499	19.91033302
98.96362681	0.1249238339	0.3667042891	0.5447450688
82.39542614	6.96612548	3.250028139	7.388420243
68.41717191	2.511041964	10.65798023	18.4138059
21.24905287	21.09517767	44.61481557	13.04095388
35.31692255	17.34232052	32.14361751	15.19713942
20.80107498	23.95474063	27.43183947	27.81234493
31.51642994	7.16398329	43.24415716	18.07542961
33.85664531	26.35414926	27.44415934	12.34504609
>cisbp__M07358
29.1044709	8.582091418	7.08959291	55.22384478
27.2388	14.1791	7.4627	51.1194
27.6119	25	7.4627	39.9254
33.5821	15.2985	9.3284	41.791
22.3881	13.4328	21.2687	42.9104
7.0896	3.3582	7.8358	81.7164
14.6791	0.0597	0.4329	84.8283
0	5.597	0	94.403
0	0	1.1194	98.8806
17.9104	4.1045	0	77.9851
93.6567	0	1.8657	4.4776
0	98.5075	0	1.4925
4.8507	55.9701	7.0896	32.0896
14.9254	9.7015	44.403	30.9701
12.6866	27.9851	5.597	53.7313
