>jaspar__MA0058.3
3307	1556	1295	719
1915	2809	1514	637
39	6876	0	0
6876	0	87	38
0	6876	7	229
329	39	6876	19
69	159	20	6876
0	27	6876	36
1341	2450	1638	1446
1122	2225	986	2543
>jaspar__MA0059.1
7	1	9	4
15	1	4	1
2	9	9	1
1	20	0	0
21	0	0	0
0	20	0	1
1	0	20	0
0	1	0	20
0	0	21	0
1	1	18	1
3	5	0	13
>jaspar__MA0104.4
1488	1894	2454	1148
1734	1550	2599	1101
480	5341	743	420
34	6929	14	7
6369	56	285	274
22	6517	122	323
323	122	6517	22
274	285	56	6369
7	14	6929	34
420	743	5341	480
1101	2599	1550	1734
1148	2454	1894	1488
>jaspar__MA0147.3
1038	1345	1649	910
1019	1287	1757	879
438	3746	472	286
44	4840	31	27
4600	59	170	113
54	4525	70	293
169	157	4578	38
59	162	63	4658
23	56	4817	46
419	2801	1198	524
961	1524	1036	1421
755	1785	1348	1054
>jaspar__MA0568.1
25	28	40	7
10	89	0	0
97	0	2	1
0	84	0	16
16	0	84	0
1	2	0	97
0	0	89	10
7	40	28	25
>jaspar__MA0626.1
273	177	293	257
154	377	420	48
0	999	0	0
999	0	0	0
81	918	0	0
81	0	918	0
0	0	0	999
81	0	918	0
74	172	188	566
297	299	202	202
>jaspar__MA0825.1
279	128	145	129
187	228	203	63
27	681	0	5
681	0	0	21
0	681	7	16
15	0	681	0
0	0	15	681
0	0	681	25
150	281	131	120
159	229	75	219
>jaspar__MA0941.1
231	308	231	231
308	231	231	231
191	268	191	350
274	120	403	202
699	177	103	21
0	840	0	159
999	0	0	0
0	917	0	82
19	19	942	19
19	19	19	942
218	59	664	59
213	130	287	371
229	229	229	312
>jaspar__MA0965.2
3104	2178	2211	2885
3238	2012	2323	2805
3383	1958	1799	3238
2362	1874	4148	1994
2197	1902	3272	3007
28	10294	20	36
10091	36	166	85
16	10174	23	165
162	23	10179	14
84	165	36	10093
36	20	10294	28
3003	3275	1899	2201
1996	4150	1874	2358
3238	1796	1964	3380
2808	2323	2010	3237
2882	2214	2174	3108
>jaspar__MA1207.1
145	72	96	58
155	69	98	49
11	360	0	0
371	0	0	0
0	328	0	43
0	0	371	0
0	0	0	371
0	0	324	47
54	40	76	201
106	82	57	126
183	15	40	133
204	66	14	87
259	4	0	108
107	64	4	196
130	3	104	134
80	42	36	213
91	42	140	98
>jaspar__MA1359.2
109	83	110	94
101	79	74	142
90	72	162	72
76	162	87	71
1	393	2	0
396	0	0	0
0	388	0	8
9	0	387	0
0	0	0	396
0	2	393	1
72	85	162	77
73	161	72	90
142	75	81	98
95	108	85	108
>jaspar__MA1360.2
100	96	121	122
125	79	97	138
119	118	110	92
52	111	159	117
0	438	0	1
439	0	0	0
0	436	0	3
3	0	436	0
0	0	0	439
0	0	438	1
128	114	148	49
89	131	92	127
130	102	92	115
125	110	94	110
>jaspar__MA1361.1
34	128	20	19
109	2	58	32
0	143	7	51
38	4	153	6
28	32	8	133
12	13	116	60
60	15	29	97
55	27	31	88
61	61	15	64
11	190	0	0
193	0	4	4
0	199	0	2
9	0	192	0
7	3	0	191
0	0	197	4
29	34	79	59
39	60	34	68
>jaspar__MA1816.1
1186	1538	1632	1104
1291	1413	1400	1356
964	1164	1901	1431
22	5216	61	161
5442	10	0	8
3	5439	15	3
4	17	5435	4
8	0	12	5440
163	60	5212	25
1431	1901	1164	964
1359	1392	1416	1293
1105	1631	1539	1185
>swissregulon__hs__MAX
6	1	6	4
11	1	5	0
5	7	1	4
0	17	0	0
16	1	0	0
0	17	0	0
1	0	16	0
0	0	0	17
0	0	17	0
6	3	5	3
>swissregulon__hs__MITF
20.70016474	10.55189456	27.50411862	9.398682043
15.22240527	13.03130148	10.60955519	29.29159802
0	68.15485997	0	0
67.1169687	0	1.037891269	0
4.382207578	8.995057661	8.4184514	46.35914333
0.9225700165	4.151565074	63.08072488	0
0	0	1.037891269	67.1169687
0	0	68.15485997	0
31.0214168	22.3723229	8.533772652	6.227347611
1.210873147	20.815486	20.70016474	25.42833608
>swissregulon__hs__MXI1
77.15	194.6	45.07	43.89
2.95	318.35	0.97	0
312.18	0	14.9	2.93
0	295.28	3.89	46.52
15.87	0	315.46	0
0	3.85	0	318.75
0	0	319.96	0
>swissregulon__hs__MYC
61	117	160	59
138	117	53	89
37	165	179	18
0	399	0	0
380	0	18	0
0	387	0	11
63	0	335	0
30	22	0	346
0	0	399	0
0	22	294	81
42	188	79	87
75	109	72	140
56	121	135	85
51	173	90	82
>swissregulon__hs__TFEC
45	12	29	0
25	24	34	74
1	74	0	0
74	0	0	1
1	74	8	13
39	2	74	0
8	8	4	74
0	0	74	0
74	15	15	3
0	37	22	36
>swissregulon__mm__Myc
67	96	36	28
34	53	130	10
8	219	0	0
217	4	5	1
0	212	3	12
19	2	204	2
9	44	0	174
0	2	216	9
0	17	183	27
45	107	24	51
>hocomoco__BMAL1_HUMAN.H11MO.0.A
163	59	131	57
67	120	202	21
104	11	109	186
8	400	2	0
399	5	0	6
8	390	9	3
86	14	300	10
23	14	5	368
2	1	380	27
5	120	214	71
126	152	66	66
>hocomoco__BMAL1_MOUSE.H11MO.0.A
114	78	241	67
50	7	204	239
1	495	2	2
493	2	0	5
5	480	6	9
82	19	397	2
10	11	9	470
4	1	462	33
1	90	253	156
>hocomoco__MAX_HUMAN.H11MO.0.A
149	120	192	39
208	69	154	69
45	123	311	21
9	490	0	1
469	2	27	2
1	413	47	39
44	7	446	3
53	59	3	385
1	2	493	4
69	44	315	72
>hocomoco__MAX_MOUSE.H11MO.0.A
93	129	240	38
183	179	120	18
96	150	243	11
10	486	4	0
488	4	3	5
6	414	21	59
19	0	477	4
31	110	2	357
1	2	488	9
63	107	305	25
110	256	71	63
>hocomoco__MXI1_HUMAN.H11MO.1.A
31	278	141	50
113	301	60	26
9	482	8	1
447	8	25	20
7	423	28	42
48	39	376	37
19	64	3	414
1	29	462	8
53	231	135	81
80	160	17	243
45	189	111	155
>hocomoco__MYCN_HUMAN.H11MO.0.A
146	85	227	41
132	24	314	29
80	282	78	59
12	485	0	2
426	3	41	29
3	448	2	46
40	6	448	5
44	38	1	416
1	0	486	12
32	142	267	58
109	60	203	127
97	204	163	35
>hocomoco__MYC_HUMAN.H11MO.0.A
110	105	215	70
84	375	26	15
10	485	2	3
436	3	43	18
1	344	2	153
10	11	478	1
7	19	0	474
2	4	488	6
25	287	109	79
98	99	82	221
34	191	101	174
>hocomoco__MYC_MOUSE.H11MO.0.A
123	205	101	71
85	98	247	70
60	389	43	8
5	492	0	3
352	4	66	78
4	448	6	42
50	41	401	8
6	100	1	393
2	2	480	16
21	272	139	68
45	114	200	141
47	348	62	43
>taipale__TFE3_DBD_NNCACGTGNN
6146	3182	3859	1273
2392	3848	2691	5529
0	14460	8	0
14460	1250	923	1700
0	14460	160	1504
2835	630	14460	0
2182	1267	551	14460
0	43	14460	130
8697	3186	1501	1076
1528	7477	1461	3994
>taipale__USF1_DBD_RTCACGTGAY
1659	271	1646	111
1664	1824	1207	3305
2	3305	7	3
3305	6	0	8
0	3305	34	446
520	18	3305	4
2	10	1	3305
0	7	3305	6
3305	638	1114	689
176	1745	346	1559
>nitta__Hey_TTAAGT40NCCT_KY_GNCACGTGNC_m1_c2
3353	4586	20937	3804
6866	5129	7027	1916
84	20937	35	58
20937	49	1571	0
12	20937	12	62
31	6	20937	0
16	1556	85	20937
48	48	20937	106
1841	7148	4960	6988
3589	20937	4417	3252
>nitta__Hey_TTGGTC20NTA_KG_GRCACGTGYC_m1_c3
4835	5473	12518	4164
6648	4064	5870	2180
3	12518	0	1
12518	0	542	0
0	12518	2	4
0	0	12518	0
0	564	0	12518
0	0	12518	8
2198	5917	4135	6601
4125	12518	5390	4838
>nitta__Max_TAAAAT20NCG_KD_ARAMCACGTGKTYT_m2_c4
665	303	280	145
569	17	276	77
774	16	89	24
251	526	148	33
0	821	0	0
837	2	1	1
0	835	0	2
0	0	828	0
0	2	2	834
0	0	815	0
46	178	520	243
21	118	11	751
64	318	10	526
157	239	313	656
>taipale_cyt_meth__ARNTL_RTCAYGTGMN_eDBD_meth
9401	3430	17238	1503
10372	3588	7089	26639
508	26639	310	0
26639	406	1657	1060
298	13302	1866	13337
3890	2017	26639	482
881	1834	229	26639
140	36	26639	778
14120	12519	2457	5128
4914	8629	6729	6366
>taipale_cyt_meth__CLOCK_NMCAYGTGYN_eDBD
3925	1873	6288	2835
7278	7642	2194	777
1148	14920	0	0
14920	0	802	62
0	13984	0	935
589	0	14920	0
0	1259	0	14920
20	0	14920	382
701	8428	1537	6492
3665	4844	3063	3348
>taipale_cyt_meth__CLOCK_NMCAYGYGYN_eDBD_meth_repr
3082	760	3589	1777
6073	3135	2310	772
954	9208	122	140
9208	0	977	0
0	3145	0	6063
2053	0	9208	0
0	3995	0	5213
769	223	9208	608
667	3445	1335	5764
2558	2541	1508	2601
>taipale_cyt_meth__MAX_RNCACGTGYN_FL
3685	1419	4408	1281
1490	2478	1742	2383
358	8093	7	0
8093	0	1044	70
0	8093	0	1123
860	0	8093	0
0	1329	0	8093
8	0	8093	83
1093	4582	1501	3510
2224	1564	2566	1738
>taipale_cyt_meth__MAX_RNCATGTGYN_FL_meth_repr
5672	1965	4551	2392
2620	4690	1732	1181
0	10223	0	0
10223	0	0	0
0	3849	0	10223
0	0	10223	0
0	2369	0	10223
0	0	10223	0
5109	7667	3691	2556
2413	2077	1772	3960
>taipale_cyt_meth__NPAS2_NMCACGTGYN_eDBD
5204	1077	9843	3719
10922	8920	1189	0
0	19842	0	0
19842	0	0	0
0	19842	0	0
0	0	19842	0
0	0	0	19842
0	0	19842	0
29	8840	1767	11002
5550	5382	3754	5156
>taipale_cyt_meth__NPAS2_NMCAYGYGYN_eDBD_meth
2727	382	3550	1400
5254	2805	1579	133
15	8059	0	0
8059	0	444	0
0	2694	0	5365
1830	0	8059	0
0	3553	0	4506
136	0	8059	0
232	2703	1711	5357
2600	2212	999	2247
>taipale_cyt_meth__TFE3_RNCAYGTGAYN_eDBD_meth
2769	1011	2488	789
1348	1727	1823	360
0	5258	0	0
5258	0	0	0
0	393	0	4864
0	0	5258	0
0	0	0	5258
0	0	5258	0
5258	0	0	0
0	3879	355	1379
1242	1439	1449	1128
>taipale_cyt_meth__TFEB_RNCAYGTGAYN_eDBD_meth
4184	1807	2223	828
1979	1971	1375	1082
0	6407	0	0
6407	0	0	2
0	730	0	5676
378	0	6407	0
0	0	0	6407
0	8	6407	0
6407	0	0	0
0	4646	819	1761
1575	1992	1114	1725
>taipale_cyt_meth__TFEC_RNCAYGTGAYN_eDBD_meth
3180	1692	1922	725
1216	1719	740	1427
0	5102	0	0
5102	0	0	214
0	1080	0	4021
770	0	5102	0
0	0	119	5102
0	0	5102	0
5102	37	43	0
0	3796	864	1306
1045	1891	966	1199
>taipale_cyt_meth__USF1_RNCAYGTGACN_FL_meth
16246	4427	4317	1328
3786	10261	2197	4321
0	20564	0	0
20564	0	0	0
0	6709	0	13854
2357	315	20564	0
0	0	0	20564
0	51	20564	0
20564	0	0	0
0	20564	0	7497
4711	7513	4584	3755
>dbtfbs__MAX_representative_N1
90	64	295	22
123	151	168	29
81	139	151	100
0	471	0	0
465	0	0	6
0	461	0	10
25	0	446	0
0	38	0	433
0	0	471	0
40	103	301	27
82	167	87	135
70	103	187	111
39	173	209	50
>dbtfbs__MNT_representative_N1
106	69	195	24
160	88	136	10
47	128	126	93
0	394	0	0
394	0	0	0
0	394	0	0
21	0	373	0
0	0	0	394
0	0	394	0
47	48	253	46
>dbtfbs__MXD4_HepG2_ENCSR441KFW_merged_N1
47	191	44	13
0	295	0	0
295	0	0	0
0	279	0	16
12	0	283	0
0	0	0	295
0	0	294	1
31	96	121	47
13	80	116	86
18	149	27	101
>dbtfbs__MXI1_representative_N1
91	77	72	5
47	108	73	17
0	245	0	0
245	0	0	0
0	231	0	14
0	0	245	0
0	0	0	245
0	0	245	0
13	42	168	22
>dbtfbs__mm_MYC_representative_N1
211	70	46	51
67	124	173	14
0	378	0	0
378	0	0	0
0	378	0	0
97	0	281	0
0	13	0	365
0	0	378	0
5	23	282	68
>transfac_public__M00055
7	11	6	16
10	15	6	9
9	20	6	5
0	39	1	0
32	0	4	4
0	39	0	1
2	0	38	0
0	3	0	37
0	0	40	0
6	11	8	15
11	16	5	8
11	11	11	7
>transfac_public__M00122
17	7	9	15
16	7	15	16
27	7	22	2
15	17	10	25
0	74	1	0
69	2	3	4
1	52	13	15
15	13	52	1
4	3	2	69
0	1	74	0
25	10	17	15
2	22	7	27
16	15	7	16
15	9	7	17
>homer__ACCACGTGGTCN_Max
41.04104104	16.51651652	29.72972973	12.71271271
25.6	41.4	22.4	10.6
0.1	99.7	0.1	0.1
99.7	0.1	0.1	0.1
0.1	86.9	0.1	12.9
10.9	0.1	88.9	0.1
0.1	0.1	0.1	99.7
0.1	0.1	99.7	0.1
10.4	24.1	40.9	24.6
12.4	29.1	16.8	41.7
16.4	35.5	16.7	31.4
26.42642643	26.12612613	21.02102102	26.42642643
>homer__GNCCACGTGG_c-Myc
25.1	22.5	36.9	15.5
31.1	19.7	33.6	15.6
13.8	50.4	33.6	2.2
0.1	99.7	0.1	0.1
99.2	0.1	0.6	0.1
0.1	93.2	0.1	6.6
11.2	0.1	88.6	0.1
0.1	0.1	0.1	99.7
0.1	0.1	99.7	0.1
2.302302302	32.03203203	52.65265265	13.01301301
>homer__GTCACGTGGT_Usf2
39.1	4.1	54.4	2.4
11.6	13.7	14.7	60
0.1	99.7	0.1	0.1
85.8	5.9	8.2	0.1
0.1	77.6	7.1	15.2
30	2.1	67.8	0.1
13.6	1.7	0.1	84.6
2.8	0.1	97	0.1
22.52252252	16.21621622	40.04004004	21.22122122
12.9	25.8	19.3	42
>cisbp__M00121
18.86604019	36.50186993	26.50579771	18.12629217
16.11066631	70.77328198	7.534417753	5.581633954
55.37015614	6.449746006	27.22241598	10.95768187
1.638337367	81.75131754	7.642172541	8.968172554
28.03828054	6.914154857	64.94694712	0.1006174819
5.897917347	0.6216359151	3.048346452	90.43210029
0.01648961732	0.000982879186	99.98054823	0.001979275622
19.44674257	25.47454145	33.3707437	21.70797228
17.80788807	27.37530991	23.32770031	31.48910172
>cisbp__M00122
35.19768874	20.30729985	23.35895494	21.13605647
22.79468214	29.26895123	23.48888356	24.44748308
16.6971514	73.34967913	5.447943132	4.505226334
61.90649242	4.417725895	23.94178024	9.734001447
0.7651350774	84.9699029	5.486536108	8.778425913
33.02251992	2.907198059	63.89171839	0.1785636339
10.17396328	2.05408776	2.159403091	85.61254587
0.03890938599	0.00486095785	96.88069048	3.075539174
18.70811587	24.50696673	35.47958404	21.30533335
>cisbp__M00743
32.62201696	22.45932768	22.45932768	22.45932768
25.07949463	14.9068724	45.10676057	14.9068724
0.004138728525	99.98758381	0.004138728525	0.004138728525
99.98758381	0.004138728525	0.004138728525	0.004138728525
0.004138728525	99.98758381	0.004138728525	0.004138728525
0.004138728525	0.004138728525	99.98758381	0.004138728525
0.004138728525	0.004138728525	0.004138728525	99.98758381
0.004138728525	0.004138728525	99.98758381	0.004138728525
12.23531279	22.361126	12.29888366	53.10467755
10.09726633	49.6473286	20.01932993	20.23607514
>cisbp__M01056
23.32278752	23.32278752	23.32278752	30.03163744
19.51997493	19.51997493	41.4400752	19.51997493
32.12438309	53.11803257	3.900437997	10.85714634
1.700596016	79.48600112	8.657304354	10.15609851
99.9661582	0.01128060039	0.01128060039	0.01128060039
0.01128060039	99.9661582	0.01128060039	0.01128060039
0.01128060039	0.01128060039	99.9661582	0.01128060039
0.01128060039	0.01128060039	0.01128060039	99.9661582
8.417044771	1.68849308	88.20596907	1.68849308
5.491305667	5.491305667	21.87921645	67.13817222
21.1108426	36.66747219	21.1108426	21.1108426
23.31068458	30.06794625	23.31068458	23.31068458
>cisbp__M01114
21.05199533	17.06441576	31.40588657	30.47770234
36.0630954	15.72528701	26.98470042	21.22691717
21.15364496	20.12196952	20.94316268	37.78122284
0.8318817634	99.08073667	0.02860811217	0.05877345574
95.79149348	3.714239279	0.2471336211	0.2471336211
0.9979851447	95.39089287	0.4906536056	3.120468379
2.440138342	1.236215548	93.88350777	2.440138342
2.814225891	1.72406906	0.3846918056	95.07701324
1.205286159	0.3487907926	96.22767656	2.218246491
19.80256826	32.97704256	28.38360357	18.83678561
>cisbp__M01126
30.04369747	23.31876751	23.31876751	23.31876751
23.31876751	23.31876751	23.31876751	30.04369747
37.76069039	18.0303245	26.17866061	18.0303245
22.46313858	19.46503346	53.0891979	4.982630058
0.009413853882	93.24682847	0.009413853882	6.734343818
99.97175844	0.009413853882	0.009413853882	0.009413853882
6.734343818	93.24682847	0.009413853882	0.009413853882
0.009413853882	0.009413853882	93.24682847	6.734343818
1.690646345	1.690646345	1.690646345	94.92806096
1.690646345	1.690646345	94.92806096	1.690646345
6.979089354	14.71584594	59.33509546	18.96996924
20.0267838	31.11692723	20.0267838	28.82950517
>cisbp__M01699
26.65359491	27.66590092	20.97240251	24.70810166
25.96093229	19.83116271	36.52198964	17.68591537
11.58290892	85.31607102	0.3498629931	2.751157068
85.33182074	1.218187984	7.366244283	6.083746995
1.398100394	85.55061526	0.001915841649	13.0493685
13.0493685	0.001915841649	85.55061526	1.398100394
6.083746995	7.366244283	1.218187984	85.33182074
2.751157068	0.3498629931	85.31607102	11.58290892
17.68591537	36.52198964	19.83116271	25.96093229
24.70810166	20.97240251	27.66590092	26.65359491
>cisbp__M01707
27.71643949	28.30845475	19.58171529	24.39339046
26.25861165	19.15571149	35.71617641	18.86950045
12.8687603	82.85180066	0.5516483314	3.727790707
86.18279083	0.002735427428	7.009343343	6.805130396
2.891621843	82.38449245	0.001389102505	14.72249661
14.72249661	0.001389102505	82.38449245	2.891621843
6.805130396	7.009343343	0.002735427428	86.18279083
3.727790707	0.5516483314	82.85180066	12.8687603
18.86950045	35.71617641	19.15571149	26.25861165
24.39339046	19.58171529	28.30845475	27.71643949
>cisbp__M01731
27.33130494	17.65295508	29.27541732	25.74032265
15.41850874	37.72488922	42.03467427	4.821927768
0.02264296294	99.93207111	0.02264296294	0.02264296294
99.93207111	0.02264296294	0.02264296294	0.02264296294
8.110010531	91.84470354	0.02264296294	0.02264296294
8.110010531	0.02264296294	91.84470354	0.02264296294
0.02264296294	0.02264296294	0.02264296294	99.93207111
8.110010531	0.02264296294	91.84470354	0.02264296294
7.369687879	17.21814735	18.76650632	56.64565846
29.70581753	29.89275208	20.20071519	20.20071519
>cisbp__M01735
23.99640175	20.0308944	33.65572395	22.31697991
29.32760052	32.07397821	25.27741775	13.32100352
16.21835903	77.45601163	2.81128754	3.514341804
71.31186688	5.446271838	17.32802949	5.913831795
2.793913449	67.4387305	4.768073058	24.99928299
24.99928299	4.768073058	67.4387305	2.793913449
5.913831795	17.32802949	5.446271838	71.31186688
3.514341804	2.81128754	77.45601163	16.21835903
13.32100352	25.27741775	32.07397821	29.32760052
22.31697991	33.65572395	20.0308944	23.99640175
>cisbp__M01772
21.01952274	21.01952274	36.94143177	21.01952274
25.99215927	16.58504968	32.63455409	24.78823695
67.51530804	17.96961857	7.257536695	7.257536695
16.18996696	74.35693691	0.0229932684	9.430102864
73.35117894	7.986779686	10.43586083	8.226180543
0.0229932684	90.5239106	0.0229932684	9.430102864
17.63329014	0.0229932684	82.32072332	0.0229932684
0.0229932684	10.43586083	0.0229932684	89.51815263
11.96725694	4.003470525	70.61869241	13.41058012
16.40173001	18.85081115	39.73698204	25.0104768
17.76545657	28.3269763	28.17832414	25.72924299
>cisbp__M01773
20.59072711	20.59072711	29.80721807	29.01132771
61.48333907	21.40947209	8.553594422	8.553594422
16.0144372	67.79958881	7.931472584	8.254501405
92.04766967	0.02167861507	0.02167861507	7.9089731
0.02167861507	83.91970608	7.931472584	8.127142719
23.92423117	0.02167861507	76.0324116	0.02167861507
0.02167861507	0.02167861507	0.02167861507	99.93496415
16.03693669	0.02167861507	83.91970608	0.02167861507
12.31824599	4.430951505	55.33224528	27.91855722
24.5735483	34.60298883	16.46808419	24.35537868
>cisbp__M07791
14.7059	38.4615	41.8552	4.9774
38.91403891	18.55201855	22.62442262	19.90951991
9.502290498	42.76015724	32.12666787	15.61088439
0	100	0	0
100	0	0	0
0	93.8914	0	6.1086
9.276	0	90.724	0
0	0	0	100
0	0	100	0
42.08144208	16.06331606	25.79192579	16.06331606
2.262402262	58.82355882	9.276009276	29.63802964
20.58822059	35.74663575	5.656105656	38.00903801
12.8959129	28.50682851	34.38913439	24.20812421
>cisbp__M07792
30.0970699	25.72817427	29.61167039	14.56308544
34.9515	17.4757	37.1359	10.4369
51.21354879	3.398096602	40.53395947	4.854395146
16.9903	26.699	44.4175	11.8932
0	100	0	0
100	0	0	0
0	93.932	4.8544	1.2136
17.4757	0	82.5243	0
7.2816	3.1553	0	89.5631
0	0	100	0
9.2233	20.8738	58.4951	11.4078
>cisbp__M07793
36.2416	11.4094	25.7271	26.6219
10.29081029	32.66223266	48.32214832	8.724808725
0	100	0	0
100	0	0	0
0	97.9866	0	2.0134
17.4497	0	82.5503	0
3.8031	4.4743	0	91.7226
0	0	97.5391	2.4609
11.6331	12.3043	54.1387	21.9239
4.0268	44.0716	24.6085	27.2931
17.4497	35.5705	13.4228	33.557
>cisbp__M07795
29.2035	21.8289	42.7729	6.1947
37.4631	23.3038	30.9735	8.2596
19.17401917	33.62833363	43.65784366	3.53980354
0	100	0	0
100	0	0	0
0	100	0	0
12.6844	0	87.3156	0
11.2094	0	0	88.7906
0	0	100	0
9.4395	24.4838	61.6519	4.4248
>cisbp__M07797
15.04068496	57.72354228	19.91868008	7.317092683
0	99.7967	0.2033	0
99.3902	0.2033	0.4065	0
0	92.8862	0	7.1138
0	0	100	0
0	0.6098	0	99.3902
0	0	100	0
31.5040685	24.999975	26.01627398	17.47968252
1.016298984	45.12195488	7.317092683	46.54465346
7.7236	49.7967	7.3171	35.1626
16.2602	40.0407	19.3089	24.3902
>cisbp__M07799
26.7574	21.3152	45.805	6.1224
41.9501	14.059	29.7052	14.2857
9.0703	39.4558	48.5261	2.9478
0	100	0	0
97.7324	0	2.2676	0
0	92.2902	0.6803	7.0295
18.1406	0	81.8594	0
5.6689	12.9252	0	81.4059
0	0	96.5986	3.4014
4.9887	11.5646	67.1202	16.3265
>cisbp__M07800
18.6603	21.2919	45.933	14.1148
38.9952	33.4928	14.3541	13.1579
11.0048	38.5167	44.9761	5.5024
2.8708	97.1292	0	0
99.7608	0	0.2392	0
0	100	0	0
21.5311	0	78.4689	0
3.8278	13.3971	0	82.7751
0	0	100	0
0.2392	9.5694	74.1627	16.0287
11.9617	47.1292	17.4641	23.445
>cisbp__M07801
24.6479	17.1362	47.4178	10.7981
34.03756596	24.17837582	25.11737488	16.66668333
20.1878	34.7418	39.4366	5.6338
0	100	0	0
100	0	0	0
0	94.3662	0	5.6338
15.0235	0	84.9765	0
8.685408685	19.71831972	0	71.5962716
0	0	96.7136	3.2864
0	11.5023115	80.04698005	8.450708451
15.96241596	42.95774296	19.48361948	21.5962216
>cisbp__M07802
27.01527298	26.14377386	34.42266558	12.41828758
3.267996732	57.95204205	33.55116645	5.228794771
4.793	95.207	0	0
66.66663333	0	24.4008756	8.932491068
0	98.6928	0	1.3072
20.4793	0	79.5207	0
0	0	0	100
0	0	99.7821	0.2179
0.2179	18.0828	56.427	25.2723
14.3791	38.1264	22.8758	24.6187
7.6253	43.3551	20.2614	28.7582
>cisbp__M07804
39.55556044	17.999982	22.88887711	19.55558044
6.2222	36.6667	51.3333	5.7778
0.2222	99.7778	0	0
95.7778	0	4.2222	0
0	100	0	0
23.7778	0	76.2222	0
7.3333	10.8889	0	81.7778
0	0	99.3333	0.6667
3.1111	10.2222	64.6667	22
10.88888911	46.66665333	21.77777822	20.66667933
18.2222	31.1111	21.5556	29.1111
>cisbp__M08485
29.46825538	15.75135147	15.32353321	39.45685994
15.70309282	74.85482503	6.905790531	2.536291624
71.05419215	4.327275088	10.17834162	14.44019114
0.7302102661	66.69197125	14.85026727	17.72755121
23.51610313	4.919998268	70.71169951	0.8521990891
6.782452884	4.110080797	3.979850393	85.12761593
0.09439142882	0.09439142882	94.39142882	5.419788317
26.01290156	23.40639919	34.7705983	15.81010095
>cisbp__M09482
51.8	7.2	19.4	21.6
56	14.4	29.5	0.1
7.2	36	56.7	0.1
0.1	99.7	0.1	0.1
99.7	0.1	0.1	0.1
0.1	99.7	0.1	0.1
0.1	0.1	99.7	0.1
0.1	0.1	0.1	99.7
0.1	0.1	99.7	0.1
0.1	33.8	30.1	36
21.6	15.1	49.6	13.7
30.1	14.4	20.8	34.7
>cisbp__M09835
38	16	26	20
42	10	33	15
62	3	30	5
30	32	15	23
0	100	0	0
100	0	0	0
0	100	0	0
0	0	100	0
0	0	0	100
0	0	100	0
23	15	32	30
5	30	3	62
15	33	10	42
20	26	16	38
>transfac_public__M00118
25	31	13	31
28	7	47	18
70	3	21	6
10	69	19	2
0	100	0	0
100	0	0	0
0	100	0	0
0	0	100	0
0	0	0	100
0	0	100	0
2	19	69	10
6	21	3	70
18	47	7	28
31	13	31	25
