>cisbp__M07065
61.3176	0	38.3446	0.3378
0	100	0	0
0	100	0	0
25.5068	0.6757	10.1351	63.6824
100	0	0	0
98.1419	1.8581	0	0
4.0541	64.527	0	31.4189
13.6824	19.2568	0.3378	66.723
23.47967652	13.85138615	13.00678699	49.66215034
36.82433682	12.83781284	12.83781284	37.5000375
39.8649	20.2703	12.6689	27.1959
24.83112483	36.99323699	13.68241368	24.49322449
17.56758243	43.58105642	10.3040897	28.54727145
37.5	19.2568	17.0608	26.1824
51.0135	15.8784	11.6554	21.4527
