>cisbp__M05885
31.8	13.1	35.4	19.7
56	11.4	28.6	4
1.501501502	1.301301301	93.89389389	3.303303303
1.501501502	0.8008008008	84.68468468	13.01301301
4.2	9.9	8.2	77.7
2.8	82.4	8.7	6.1
86.3	1.8	9.8	2.1
44.6	21.6	14.5	19.3
43.45654346	11.58841159	24.17582418	20.77922078
57.7	12.4	25.2	4.7
7.292707293	2.497502498	86.81318681	3.396603397
1.3	1.7	68	29
5.094905095	4.995004995	27.97202797	61.93806194
3.9	59.3	14	22.8
66	7.5	15.3	11.2
