>jaspar__MA0286.1
47	11	32	11
1	1	1	96
1	1	91	7
100	0	0	0
0	100	0	0
5	0	95	0
0	0	0	100
45	28	8	18
46	14	20	20
>jaspar__MA0382.2
87	38	54	88
75	61	54	77
62	88	40	77
93	21	93	60
244	6	12	5
3	3	0	261
3	0	209	55
264	1	2	0
0	256	0	11
2	0	263	2
9	8	2	248
186	67	5	9
186	8	24	49
47	20	40	160
62	52	42	111
62	30	90	85
82	44	62	79
>jaspar__MA0609.2
3865	4230	5132	3800
3966	5521	3956	3584
5881	2908	4474	3764
2936	2159	11144	788
559	730	506	15232
434	1038	14883	672
15694	313	619	401
517	14031	897	1582
1582	901	14026	518
400	622	314	15691
672	14883	1039	433
15228	508	730	561
789	11146	2156	2936
3757	4473	2910	5887
3582	3957	5523	3965
3801	5132	4230	3864
>jaspar__MA1126.1
266	63	419	252
556	45	369	30
47	74	62	816
42	112	655	191
748	31	135	86
80	838	41	41
131	114	722	34
40	23	32	905
53	846	44	57
907	24	36	33
30	234	60	676
299	322	160	220
322	313	161	204
190	178	261	371
161	75	238	526
203	291	207	298
>jaspar__MA1129.1
639	69	266	26
28	30	24	919
33	56	672	240
825	26	106	43
22	845	38	95
93	36	847	24
41	105	27	827
238	670	58	35
917	22	31	30
24	264	71	641
>jaspar__MA1131.1
222	94	459	224
633	30	323	15
6	8	8	978
7	14	917	62
963	6	9	23
11	906	22	61
92	45	845	17
14	70	9	908
351	625	16	8
961	10	13	15
38	218	166	578
>jaspar__MA1133.1
54	132	358	457
376	108	486	30
58	43	25	875
51	28	703	218
787	22	63	129
23	862	47	68
55	36	867	42
30	27	40	903
91	834	35	40
919	19	35	26
33	125	130	712
212	254	255	278
>jaspar__MA1136.1
561	59	368	12
30	36	16	917
13	46	700	242
869	44	60	28
30	842	27	101
52	35	893	20
56	80	28	836
173	776	36	15
923	16	30	31
11	260	65	664
>jaspar__MA1139.1
227	150	359	263
638	65	268	29
8	17	6	969
12	21	780	187
972	5	13	10
10	899	17	74
74	16	900	10
10	12	6	972
186	778	23	13
968	5	19	8
28	266	67	639
263	358	151	228
>jaspar__MA1143.1
561	75	324	40
36	50	44	870
39	101	777	82
870	45	41	44
32	835	64	68
116	59	649	176
117	262	39	582
546	330	83	41
645	66	100	188
123	401	82	394
>jaspar__MA1145.1
198	177	286	339
219	189	340	252
559	45	340	57
26	27	10	937
7	46	678	268
943	6	31	20
12	911	35	41
135	15	823	28
28	12	10	950
33	942	15	11
972	6	11	11
23	345	55	577
217	434	104	245
162	222	416	200
248	288	241	223
>jaspar__MA1475.1
229	224	570	270
504	221	790	75
0	138	48	1293
35	265	1293	258
1293	27	83	39
0	1293	6	43
81	3	1293	0
16	100	36	1293
176	1293	227	59
1293	35	153	40
116	748	282	546
234	582	265	212
>swissregulon__hs__ATF1
10.3378821	11.49727074	11.49727074	0.4186681223
0	0	0	33.7510917
0	0	33.7510917	0
33.7510917	0	0	0
0	32.72052402	1.030567686	0
1.030567686	0	32.72052402	0
0.6441048035	2.383187773	0	30.72379913
2.769650655	19.0010917	8.888646288	3.091703057
25.05567686	5.281659389	2.125545852	1.288209607
6.537663755	13.23635371	10.01582969	3.961244541
>swissregulon__hs__ATF2
26.16399083	21.70527523	33.09977064	8.824541284
0	0	0	89.79357798
0	2.105504587	85.4587156	2.229357798
89.79357798	0	0	0
0.9908256881	69.23394495	7.059633028	12.50917431
0	2.848623853	82.98165138	3.963302752
4.830275229	8.422018349	2.229357798	74.31192661
28.23853211	46.50688073	7.183486239	7.864678899
70.56536697	8.019495413	5.913990826	5.294724771
>swissregulon__hs__ATF3
453.1835394	431.4869765	881.2690184	270.0604657
14.50002589	8.95744353	12.24096389	2000.301567
2.994570564	17.96742339	2010.821966	4.216040137
1971.86628	14.84151201	9.193856996	40.09835058
13.16034959	1319.296892	137.6189051	565.9238533
54.03915895	129.4101043	1120.827256	731.7234813
109.3895635	1023.770328	26.05801754	876.7820905
679.979384	892.3979813	258.5274657	205.0951691
1139.7289	255.9650261	323.1618229	317.144251
>swissregulon__mm__Atf1
381.335	135.129	244.887	238.648
139.538	419.619	195.665	245.178
158.07	98.4928	409.974	333.462
472.756	96.5943	388.246	42.4035
8.86779	28.8108	5.33172	956.99
14.1018	14.269	863.476	108.153
962.594	4.65258	11.8155	20.9375
3.09114	949.099	3.16469	44.6456
44.6456	3.16469	949.099	3.09114
20.9375	11.8155	4.65258	962.594
108.153	863.476	14.269	14.1018
956.99	5.33172	28.8108	8.86779
49.7607	357.863	144.826	447.55
225.769	448.432	142.34	183.46
264.766	97.6267	493.031	144.576
352.319	180.279	236.767	230.635
>hocomoco__ATF1_MOUSE.H11MO.0.B
10	11	11	2
0	0	0	34
0	0	34	0
34	0	0	0
0	33	1	0
1	0	33	0
1	2	0	31
3	19	9	3
25	5	2	2
7	13	10	4
>hocomoco__ATF2_HUMAN.H11MO.0.B
158	44	232	66
212	83	192	13
10	12	6	472
8	7	470	15
452	6	7	35
17	181	124	178
1	21	467	11
63	36	13	388
79	388	18	15
438	9	32	21
31	127	92	250
>hocomoco__ATF3_HUMAN.H11MO.0.A
111	45	290	54
128	14	355	3
9	21	4	466
5	239	254	2
470	12	2	16
1	407	21	71
19	9	463	9
14	112	4	370
133	82	268	17
288	52	126	34
47	148	138	167
>hocomoco__ATF7_MOUSE.H11MO.0.D
173	47	249	31
221	41	196	42
33	0	8	459
6	15	451	28
430	21	20	29
31	167	126	176
4	22	459	15
93	39	18	350
112	361	19	8
474	5	8	13
17	154	127	202
>taipale__XBP1_DBD_GATGACGTCATC
97	84	728	93
445	127	140	2
57	38	12	694
3	80	912	48
534	0	2	4
0	418	2	0
0	2	925	1
1	0	1	685
51	411	48	2
538	0	26	36
12	170	191	539
67	372	135	114
>nitta__Atf3_TTGTGC20NTA_KG_NRTGACGTCAYN_m1_c4
284	368	507	233
671	185	721	63
0	21	10	1392
8	109	1392	553
1392	0	60	16
0	1392	0	331
303	0	1392	0
35	58	0	1392
449	1392	113	48
1392	0	11	0
99	700	146	692
241	472	419	261
>nitta__CG30420_TTCTTC20NTTC_KH_NRATGACGTCATYN_m1_c3
186	344	270	292
397	280	695	224
1092	23	404	37
6	31	3	1092
72	418	1092	86
1092	17	36	208
3	1092	3	27
28	0	1092	3
181	25	27	1092
108	1092	395	76
1092	2	27	2
36	430	45	1092
198	675	260	417
301	260	337	195
>nitta__CrebB-17A_TGACAG20NACA_KG_RTGACGTCAY_m1_c2
1729	435	1554	192
23	42	10	3283
11	29	3283	632
3283	14	6	26
11	3283	5	28
27	12	3283	3
28	25	10	3283
597	3283	22	8
3283	17	34	11
167	1546	447	1737
>taipale_cyt_meth__ATF2_NRTGAYGTCAYN_eDBD
482	684	766	496
1122	494	1305	344
98	322	62	2427
317	341	2427	1044
2427	95	169	146
30	1949	59	479
2	58	2427	1
169	153	115	2427
1362	2427	444	298
2427	62	285	99
354	1251	544	1177
484	776	729	438
>taipale_cyt_meth__ATF2_NRTGAYGTCAYN_eDBD_meth
2872	2985	5493	2646
7817	796	6180	343
18	1125	0	13996
92	158	13996	4220
13996	48	45	48
13	6798	491	7198
51	578	13996	18
170	37	0	13996
7400	13996	69	106
13996	18	1426	3
314	4956	839	9041
2552	4629	3785	3030
>taipale_cyt_meth__ATF2_NRTGAYGTMAYN_FL
1154	1601	1599	969
2463	1054	2859	648
218	871	188	5322
779	878	5322	519
5322	184	452	523
2	4256	240	1066
90	201	5322	26
403	1467	163	5322
2673	2648	627	479
5322	821	1813	1039
780	2856	1511	2466
1038	1461	1832	990
>taipale_cyt_meth__ATF2_NRTGAYGTMAYN_FL_meth
3400	4041	5937	3166
8328	2026	8217	967
120	2513	11	16545
520	463	16545	1804
16545	142	243	594
160	8667	1964	7878
597	1476	16545	177
539	1614	56	16545
7536	9009	332	232
16545	312	2806	648
943	6693	3364	9852
2872	4331	5961	3380
>taipale_cyt_meth__ATF6B_NRTGAYGTCAYN_eDBD_meth
142	156	395	97
384	129	406	10
28	119	68	790
8	42	790	49
790	25	87	0
5	662	0	128
5	1	790	14
60	8	28	790
81	790	25	21
790	25	166	0
21	369	96	421
99	456	157	78
>taipale_cyt_meth__ATF7_NRTGACGTCAYN_eDBD
4518	4621	7142	4685
12945	2455	8019	813
0	4	6	20965
412	0	20965	6335
20965	0	0	14
0	20965	11	672
662	0	20965	0
0	0	0	20965
6256	20965	0	432
20965	0	0	0
863	7989	2472	12975
4653	6870	4777	4666
>taipale_cyt_meth__ATF7_NRTGAYGTCAYN_eDBD_meth
1167	890	1790	1326
3761	201	1412	83
7	603	10	5173
201	55	5173	1670
5173	15	19	75
30	2095	188	3077
109	292	5173	82
96	42	24	5173
2596	5173	92	209
5173	20	783	0
161	1099	261	4073
1411	1590	845	1326
>taipale_cyt_meth__BATF3_NRTGAYGTCAYN_FL
1674	2562	4439	1972
5557	1867	5090	558
11	109	32	10647
94	187	10647	1420
10647	6	75	55
8	8855	7	1792
46	0	10647	0
112	99	46	10647
1599	10647	208	48
10647	31	21	11
571	5044	1952	5603
2069	4067	2758	1753
>taipale_cyt_meth__BATF3_NRTGAYGTCAYN_FL_meth
468	547	1361	576
1744	553	1209	132
6	100	0	2953
38	74	2953	328
2953	25	33	21
1	1960	23	993
14	15	2953	1
50	30	28	2953
410	2953	33	25
2953	20	139	14
138	1186	561	1767
604	1266	612	471
>taipale_cyt_meth__CREB1_NRTGACGTCAYN_FL
420	689	581	489
922	460	1257	253
49	224	54	2180
119	204	2180	741
2180	6	77	149
0	2180	15	173
139	26	2180	0
173	73	2	2180
780	2180	197	114
2180	57	238	51
277	1238	461	942
528	556	670	426
>taipale_cyt_meth__CREB1_NRTGACGTCAYN_eDBD
263	569	369	326
592	366	935	259
25	250	53	1527
127	251	1527	660
1527	24	96	104
0	1527	23	100
103	3	1527	2
125	123	38	1527
684	1527	272	110
1527	68	297	65
288	901	415	626
312	392	552	272
>taipale_cyt_meth__CREB1_NRTGAYGTCAYN_FL_meth
384	653	633	576
959	234	1287	93
0	68	30	2246
34	92	2246	253
2246	15	62	57
5	1354	33	892
11	18	2246	0
114	58	30	2246
386	2246	82	45
2246	10	101	18
107	1092	273	1154
591	610	605	440
>taipale_cyt_meth__CREB3L4_NRTGAYGTCAYN_eDBD_meth
319	343	1557	392
1175	365	1436	73
0	178	43	2611
91	224	2611	131
2611	35	80	98
0	1624	2	987
3	0	2611	8
309	184	20	2611
173	2611	156	76
2611	6	112	28
93	1267	538	1344
415	1449	369	379
>taipale_cyt_meth__CREB3_NRTGACGTCAYN_FL
444	524	905	471
978	352	1365	143
54	157	51	2343
68	124	2343	405
2343	4	41	13
3	2343	4	123
133	0	2343	0
42	59	0	2343
396	2343	126	77
2343	82	142	43
144	1378	341	966
495	855	553	440
>taipale_cyt_meth__CREB5_NRTGAYGTCAYN_FL
5175	5051	6806	4576
12905	1921	8704	1193
0	19	0	21608
315	369	21608	8113
21608	0	18	0
0	18639	0	2969
0	0	21608	0
0	76	0	21608
8645	21608	369	275
21608	0	34	0
1212	8579	1810	13030
4582	6482	5378	5166
>taipale_cyt_meth__CREB5_NRTGAYGTCAYN_eDBD
333	476	527	371
852	346	855	204
44	250	75	1707
220	273	1707	707
1707	75	131	173
9	1249	87	458
6	100	1707	18
155	168	60	1707
883	1707	261	223
1707	63	231	54
236	852	374	855
328	474	523	382
>taipale_cyt_meth__CREB5_NRTGAYGTCAYN_eDBD_meth
1470	1416	2421	1254
3684	382	2877	156
0	476	14	6561
19	37	6561	1388
6561	13	12	17
19	2746	250	3815
0	284	6561	0
33	18	25	6561
2344	6561	18	3
6561	0	390	8
111	2151	301	4409
1232	1973	1808	1547
>taipale_cyt_meth__CREM_NRTGACGTCAYN_eDBD
100	255	214	70
279	139	360	105
8	130	11	639
111	164	639	254
639	29	64	47
13	639	10	0
65	8	639	8
10	60	37	639
272	639	181	72
639	22	176	50
114	328	187	312
130	177	209	124
>taipale_cyt_meth__CREM_NRTGAYGTCAYN_eDBD_meth
842	1457	1384	1185
1916	636	2952	400
62	584	103	4868
110	282	4868	514
4868	104	143	236
84	1586	394	3282
7	542	4868	21
372	149	44	4868
929	4868	256	55
4868	40	766	72
311	2458	796	2410
1134	1203	1652	879
>taipale_cyt_meth__FOSL1_NRTGAYGTCAYN_FL_meth
59	45	109	50
174	7	89	13
0	27	30	263
11	45	263	54
263	41	47	22
0	201	13	62
6	10	263	5
76	19	3	263
53	263	71	29
263	19	26	23
12	74	4	189
48	142	35	38
>taipale_cyt_meth__JDP2_NRTGAYGTCAYN_FL
550	850	1114	580
1614	433	1481	270
31	82	54	3095
125	250	3095	1129
3095	93	239	91
20	2120	58	975
0	0	3095	18
201	166	16	3095
1214	3095	322	189
3095	83	130	37
224	1319	482	1776
609	926	918	641
>taipale_cyt_meth__JDP2_NRTGAYGTCAYN_FL_meth
804	1108	1407	804
1892	599	2230	233
18	339	50	4122
139	309	4122	1166
4122	187	408	276
49	1905	293	2217
157	500	4122	92
507	246	129	4122
1538	4122	322	182
4122	33	401	7
308	1889	876	2233
783	1136	1332	872
>taipale_cyt_meth__JDP2_NRTGAYGTCAYN_eDBD
2696	3686	4825	2251
7120	1548	6339	373
0	0	0	13459
1	82	13459	3170
13459	0	14	0
0	11200	0	2258
0	0	13459	0
0	25	0	13459
3339	13459	111	0
13459	17	0	0
376	6135	1604	7323
2453	4625	3835	2546
>taipale_cyt_meth__JUND_NRTGACGTCATN_eDBD
73	214	231	86
237	31	368	27
7	6	6	605
50	51	605	178
605	2	29	31
3	605	0	13
98	23	605	12
14	27	0	605
92	605	48	2
605	9	35	5
120	202	98	605
52	269	218	66
>taipale_cyt_meth__XBP1_NRTGACGTCAYN_FL
130	343	472	183
583	318	545	93
36	151	0	1128
69	175	1128	306
1128	7	30	109
0	1128	21	48
21	0	1128	0
86	69	17	1128
312	1128	134	116
1128	21	75	12
54	584	247	544
201	392	364	171
>taipale_cyt_meth__XBP1_NRTGAYGTCAYN_FL_meth
64	305	511	93
532	150	441	28
19	183	0	973
119	68	973	158
973	0	114	18
0	548	42	425
0	41	973	0
285	73	46	973
142	973	235	97
973	5	156	16
4	406	232	567
72	413	349	139
>dbtfbs__ATF1_representative_N1
52	50	50	288
31	21	238	150
304	2	103	31
4	404	10	22
9	0	431	0
0	0	0	440
6	428	0	6
440	0	0	0
0	203	30	207
>dbtfbs__CREB1_representative_N1
205	30	238	3
0	0	0	476
4	0	467	5
476	0	0	0
0	466	0	10
15	10	447	4
30	126	3	317
153	260	35	28
301	57	58	60
>dbtfbs__ZNF629_HEK293_ENCSR351NON_merged_N1
29	50	26	335
21	30	276	113
350	2	65	23
0	401	29	10
83	14	342	1
0	0	0	440
9	431	0	0
440	0	0	0
2	232	30	176
>transfac_public__M00017
5	14	2	4
2	6	8	9
3	10	10	2
0	0	0	25
0	0	25	0
25	0	0	0
0	25	0	0
0	0	25	0
4	2	1	18
7	11	3	4
9	1	7	8
6	7	7	5
1	11	4	9
2	13	5	5
>transfac_public__M00177
1	4	7	3
1	6	8	0
0	0	0	15
0	0	15	0
15	0	0	0
0	15	0	0
1	0	14	0
1	4	0	10
11	3	0	1
9	1	3	2
2	4	5	4
2	5	6	2
>transfac_public__M00178
2	6	7	5
1	7	11	1
0	0	0	20
0	0	20	0
20	0	0	0
0	20	0	0
1	0	19	0
1	5	0	14
10	8	0	2
14	1	4	1
2	6	6	6
3	9	6	2
>transfac_public__M00179
2	2	3	0
0	2	4	1
0	0	0	7
0	0	7	0
7	0	0	0
0	7	0	0
0	0	7	0
0	1	0	6
4	3	0	0
5	0	1	1
1	4	2	0
1	2	1	3
>homer__GATGACGTCA_Atf1
20.22022022	22.72272272	39.73973974	17.31731732
46.6	20.2	29.1	4.1
2.3	4.6	2	91.1
1.6	2.6	75.9	19.9
87	0.1	6.8	6.1
2.5	74.8	5.9	16.8
14.3	6.9	77.1	1.7
5.7	16.8	0.5	77
32.3	63.5	3.1	1.1
85.7	2.1	7.2	5
>homer__NGRTGACGTCAY_Atf7
23.77622378	30.26973027	28.47152847	17.48251748
22.57742258	16.68331668	38.86113886	21.87812188
40.7	19.5	32	7.8
1.7	1.9	0.6	95.8
0.1	3.9	80	16
82.7	1.9	8.1	7.3
3.3	66.5	13.9	16.3
18.2	12.3	66.6	2.9
7.6	6.9	3.8	81.7
13.6	81.3	4.5	0.6
91.4	1	4.4	3.2
5.3	31.7	21.9	41.1
>homer__NRRTGACGTCAT_Atf2
20.9	28.7	27.6	22.8
23.87612388	19.48051948	37.86213786	18.78121878
42.9	22.6	28.3	6.2
4.7	2.5	2	90.8
1.6	2.8	82.5	13.1
75	2.6	10.5	11.9
5.7	56.9	17.7	19.7
20.6	14.4	58	7
9.5	10.5	4.4	75.6
13.2	79.8	4.2	2.8
89	2.5	2.9	5.6
7.3	28	21.5	43.2
>yetfasco__YIL036W_585
19.7368421	19.7368421	14.4736842	46.0526316
18.42105262	7.894736808	28.94736843	44.73684214
100	0	0	0
0	94.7368421	0	5.2631579
0	0	100	0
0	0	0	100
6.578947393	90.78947361	1.315789499	1.315789499
96.0526315	1.315789499	1.315789499	1.315789499
10.52631579	31.57894737	10.52631579	47.36842105
>cisbp__M00125
22.6158759	20.26007363	35.82522066	21.29882982
46.08362245	13.74201084	36.9829733	3.191393407
0.4172884994	1.31787758	0.1613825814	98.10345134
4.427321042	3.698009383	74.27650396	17.59816561
98.77988217	0.03248080315	0.02243560583	1.165201418
4.115599061	63.73822129	12.36394286	19.78223679
16.67934782	10.74210747	49.60895174	22.96959297
20.31676653	29.41328615	13.61873587	36.65121145
36.65882641	27.70614498	22.01346319	13.62156542
35.04804178	20.22096106	21.47135546	23.2596417
>cisbp__M00601
53.56356444	7.852791467	36.99819284	1.585451254
0.1168917965	0.02608208527	0.02456318287	99.83246294
5.487318887	13.76927655	71.6963452	9.047059367
85.40582257	0.2509288815	10.04840865	4.2948399
2.441546149	61.10731042	4.867748483	31.58339494
19.56002922	10.31385522	61.15968058	8.966434977
16.8167276	23.62662093	11.50031104	48.05634043
19.21284284	41.08236497	23.00194904	16.70284315
49.1394527	11.8776945	19.00424223	19.97861057
>cisbp__M00906
24.83675161	18.39951813	35.59924664	21.16448362
43.3712902	10.58880919	35.86628458	10.17361604
0.02089400111	0.3203653582	0.004479278972	99.65426136
2.652940861	0.318436812	81.91390716	15.11471516
91.983365	4.185422882	1.667970714	2.163241402
3.311088636	73.4993842	4.698658434	18.49086873
17.5662277	4.463700713	74.88684026	3.083231324
10.78919631	14.85810179	5.045744887	69.30695702
37.84015993	37.09087456	12.34647961	12.7224859
49.15594159	13.00062881	19.39465914	18.44877046
>cisbp__M01134
22.56710248	18.84962846	37.95849034	20.62477872
35.32006248	29.79829403	27.23359019	7.6480533
6.250748745	2.566905931	0.01459175343	91.16775357
8.649318443	5.193877485	66.51852796	19.63827612
82.41680736	1.129516189	7.939016406	8.514660047
6.930159706	73.39698497	2.108301946	17.56455337
16.5057674	5.549511243	69.66582342	8.278897932
15.76336608	18.87217557	6.942685402	58.42177295
30.29128025	30.59571268	20.92322719	18.18977987
34.66066462	16.70328588	23.46724126	25.16880824
>cisbp__M01138
22.85130587	22.85130587	31.44608238	22.85130587
28.73985022	20.88845776	29.48323427	20.88845776
11.95624811	5.0392435	5.0392435	77.96526489
0.01488853263	0.01488853263	76.22319121	23.74703173
90.39762311	0.01488853263	0.01488853263	9.57259983
13.3547583	77.05775333	0.01488853263	9.57259983
22.9868393	6.93189314	63.38319863	6.698068932
9.57259983	6.772438632	6.93189314	76.7230684
48.6492074	33.68375751	8.84676306	8.820272031
60.6062832	10.88398088	4.126430776	24.38330515
26.73319513	26.6323344	19.97564503	26.65882543
>cisbp__M01147
25.6344298	20.16475669	26.15227964	28.04853387
46.64161969	14.76845178	26.37702244	12.21290609
5.627578183	4.516237279	0.04772400241	89.80846054
7.651317219	3.799531686	64.38481531	24.16433579
79.63717064	3.150247283	8.563259942	8.649322136
7.204425166	71.14324952	4.283178798	17.36914652
17.87543535	4.727646188	68.95316068	8.443757777
16.39248625	19.62536916	7.899686493	56.0824581
37.30502371	28.47789013	16.59544071	17.62164545
31.8315809	17.82245015	25.80217801	24.54379094
>cisbp__M01784
14.08828469	19.20832116	17.03625259	49.66714156
14.64191751	15.70357631	36.74082288	32.9136833
67.55076748	8.439131718	12.84403404	11.16606677
5.325962884	78.46035913	4.360529603	11.85314838
19.32618394	2.978622239	77.5917306	0.1034632148
2.626744682	11.08669029	0.166251316	86.12031372
3.718373236	85.05399328	9.145722378	2.081911101
96.23686471	0.08264611135	3.47923518	0.2012539963
7.336600427	46.19518528	19.5480508	26.92016349
25.13443551	31.95212978	22.74257773	20.17085697
>cisbp__M01786
15.80781726	9.398072179	61.5903117	13.20379886
26.74486287	48.73231744	17.92761771	6.595201986
5.345882164	0.2135950334	0.1551018279	94.28542097
12.19654225	0.06027441805	64.14540689	23.59777644
95.24391009	0.5201911581	2.576523672	1.659375085
8.54189562	85.19842539	0.6472536334	5.612425353
17.92655371	0.7162564983	79.54183112	1.815358668
13.22013704	12.57538335	7.401933138	66.80254646
35.88389467	32.4690906	18.17939079	13.46762394
41.37714801	8.026340923	35.97156438	14.62494669
>cisbp__M01788
20.88781878	21.30978071	35.84364036	21.95876015
32.21668023	29.73974414	32.21668023	5.826895406
2.982284023	2.253961777	1.755387197	93.008367
4.025180875	5.220378181	75.38210007	15.37234087
90.29192193	0.3338872223	2.394197254	6.979993592
1.85920656	75.19989356	1.822391804	21.11850807
12.88017542	9.73462717	69.80386215	7.581335263
16.61437668	18.1790237	10.59379429	54.61280533
28.85062713	34.54047174	18.39597205	18.21292907
37.70302557	18.35203275	21.75275345	22.19218822
>cisbp__M01806
35.74580555	17.05482125	36.10505687	11.09431633
1.653832763	10.94732879	6.508411912	80.89042654
0.1209050999	8.910680915	66.50323943	24.46517456
78.38650552	2.414885296	12.8282759	6.370333286
3.269641014	83.48610381	0.2477537914	12.99650138
11.2813447	4.679309003	77.72293983	6.316406471
15.21034878	24.58105531	8.68828909	51.52030681
33.81309921	26.33366814	22.89339127	16.95984138
29.01424313	19.25530971	25.47727432	26.25317284
>cisbp__M01808
29.18704262	18.42530267	27.76357375	24.62408096
53.01988737	13.33866655	27.40339955	6.238046528
3.563148741	6.237906514	0.1237668942	90.07517785
7.379640116	8.237730429	55.63012507	28.75250438
75.79329211	2.580568684	12.52854692	9.097592285
8.468243196	63.83636881	8.468243196	19.2271448
15.69064518	6.508211494	71.02732669	6.773816643
11.71421898	16.62326802	6.895047511	64.76746549
36.86272849	40.73961549	10.24921352	12.14844251
48.93398523	12.43446621	18.73647483	19.89507373
>cisbp__M01823
18.26213296	17.02749991	11.99907638	52.71129076
8.467991975	10.23991589	44.09266338	37.19942876
65.27865409	8.746600349	12.66275609	13.31198947
6.0532016	69.44862855	7.542753659	16.95541619
16.51893181	0.002779475904	83.47165435	0.006634361201
0.03130051971	14.09583582	0.598026281	85.27483738
28.4882589	57.94486957	6.107344323	7.459527201
94.42522399	0.0005859994205	5.572301928	0.001888085819
1.145855314	28.96682926	12.135698	57.75161743
24.73216266	31.12790017	18.13972942	26.00020775
>cisbp__M01834
13.89719979	11.72457851	55.24000203	19.13821967
40.76640845	45.05384905	4.992108773	9.187633731
1.820220744	0.0227989176	6.41704532	91.73993502
10.97983792	11.31422377	24.92972021	52.7762181
89.88158866	0.5479852674	8.571931813	0.9984942581
0.3372469728	66.89071973	10.946943	21.8250903
17.8121644	12.30347345	45.59880987	24.28555228
30.50773655	12.6540878	9.468592881	47.36958277
50.28269491	17.77265394	14.69725851	17.24739264
49.63846538	12.99761716	16.35880108	21.00511638
>cisbp__M01844
42.79705547	12.26156169	41.53221133	3.409171511
0.02312704726	0.09664097369	0.07231291975	99.80791906
5.646683523	0.04080577704	85.71847546	8.594035239
93.7350659	2.076061015	0.1721261495	4.016746938
0.262222856	89.24982479	0.091761676	10.39619068
13.59308223	2.483232165	80.60502588	3.318659724
12.21891445	18.41167761	6.378832688	62.99057525
28.1576222	36.15510258	25.22455914	10.46271609
37.01947035	12.32271121	22.67910463	27.97871381
>cisbp__M05837
20.9	16.9	39.8	22.4
47.15284715	15.28471528	19.88011988	17.68231768
10.18981019	5.694305694	4.695304695	79.42057942
4.7	10.4	45.1	39.8
81.68168168	3.503503504	8.508508509	6.306306306
9.6	77.9	4.4	8.1
13	13.8	68	5.2
5.005005005	7.907907908	2.602602603	84.48448448
9.5	79.1	5.3	6.1
86	4.4	4.4	5.2
10.28971029	18.18181818	13.48651349	58.04195804
>cisbp__M05839
52.8	10.2	27.4	9.6
4.3	2.5	3.6	89.6
3.103103103	6.906906907	60.86086086	29.12912913
85	2	6.6	6.4
3	82.5	6.1	8.4
8.291708292	5.794205794	82.71728272	3.196803197
6.2	6.3	2.3	85.2
29	60.5	7.2	3.3
89.31068931	3.296703297	2.897102897	4.495504496
9.490509491	27.07292707	10.48951049	52.94705295
>cisbp__M07818
11.7647	26.9777	28.1947	33.0629
16.8357	5.8824	58.4178	18.8641
66.7343	5.6795	27.5862	0
0	0	0	100
0.2028	0.8114	98.9858	0
98.58019858	0	0.2028002028	1.217001217
0	90.0609	7.7079	2.2312
5.070994929	0.8113991886	48.27585172	45.84175416
0.6085006085	45.63894564	0	53.75255375
48.6815	49.8986	0.4057	1.0142
54.5639	15.213	1.0142	29.2089
5.6795	42.7992	15.0101	36.5112
13.1846	49.0872	13.5903	24.1379
15.61868438	33.06286694	13.18458682	38.13386187
14.6044854	33.06286694	14.6044854	37.72816227
