>jaspar__MA0143.4
29105	11041	21434	24174
30279	15154	17157	23164
83515	436	418	1385
1307	78356	1243	4848
81587	1205	550	2412
80825	1742	2002	1185
4815	732	930	79277
9926	800	73372	1656
14772	6264	54414	10304
28860	17158	17765	21971
28960	17475	15998	23321
>jaspar__MA0514.2
3745	1834	3478	2921
4092	2777	2950	2159
11761	52	76	89
150	11125	178	525
11284	312	93	289
11623	143	143	69
573	150	104	11151
1617	133	10041	187
1759	1582	7664	973
3443	3407	2915	2213
3455	2887	2910	2726
>jaspar__MA1120.1
1539	663	1395	955
1795	958	1049	750
4451	22	40	39
55	4276	60	161
4329	55	50	118
4390	48	63	51
156	77	28	4291
585	57	3837	73
778	647	2666	461
1228	1257	1074	993
1228	1126	1046	1152
>swissregulon__hs__SOX15
6.314285714	0.2571428571	0.2571428571	1.171428571
6.971428571	1.028571429	0	0
0	8	0	0
8	0	0	0
8	0	0	0
2.857142857	0	1.028571429	4.114285714
0	0	8	0
>hocomoco__SOX15_HUMAN.H11MO.0.D
0	8	0	0
4	1	0	3
0	0	0	8
0	0	0	8
0	0	8	0
0	0	1	7
1	1	0	6
>dbtfbs__SOX13_representative_N1
289	41	139	12
463	0	0	18
0	476	0	5
481	0	0	0
481	0	0	0
214	0	1	266
145	0	335	1
112	81	288	0
>dbtfbs__SOX5_HepG2_ENCSR961WLZ_merged_N1
0	233	58	95
0	269	0	117
222	0	0	164
0	0	0	386
0	0	1	385
0	0	386	0
0	0	0	386
14	100	38	234
>dbtfbs__SOX6_K562_ENCSR788RSW_merged_N2
190	28	73	21
312	0	0	0
0	312	0	0
312	0	0	0
312	0	0	0
128	0	0	184
113	0	172	27
88	60	155	9
>idmmpmm__D
18.76470588	9.911764706	40.14705882	31.17647059
2.470588235	21.26470588	28.73529412	47.52941176
0	76.67647059	4.970588235	18.35294118
8.882352941	58.47058824	0.5	32.14705882
67.23529412	0	0	32.76470588
0	5.882352941	0	94.11764706
0	0	4.411764706	95.58823529
0	0	100	0
0	0	0	100
1.970588235	27.76470588	8.411764706	61.85294118
>homer__CCCATTGTTC_Sox2
6	37.8	28.7	27.5
0.5	83.8	7.3	8.4
0.4	76.6	0.1	22.9
69.2	0.1	0.1	30.6
0.1	0.1	0.1	99.7
0.1	0.1	0.1	99.7
0.1	0.1	99.7	0.1
0.1	0.1	0.1	99.7
0.1	22.3	5.1	72.5
12.1	59.2	8	20.7
>homer__RAACAATGGN_Sox15
47.25274725	1.798201798	43.85614386	7.092907093
54	9.4	31.5	5.1
99.7	0.1	0.1	0.1
0.1	88.8	11	0.1
99.7	0.1	0.1	0.1
97.8	0.1	0.1	2
26.7	0.1	1.5	71.7
26.6	2.1	68.6	2.7
22.4	10.8	66.7	0.1
20.87912088	31.16883117	17.38261738	30.56943057
>scertf__fordyce.ROX1
95	1	1	3
1	88	6	5
95	2	1	2
96	1	1	2
11	1	1	87
55	10	22	12
26	28	39	7
25	33	28	13
>cisbp__M05892
42.35764236	10.78921079	18.58141858	28.27172827
60.33966034	9.290709291	19.58041958	10.78921079
99.8	0	0.1	0.1
0.0999000999	98.4015984	0.0999000999	1.398601399
99.8	0	0.1	0.1
99.7002997	0.0999000999	0.0999000999	0.0999000999
6.5	0.1	0.1	93.3
50	2.9	36	11.1
20.37962038	20.07992008	55.84415584	3.696303696
35.23523524	21.32132132	25.32532533	18.11811812
>cisbp__M05894
39.6	7.6	20	32.8
61.9	14.7	16.7	6.7
97	1.1	0.8	1.1
0.7	90.2	2	7.1
97.7977978	0.6006006006	0.8008008008	0.8008008008
97.2	0.7	0.7	1.4
7.6	1.4	0.9	90.1
44.1	3.3	37.7	14.9
25.6	18.8	44.3	11.3
30.3	17.9	28.5	23.3
>cisbp__M05896
45.74574575	6.306306306	27.72772773	20.22022022
59.5	9.5	19.5	11.5
99.6003996	0.0999000999	0.0999000999	0.1998001998
0.0999000999	99.3006993	0.2997002997	0.2997002997
99.7	0.1	0.1	0.1
99.7	0.1	0.1	0.1
3.703703704	0.1001001001	0.1001001001	96.0960961
35.56443556	7.892107892	45.45454545	11.08891109
21.02102102	18.21821822	53.85385385	6.906906907
35.66433566	20.47952048	26.07392607	17.78221778
>cisbp__M05897
52.84715285	14.38561439	18.58141858	14.18581419
99.3	0.1	0.1	0.5
0.1	91.5	0.3	8.1
99.6	0.1	0.1	0.2
99.6996997	0.1001001001	0.1001001001	0.1001001001
33.2	0.3	0.1	66.4
48	0.7	45	6.3
24.5	12.6	61.6	1.3
37.1	22.7	26.3	13.9
30.46953047	21.87812188	23.17682318	24.47552448
>cisbp__M05898
50.5	15.8	19.2	14.5
98.6013986	0.2997002997	0.3996003996	0.6993006993
0.5	91.9	0.9	6.7
98.7987988	0.5005005005	0.3003003003	0.4004004004
94.7	1	3.6	0.7
14.88511489	0.8991008991	0.5994005994	83.61638362
38.3	14.4	30.5	16.8
29.4	14.6	46.1	9.9
>cisbp__M08040
60.274	0	31.5068	8.2192
47.032	21.4612	31.5068	0
100	0	0	0
3.1963	88.1279	8.6758	0
100	0	0	0
98.1735	1.8265	0	0
26.484	0	0	73.516
28.7671	0	71.2329	0
21.0046	15.9817	63.0137	0
43.83555616	22.83107717	21.004579	12.32878767
33.78996621	26.02737397	25.57077443	14.61188539
