>jaspar__MA0017.2
4802	11446	3276	3980
7266	1692	1153	1948
6333	387	4869	469
8496	0	3791	0
0	30	12059	0
0	0	12059	0
0	0	0	12059
0	12059	0	0
12059	0	91	0
5116	3055	1618	2270
3229	2966	4395	1469
3276	2470	3886	2427
5681	2912	36863	3466
>jaspar__MA0112.3
232	65	101	88
402	6	206	0
0	0	623	34
2	0	638	0
0	0	3	549
1	452	0	2
471	0	30	0
108	338	53	23
127	223	340	65
235	88	284	13
0	23	1	510
2	0	632	0
491	1	1	0
0	460	2	0
15	455	0	0
0	143	7	502
35	68	209	204
>jaspar__MA0730.1
1089	24	313	0
0	0	1488	2
0	2	1451	71
6	11	17	1143
10	1980	9	21
1391	16	11	2
301	397	84	581
213	432	584	223
147	677	157	502
972	118	198	228
1015	17	348	7
1126	16	269	1
2	0	1455	4
1	7	1440	35
8	11	13	1131
4	1923	26	22
1486	3	25	10
>jaspar__MA0858.1
610	3	39	0
0	1	713	0
2	1	663	22
0	2	0	694
1	686	2	1
728	0	4	0
293	210	15	204
249	252	140	64
38	239	116	281
438	34	41	158
398	4	218	4
639	0	37	1
1	1	682	0
0	2	663	26
0	3	4	674
0	765	0	4
693	0	2	1
>jaspar__MA0860.1
4074	10	806	31
4543	7	267	0
0	4	5888	2
0	0	5573	200
0	11	12	4309
2	6256	0	0
4044	3	12	0
1394	2677	386	780
314	1778	2442	595
3248	482	558	479
2745	58	2133	57
3603	32	838	2
0	0	5891	1
0	8	5040	319
14	2	0	4540
7	5340	2	22
4764	5	6	0
>jaspar__MA1110.2
1210	1262	1239	1025
1154	1227	1700	655
4597	83	49	7
13	150	4542	31
31	4	4671	30
1	0	0	4735
163	4351	10	212
4589	29	118	0
878	1352	1427	1079
984	1104	1214	1434
>jaspar__MA1535.1
2552	2848	1997	2225
4035	1225	5587	1316
4866	227	4756	55
0	0	9622	297
0	0	9622	0
0	0	271	9622
0	9622	321	0
9622	0	1716	0
2298	2786	2039	2499
>jaspar__MA1575.1
1010	624	1640	837
26	618	15	4111
252	642	4111	230
4111	351	432	1787
29	4111	2	0
1	4111	2	8
0	1178	77	4111
286	1512	872	1441
2454	241	1353	63
1060	1033	939	1079
63	1266	312	2470
1469	904	1488	251
4111	106	1233	2
0	3	4111	0
0	0	4111	30
1688	470	303	4111
199	4111	686	291
4111	5	629	5
835	1649	610	1017
>jaspar__MA1996.1
1886	2733	2014	2338
2601	2091	1858	2421
4028	1340	2796	807
8549	191	132	99
88	171	8521	191
91	36	8740	104
61	35	41	8834
147	8483	72	269
8642	51	241	37
1648	2757	2224	2342
2480	2069	2255	2167
>swissregulon__hs__PPARA
55.36011657	10.95961699	30.51831807	17.14196503
91.49875104	1.011656953	20.45795171	1.011656953
0	0	113.9800167	0
0	1.686094921	104.8751041	7.418817652
2.92256453	3.709408826	3.821815154	103.5262281
1.124063281	111.8442964	0	1.011656953
100.0697336	0.2529142381	6.547668609	7.10970025
>swissregulon__hs__RXRB
3.714285714	2.476190476	3.59047619	16.21904762
2.847619048	9.780952381	13.37142857	0
22.03809524	1.733333333	2.228571429	0
1.114285714	0	22.65714286	2.228571429
0	1.547619048	21.97619048	2.476190476
1.114285714	0	1.114285714	23.77142857
0.4333333333	22.71904762	1.733333333	1.114285714
24.88571429	1.114285714	0	0
2.476190476	12.87619048	7.923809524	2.723809524
10.33809524	3.219047619	8.233333333	4.20952381
>swissregulon__hs__THRA
6.642857143	26.23928571	14.39285714	26.23928571
6.421428571	10.73928571	5.757142857	50.59642857
9.632142857	36.97857143	20.70357143	6.2
57.90357143	3.432142857	12.17857143	0
0	0.5535714286	67.20357143	5.757142857
0	0	68.53214286	4.982142857
4.982142857	0	0.6642857143	67.86785714
0	68.31071429	5.203571429	0
68.86428571	3.875	0.775	0
10.73928571	21.58928571	30.55714286	10.62857143
>swissregulon__hs__THRB
2851	1430	7901	5028
67	496	74	16605
789	350	18826	79
11092	164	343	3105
27	16303	35	6
20	16272	43	9
11	2316	66	15096
373	4706	3316	8722
10870	46	3121	129
3755	3028	4289	5195
65	2761	295	13531
9166	1570	3897	198
13115	25	921	9
11	6	19527	102
8	3	19500	259
1988	265	303	15278
137	15699	717	385
13448	30	617	22
3456	6692	1831	3985
>swissregulon__mm__Thrb
2864	2112	6564	3974
56	758	36	14698
323	232	18361	84
11124	136	227	2729
34	14883	69	12
11	14905	62	9
13	3718	78	13332
311	4050	5335	6260
11474	241	1713	17
27	1699	312	14244
6477	2720	4749	383
11157	24	2276	7
11	5	17427	5
6	5	17594	24
3521	546	444	12956
396	13653	1342	381
12245	8	474	27
2742	5696	1726	4460
>flyfactorsurvey__usp_SANGER_5_FBgn0003964
11	6	0	4
9	0	12	0
15	0	6	0
0	0	21	0
0	0	21	0
0	0	0	21
0	21	0	0
21	0	0	0
9	7	1	4
>hocomoco__COT1_HUMAN.H11MO.1.C
40	93	183	162
60	240	136	42
283	52	80	63
176	16	283	3
344	0	133	1
4	1	455	18
3	0	462	13
4	33	104	337
16	437	13	12
474	1	3	0
107	74	251	46
150	70	218	40
70	46	304	58
>hocomoco__COT2_HUMAN.H11MO.0.A
94	235	93	78
333	75	43	49
266	37	172	25
366	1	130	3
4	0	490	6
18	4	451	27
4	25	41	430
1	463	11	25
494	0	4	2
187	60	189	64
204	58	192	46
106	30	282	82
116	64	190	130
>hocomoco__COT2_MOUSE.H11MO.0.A
86	174	126	114
136	212	72	80
274	95	55	76
240	41	188	31
382	2	111	5
17	0	478	5
8	3	477	12
9	31	44	416
2	454	20	24
486	1	5	8
164	78	188	70
207	73	176	44
142	54	203	101
>hocomoco__ESR1_HUMAN.H11MO.1.A
61	273	60	106
175	163	59	103
316	8	174	2
3	0	483	14
3	0	496	1
19	2	51	428
2	487	10	1
497	1	2	0
34	222	185	59
159	168	123	50
>hocomoco__ESR2_HUMAN.H11MO.1.A
347	17	131	5
8	1	473	18
1	5	491	3
9	8	52	431
1	496	1	2
475	3	20	2
35	230	200	35
>hocomoco__ESR2_MOUSE.H11MO.1.A
317	8	171	4
9	0	484	7
0	6	490	4
25	7	104	364
5	492	3	0
494	2	0	4
23	128	299	50
125	125	217	33
>hocomoco__NR2C1_HUMAN.H11MO.0.C
4	2	11	1
1	6	8	3
2	10	1	5
5	8	4	1
12	0	6	0
4	3	10	1
17	0	1	0
0	0	18	0
0	0	14	4
0	0	0	18
0	18	0	0
17	0	0	1
2	5	6	5
>hocomoco__RARA_HUMAN.H11MO.1.A
173	150	168	9
415	5	77	3
7	0	490	3
5	4	486	5
17	30	94	359
1	473	20	6
486	3	9	2
72	125	275	28
169	85	217	29
75	81	274	70
>hocomoco__RARA_MOUSE.H11MO.3.A
51	218	150	80
154	187	74	84
188	116	189	6
371	1	122	5
14	0	478	7
4	4	479	12
4	28	65	402
1	472	18	8
492	0	4	3
61	137	277	24
126	87	234	52
108	94	222	75
>hocomoco__RARG_HUMAN.H11MO.1.B
111	131	137	14
292	4	95	2
2	0	390	1
2	1	376	14
31	4	72	286
2	381	10	0
383	3	6	1
40	109	204	40
>hocomoco__RXRA_HUMAN.H11MO.1.A
102	216	124	58
256	65	57	122
185	64	241	10
395	2	95	8
10	2	486	2
6	7	399	88
5	35	50	410
1	479	13	7
473	6	2	19
88	112	208	92
>hocomoco__RXRB_HUMAN.H11MO.0.C
4	2	4	16
3	10	13	0
22	2	2	0
1	0	23	2
0	2	22	2
1	0	1	24
0	23	2	1
25	1	0	0
2	13	8	3
10	4	8	4
>hocomoco__THA_HUMAN.H11MO.1.D
8	26	14	26
6	11	6	51
10	37	21	6
58	3	12	1
0	1	67	6
0	0	69	5
5	0	1	68
1	68	5	0
69	4	1	0
11	22	30	11
>taipale__RARA_DBD_ARRGGTCANNNRRGGTCA_repr
469	69	142	90
460	15	173	23
543	5	107	1
0	2	635	0
0	3	628	44
4	5	18	496
8	962	4	16
656	1	17	2
138	62	24	334
64	102	153	280
153	78	27	310
301	92	302	17
384	14	270	1
1	1	612	0
0	2	557	91
9	2	9	497
7	934	14	8
719	5	24	2
>taipale__RARA_full_ARRGGTCANNNRRGGTCA
2187	495	321	691
1769	471	1038	38
1703	23	1073	1
0	1	2128	3
1	0	2092	31
0	25	13	2448
7	3823	6	12
3120	5	18	0
876	632	115	1154
233	749	1429	172
402	693	327	1197
691	52	1408	64
2036	49	709	0
1	1	2084	2
1	2	2084	55
13	10	47	2412
2	3826	2	16
2990	7	72	0
>taipale__RARA_full_RGGTCANNNARRGGTCA
4701	39	800	5
1	4	4339	4
0	2	4008	461
18	20	55	4881
8	7169	71	23
5979	7	52	0
3316	605	480	1102
806	1707	1685	662
658	1247	1086	1736
4267	343	379	924
2890	110	2448	52
4784	27	834	0
2	1	4252	0
2	7	4259	69
21	62	29	4849
63	7209	18	31
5808	8	29	2
>taipale__RARG_DBD_RRGGTCANNNARAGGTCA
1713	183	1110	184
2426	79	537	3
2	0	2594	4
1	0	2550	134
4	11	31	2865
2	3933	16	12
3292	5	19	1
1077	855	226	799
642	1375	693	289
591	1031	250	1168
2603	378	290	898
1699	449	1241	119
2919	111	624	3
1	0	2587	3
1	0	2461	273
12	12	17	2774
3	3928	15	20
3411	2	20	0
>taipale__RARG_DBD_RRGGTCANNNRRGGTCA
3505	464	2914	589
5660	86	1988	3
4	4	6254	4
0	5	6039	353
32	51	34	7345
33	10998	10	27
8789	12	75	3
2523	3276	918	1698
1532	2980	1793	1646
3959	1380	1287	1405
3041	374	3504	237
6064	126	1779	6
5	1	6251	10
0	4	5445	984
35	42	67	7167
49	10855	71	136
9348	98	98	14
>taipale__RARG_full_RRGGTCANNNARAGGTCA
117	4	100	6
245	4	16	2
0	0	185	4
0	1	182	7
1	0	1	205
1	348	0	0
265	0	6	1
193	7	38	8
9	58	106	39
6	108	34	101
229	20	18	54
134	6	87	4
203	9	66	1
1	2	172	1
0	2	138	49
1	5	3	204
6	369	2	19
273	1	8	5
>taipale__RORA_DBD_NRAAGGTCAANNNNRGGTCA
1160	2362	1433	972
4246	1157	777	498
4078	222	2211	507
5388	2	180	0
0	2	7033	6
6	0	6983	12
16	11	45	5847
1	5908	16	3
5209	9	21	6
4707	579	197	426
2652	1514	870	440
613	1005	455	3821
835	1699	402	2963
1229	1434	2991	619
4296	11	1068	4
0	2	6965	9
0	4	6758	0
13	7	43	6027
46	6078	10	0
5157	5	27	0
>taipale__Rara_DBD_ARRGGTCANNNRRGGTCA
145	28	9	17
134	3	40	3
161	2	23	0
1	0	236	0
0	0	230	9
0	0	3	203
0	193	0	3
195	1	3	1
68	52	12	60
23	58	82	43
83	38	74	17
71	3	129	5
141	1	38	0
1	0	219	0
1	0	202	12
1	0	4	189
0	207	4	1
177	1	0	0
>taipale__Rarb_DBD_ARRGGTCANNNRRGGTCA
306	48	81	53
278	1	178	7
395	1	43	0
0	0	501	0
0	0	474	29
0	1	2	497
3	437	0	3
489	0	0	0
141	145	70	81
57	203	118	88
299	64	23	72
208	3	216	6
352	0	108	0
0	0	503	1
1	0	426	78
0	2	4	471
2	488	6	0
472	1	5	0
>taipale__Rarg_DBD_RRGGTCANNNARAGGTCA
2008	23	1088	99
2923	6	82	0
0	0	3818	0
1	0	3609	250
3	3	2	2698
0	3911	4	0
2465	2	4	1
1052	334	172	1109
537	1606	1008	214
713	933	195	1118
2479	129	140	221
2172	18	656	77
2500	14	320	0
0	0	3556	0
0	0	3329	226
2	0	0	3173
0	3286	1	13
3197	0	0	1
>taipale__THRA_FL_NTGACCTNATNAGGTCAN_repr
5202	1118	8177	3480
60	760	51	16918
452	544	22136	171
13347	225	259	3005
39	13166	9	15
27	13134	0	0
6	1989	148	16460
226	5334	2914	7987
13247	219	3454	32
95	2345	321	15939
8052	1021	8054	234
14208	31	1420	0
11	26	22560	10
0	0	22155	147
4315	176	252	15114
77	13245	851	376
13960	207	916	26
3432	5742	1817	4582
>taipale_cyt_meth__ESR1_NAGGTCANNNYGACCTN_eDBD_meth
986	426	1294	488
3194	82	572	0
0	3	3194	37
1	2	3194	0
27	15	4	3194
0	3194	255	15
3194	2	536	2
230	1674	257	1033
74	1964	1037	119
598	247	2141	209
0	1756	1	1439
6	213	3194	0
3194	14	18	25
1	3194	3	1
121	3194	1	0
9	641	77	3194
607	906	361	1321
>taipale_cyt_meth__ESR1_NAGGTCANNNYGACCTN_eDBD_repr
571	246	519	213
1549	36	431	1
4	0	1549	31
6	1	1549	0
0	1	1	1549
0	1549	6	2
1549	2	2	0
161	993	83	312
69	698	711	70
325	96	964	165
0	51	1	1498
3	0	1549	2
1549	19	0	0
2	1549	0	2
17	1549	3	3
2	375	51	1549
220	529	216	583
>taipale_cyt_meth__NR2C1_NRAGGTCAN_eDBD_meth_repr
3668	1168	1755	1326
4758	354	3159	627
7916	0	4267	0
0	0	7916	0
0	0	7916	0
0	0	0	7916
0	7916	0	22
7916	0	1475	0
2500	2162	1185	2070
>taipale_cyt_meth__RARA_NRRGGTCANN_eDBD
3602	2135	1809	2274
5194	665	4626	755
7313	306	2507	0
0	0	9820	0
0	0	9820	25
0	0	69	9820
0	9820	0	0
9820	0	0	0
2524	3575	1773	1948
1666	2143	4938	1073
>taipale_cyt_meth__RARA_NRRGGTCANN_eDBD_meth
3031	2129	2334	2285
5666	366	4113	975
8205	288	1574	0
0	0	9779	0
0	0	9779	231
0	0	0	9779
0	9779	0	0
9779	0	117	0
2403	3532	1632	2212
1267	1851	5361	1299
>taipale_cyt_meth__RARB_NAAAGGTCAN_FL
1516	715	808	563
3602	943	790	1242
3602	261	941	291
3602	169	618	8
12	28	3602	0
0	0	3602	497
6	0	214	3602
8	3602	106	53
3602	1	158	0
1223	1018	511	850
>taipale_cyt_meth__RARB_NAAAGGTCRN_FL_meth
7370	4263	4067	3141
18841	5236	4169	6838
18841	1274	5606	1755
18841	394	3159	15
0	0	18841	54
0	0	18841	4309
308	216	1062	18841
0	18841	569	578
15431	0	3410	0
5183	6617	2313	4729
>taipale_cyt_meth__RARG_NRGGTCAYN_FL
2035	760	2305	799
4147	903	1751	130
0	29	5899	263
0	0	5899	0
282	0	40	5899
0	5899	0	0
5899	0	694	0
2524	3565	1874	2333
893	838	3641	527
>taipale_cyt_meth__RARG_NRGGTCAYN_FL_meth_repr
1968	771	1581	849
3767	961	1402	202
0	95	5169	520
0	0	5169	328
305	0	400	5169
0	5169	52	0
5169	0	1774	0
2140	3081	1516	2088
1022	863	2768	516
>dbtfbs__NR2F1_representative_N1
41	272	110	74
279	92	70	56
186	19	276	16
376	0	121	0
0	0	497	0
4	0	487	6
0	20	39	438
0	469	16	12
453	0	40	4
157	118	181	41
171	72	222	32
94	44	300	59
>dbtfbs__RXRA_representative_N1
222	42	213	23
358	0	142	0
0	0	496	4
0	0	405	95
13	56	8	423
0	469	0	31
475	0	25	0
>elemento__AGGTCAC
100	0	0	0
0	0	100	0
0	0	100	0
0	0	0	100
0	100	0	0
100	0	0	0
0	100	0	0
>bergman__usp
3	3	94	0
5	0	95	0
0	0	100	0
0	0	100	0
0	0	0	100
0	94	3	3
95	0	5	0
11	68	5	16
13	24	55	8
>homer__RGGTCADNNAGAGGTCAV_RAR_RXR
50.9	0.1	48.9	0.1
1.9	0.1	96.1	1.9
0.1	0.1	80.3	19.5
0.1	5.8	11.7	82.4
0.1	82.3	13.7	3.9
92.1	0.1	3.9	3.9
21.6	15.7	35.3	27.4
23.52352352	25.52552553	31.33133133	19.61961962
19.6	31.4	27.4	21.6
41.2	19.6	15.7	23.5
23.6	25.5	43.1	7.8
74.4	0.1	25.4	0.1
3.8	0.1	96	0.1
0.1	0.1	76.4	23.4
7.9	11.7	17.7	62.7
0.1	88.2	11.6	0.1
99.7	0.1	0.1	0.1
21.6	35.2	29.5	13.7
>predrem__nrMotif1651
42.91	22.09	28.62	6.38
0.96	0.96	97.12	0.96
0.96	0.96	97.12	0.96
0.96	0.96	0.96	97.12
0.96	0.96	97.12	0.96
97.12	0.96	0.96	0.96
0.96	97.12	0.96	0.96
0.96	97.12	0.96	0.96
34.18	33.48	0.96	31.38
>predrem__nrMotif409
58.21	0.96	0.96	39.87
0.96	0.96	97.12	0.96
0.96	0.96	97.12	0.96
0.96	0.96	0.96	97.12
0.96	97.12	0.96	0.96
97.12	0.96	0.96	0.96
0.96	97.12	0.96	0.96
0.96	0.96	0.96	97.12
21.83781622	3.809619038	44.29557044	30.0569943
>cisbp__M00811
45.82595407	14.08134137	18.44605661	21.64664795
44.29767806	2.536873106	43.8569088	9.308540033
65.0550739	0.514393986	33.62380176	0.8067303564
0.6841702498	0.7264769753	97.55843287	1.0309199
0.4522341612	0.01684746334	98.14488661	1.38603177
0.04763045194	0.7677562522	2.086977869	97.09763543
0.1535578901	93.34687095	1.852104112	4.647467048
88.33665303	1.052486141	8.594780655	2.016080175
32.30828764	29.52755162	14.22959258	23.93456816
21.90796744	27.57336804	32.03568318	18.48298134
>cisbp__M00812
37.98152626	19.43547279	18.12151471	24.46148624
40.73723765	8.560363074	41.1466537	9.555745575
55.4846968	1.985969583	40.29015916	2.239174453
4.03317833	4.28257615	86.01784134	5.666404177
3.930355262	4.387369388	85.5182513	6.16402405
3.812548708	3.449736729	1.970520888	90.76719368
3.834534801	82.60317543	2.494399762	11.06789
82.89345046	0.8672361654	10.88685452	5.352458854
27.29654109	30.77676414	15.43688838	26.48980639
23.8917119	25.88158253	30.07010883	20.15659674
>cisbp__M00820
17.02963429	14.36730329	28.35930004	40.24376238
52.20542079	1.742265603	45.3852125	0.6671011048
0.1379870459	0.05723466868	96.4866378	3.318140484
0.3696518986	0.005945066696	97.98422225	1.640180782
2.551708879	4.512102734	4.986644721	87.94954367
0.4749098279	95.14191987	0.01051838786	4.372651916
89.61555731	0.8399011576	9.351426851	0.1931146812
31.42542037	33.36865984	18.13089032	17.07502947
21.14390121	35.21075252	24.32127557	19.3240707
>cisbp__M01297
19.09332432	27.36702336	21.10138676	32.43826556
25.62980491	21.62296466	24.13724127	28.60998917
49.42850483	8.503920385	35.89246119	6.175113599
5.191871778	2.379985233	78.03007136	14.39807163
4.586435567	0.017476523	91.20440142	4.191686494
7.148254155	0.04864861953	1.254664433	91.54843279
4.695311259	85.33326934	2.152358906	7.819060497
85.99512474	0.0248298333	13.93342467	0.04662075769
28.45545078	27.89199511	11.56912294	32.08343117
>cisbp__M02392
46.60904255	0.0664893617	53.25797872	0.0664893617
92.49260355	0.03698224852	7.433431953	0.03698224852
0.03698224852	0.03698224852	99.88905325	0.03698224852
0.03698224852	0.03698224852	99.88905325	0.03698224852
0.03698224852	0.03698224852	0.03698224852	99.88905325
0.03698224852	99.88905325	0.03698224852	0.03698224852
99.88905325	0.03698224852	0.03698224852	0.03698224852
39.97005988	25	10.02994012	25
>cisbp__M02394
34.69556972	22.16711141	13.07055374	30.06676513
15.358192	5.188474784	74.26485843	5.188474784
90.6496985	9.323619308	0.01334109633	0.01334109633
0.01334109633	8.509331391	91.46398642	0.01334109633
0.01334109633	0.01334109633	99.95997671	0.01334109633
0.01334109633	0.01334109633	0.01334109633	99.95997671
0.01334109633	99.95997671	0.01334109633	0.01334109633
99.95997671	0.01334109633	0.01334109633	0.01334109633
43.33485328	11.94278736	32.77957201	11.94278736
19.82486631	19.82486631	19.82486631	40.52540106
>cisbp__M02399
38.4477459	7.710040984	46.13217213	7.710040984
58.70875635	0.01586294416	41.25951777	0.01586294416
0.01427755568	0.01427755568	99.95716733	0.01427755568
0.01407657658	0.01407657658	99.95777027	0.01407657658
0.01407657658	0.01407657658	1.421734234	98.55011261
0.01407657658	98.55011261	0.01407657658	1.421734234
98.50811124	1.462920046	0.01448435689	0.01448435689
32.68639508	26.92159877	11.54880861	28.84319754
>cisbp__M02400
23.61188229	19.44752915	48.59800111	8.342587451
39.80007764	0.009704968944	59.21001553	0.9802018634
0.007631257631	0.7707570208	99.21398046	0.007631257631
0.7707570208	0.007631257631	95.39835165	3.823260073
0.007631257631	0.7707570208	0.007631257631	99.21398046
0.007631257631	96.92460317	1.533882784	1.533882784
93.62900666	0.00793398921	6.355125357	0.00793398921
23.91351586	36.95132551	13.04867449	26.08648414
>cisbp__M02401
41.14911819	31.37439557	13.73824312	13.73824312
44.08097546	2.118101323	51.68282189	2.118101323
74.94728641	0.007718856334	25.03727587	0.007718856334
0.007718856334	0.007718856334	99.97684343	0.007718856334
0.007718856334	0.007718856334	99.97684343	0.007718856334
0.007718856334	0.007718856334	0.007718856334	99.97684343
0.007718856334	99.97684343	0.007718856334	0.007718856334
99.97684343	0.007718856334	0.007718856334	0.007718856334
19.4135891	48.8297546	11.26947574	20.48718056
22.88961753	31.3311474	22.88961753	22.88961753
>cisbp__M02402
30.90479651	18.18677326	41.8059593	9.10247093
43.89322282	0.01218917601	56.08239883	0.01218917601
0.009800078401	0.009800078401	99.97059976	0.009800078401
0.009800078401	0.009800078401	97.03057624	2.949823599
0.009800078401	0.009800078401	0.009800078401	99.97059976
0.009800078401	98.99059192	0.009800078401	0.9898079185
96.0114806	0.009897070467	3.968725257	0.009897070467
24.32468936	39.1815235	12.16909778	24.32468936
>cisbp__M02404
26.31775623	31.33653064	17.05424545	25.29146768
12.52619222	4.648086491	78.1776348	4.648086491
91.57404656	0.01504846449	8.395856508	0.01504846449
0.01504846449	0.01504846449	99.95485461	0.01504846449
0.01504846449	0.01504846449	99.95485461	0.01504846449
0.01504846449	0.01504846449	0.01504846449	99.95485461
0.01504846449	99.95485461	0.01504846449	0.01504846449
99.95485461	0.01504846449	0.01504846449	0.01504846449
28.20698819	26.98441914	28.61056742	16.19802526
20.36696197	20.36696197	28.74777002	30.51830604
>cisbp__M02405
35.08261442	27.57440142	14.5693221	22.77366205
16.9951621	7.223970189	68.55689752	7.223970189
99.95312051	0.01562649627	0.01562649627	0.01562649627
0.01562649627	0.01562649627	99.95312051	0.01562649627
0.01562649627	0.01562649627	99.95312051	0.01562649627
0.01562649627	0.01562649627	0.01562649627	99.95312051
0.01562649627	99.95312051	0.01562649627	0.01562649627
99.95312051	0.01562649627	0.01562649627	0.01562649627
19.19666358	29.10094729	33.2594362	18.44295293
17.79165631	26.55823462	17.79165631	37.85845277
>cisbp__M02406
19.15142493	24.46831136	36.16546151	20.21480221
59.22023993	0.007689941556	40.76438019	0.007689941556
0.005375188132	0.005375188132	99.98387444	0.005375188132
0.005375188132	0.005375188132	99.44635562	0.5428940013
0.005375188132	0.5428940013	0.005375188132	99.44635562
0.005375188132	99.44635562	0.5428940013	0.005375188132
89.92546143	0.005915759584	10.06270705	0.005915759584
26.71703297	29.00641026	22.13827839	22.13827839
>cisbp__M02407
68.25048733	0.02436647173	31.70077973	0.02436647173
69.20356704	0.01537515375	30.76568266	0.01537515375
0.01427755568	0.01427755568	99.95716733	0.01427755568
0.01427755568	0.01427755568	99.95716733	0.01427755568
0.01427755568	1.442033124	0.01427755568	98.52941176
0.01427755568	99.95716733	0.01427755568	0.01427755568
86.11623616	0.01537515375	13.85301353	0.01537515375
22.91840133	29.16319734	10.42880933	37.48959201
>cisbp__M02416
49.92877493	0.07122507123	49.92877493	0.07122507123
94.59033613	0.0525210084	5.304621849	0.0525210084
0.0525210084	0.0525210084	99.84243697	0.0525210084
0.0525210084	0.0525210084	99.84243697	0.0525210084
0.0525210084	0.0525210084	0.0525210084	99.84243697
0.0525210084	99.84243697	0.0525210084	0.0525210084
99.84243697	0.0525210084	0.0525210084	0.0525210084
45.38043478	36.32246377	0.09057971014	18.20652174
>cisbp__M02422
27.77572169	22.22427831	25.92524056	24.07475944
58.73313343	0.01249375312	41.24187906	0.01249375312
0.01074806535	0.01074806535	99.9677558	0.01074806535
0.01074806535	0.01074806535	99.9677558	0.01074806535
0.01074806535	0.01074806535	0.01074806535	99.9677558
0.01074806535	99.9677558	0.01074806535	0.01074806535
98.89294927	0.01074806535	1.0855546	0.01074806535
33.84071341	27.69065191	13.85301353	24.61562116
>cisbp__M02423
22.22427831	31.47668394	20.37379719	25.92524056
59.98250875	0.01249375312	39.99250375	0.01249375312
0.01135847342	0.01135847342	99.96592458	0.01135847342
0.01135847342	0.01135847342	99.96592458	0.01135847342
0.01135847342	0.01135847342	1.147205816	98.83007724
0.01135847342	98.83007724	0.01135847342	1.147205816
98.83007724	1.147205816	0.01135847342	0.01135847342
31.74175127	25.3965736	12.70621827	30.15545685
>cisbp__M02424
44.55612058	24.33826661	15.5528064	15.5528064
45.63235833	0.01214022808	54.34336121	0.01214022808
99.96357932	0.01214022808	0.01214022808	0.01214022808
0.01214022808	0.01214022808	99.96357932	0.01214022808
0.01214022808	0.01214022808	99.96357932	0.01214022808
0.01214022808	0.01214022808	0.01214022808	99.96357932
0.01214022808	99.96357932	0.01214022808	0.01214022808
99.96357932	0.01214022808	0.01214022808	0.01214022808
27.96556242	29.46048126	17.71648173	24.85747459
>cisbp__M05878
48.45154845	8.591408591	30.26973027	12.68731269
76.9	1.4	21.6	0.1
0.0999000999	0.0999000999	99.6003996	0.1998001998
0.0999000999	0.0999000999	79.92007992	19.88011988
0.2997002997	0.2997002997	2.497502498	96.9030969
0.1998001998	95.3046953	0.5994005994	3.896103896
97.2027972	0.0999000999	2.597402597	0.0999000999
>cisbp__M07993
43.6747	18.3735	15.3614	22.5904
36.4458	8.1325	55.4217	0
62.6506	0	37.3494	0
0	0	100	0
0	0	83.1325	16.8675
0	0	0	100
0	87.0482	0	12.9518
100	0	0	0
