>kznf__ZNF682_Imbeault2017_OM_RCADE
20.58301029	8.215554108	50.97172549	20.22971011
0.08833918445	0.08833918445	99.73498245	0.08833918445
0.7950527504	0.08833917226	99.02826891	0.08833917226
1.148409621	1.501769504	96.55476814	0.7950527376
0.441696053	98.67491184	0.441696053	0.441696053
0.08833918445	0.08833918445	0.08833918445	99.73498245
0.7950532147	4.328621169	31.18370842	63.6926172
25.8834	16.3428	42.1378	15.636
11.7491	12.8092	55.212	20.2297
3.268549673	65.81269342	6.448759355	24.46999755
3.268550327	80.65370807	6.448760645	9.628980963
17.0495	33.3039	22.3498	27.2968
9.982327005	17.75619467	50.97168471	21.28979361
10.689	30.1237	42.8445	16.3428
17.4028174	20.58302058	49.55834956	12.45581246
27.6502	17.4028	35.0707	19.8763
11.0424	13.5159	59.0989	16.3428
12.45581246	18.10951811	56.27215627	13.16251316
>cisbp__M00617
23.48896383	38.34141665	14.68065568	23.48896383
19.44173928	47.81896242	9.463310457	23.27598784
52.28921182	36.11795373	5.970257597	5.622576862
0.827504586	98.5593958	6.914252333e-05	0.613030475
19.30665014	3.091156391e-07	72.99928184	7.694067703
3.00723339e-10	99.99993962	3.40173759e-19	6.038134155e-05
0.2830867879	99.28537128	0.4308472081	0.000694719941
0.1012332141	80.61394306	0.3751878768	18.90963585
35.46763254	23.30389517	8.48772092	32.74075137
