>jaspar__MA0072.1
9	8	8	11
17	2	7	10
15	0	3	18
35	1	0	0
23	0	0	13
2	12	13	9
0	0	0	36
28	0	8	0
0	0	36	0
0	0	36	0
0	0	0	36
0	36	0	0
36	0	0	0
15	6	10	5
>jaspar__MA1151.1
306	179	260	255
329	114	141	416
855	14	11	120
527	10	32	431
225	249	277	249
43	87	116	753
623	24	343	11
5	2	919	74
36	3	952	8
59	112	168	661
6	822	19	153
785	12	161	42
>swissregulon__hs__RORC
2.467213115	0.2868852459	2.12295082	2.12295082
3.786885246	0	0	3.213114754
7	0	0	0
3.786885246	0	1.032786885	2.180327869
1.032786885	1.032786885	4.93442623	0
1.032786885	1.032786885	0	4.93442623
4.016393443	0	2.983606557	0
0	0	7	0
0	0	7	0
0	0	0	7
0	6.196721311	0	0.8032786885
7	0	0	0
1.319672131	0.2868852459	5.106557377	0.2868852459
>swissregulon__mm__Nr1d1
7.564465409	0.5078616352	2.325471698	2.539308176
6.842767296	0	1.06918239	5.025157233
10.90566038	0.9622641509	0	1.06918239
10.90566038	0	0	2.031446541
4.062893082	1.924528302	5.880503145	1.06918239
0	1.06918239	1.06918239	10.79874214
10.90566038	0	2.031446541	0
0	0	11.86792453	1.06918239
0	0	12.93710692	0
0	0	0	12.93710692
0	12.08176101	0	0.8553459119
12.93710692	0	0	0
4.918238994	1.06918239	4.918238994	2.031446541
5.506289308	0.4811320755	2.512578616	4.437106918
>flyfactorsurvey__Eip75B_SANGER_5_FBgn0000568
2	1	5	12
14	2	0	5
10	0	0	11
5	3	8	5
0	0	2	19
10	0	11	0
0	0	20	1
0	0	21	0
0	3	0	18
0	20	0	1
19	0	2	0
>flyfactorsurvey__knrl_SANGER_5_FBgn0001323
14	1	1	3
19	1	0	0
18	0	1	1
1	9	4	6
0	2	0	18
14	0	6	0
0	0	20	0
7	0	11	2
0	0	12	8
0	20	0	0
16	0	4	0
>hocomoco__NR1D1_HUMAN.H11MO.1.D
7	1	2	3
7	0	1	5
11	1	0	1
11	0	0	2
4	2	6	1
0	1	1	11
11	0	2	0
0	0	12	1
0	0	13	0
0	0	0	13
0	12	0	1
13	0	0	0
5	1	5	2
6	0	3	4
>hocomoco__RORA_HUMAN.H11MO.0.C
267	114	73	46
224	65	49	162
80	197	137	86
126	35	82	257
275	8	212	5
36	2	441	21
10	3	474	13
37	86	121	256
1	475	22	2
481	4	5	10
172	61	228	39
149	39	213	99
102	50	305	43
>nitta__knrl_TCAATT20NTAA_KH_AWNTRGRKCAN_m1_c4
23595	704	106	1871
14667	32	49	8928
3865	8519	7180	4031
1138	2693	4315	23595
15629	805	7966	0
496	25	23595	2170
14417	350	9178	3436
2421	2756	12574	11021
0	23595	589	1464
23595	3	2818	238
4391	10195	4001	5008
>transfac_public__M00157
17	2	7	10
15	0	4	17
36	0	0	0
22	0	0	14
2	12	13	9
0	0	0	36
28	0	8	0
0	0	36	0
0	0	36	0
0	0	0	36
0	36	0	0
36	0	0	0
14	7	10	5
>homer__AAWCTAGGTCARDNN_RORa
43.7	7.2	21.8	27.3
80	0.1	0.1	19.8
51	0.1	0.1	48.8
10.9	43.6	18.3	27.2
0.1	21.7	0.1	78.1
65.3	0.1	34.5	0.1
0.1	0.1	99.7	0.1
0.1	0.1	99.7	0.1
0.1	23.6	9	67.3
0.1	99.7	0.1	0.1
99.7	0.1	0.1	0.1
23.67632368	16.48351648	38.06193806	21.77822178
30.83083083	14.61461461	30.83083083	23.72372372
29.1	18.1	29.2	23.6
27.3	27.2	23.7	21.8
>homer__AAYTAGGTCA_RORgt
94	1.2	0.1	4.7
62.2	0.8	3.1	33.9
10	38.8	22.9	28.3
1.5	6.6	11.8	80.1
68.7	2.9	28	0.4
2.4	4.3	93.2	0.1
0.1	0.1	99.7	0.1
0.4	9.4	6.4	83.8
0.4	96.9	0.4	2.3
98.3	0.4	1.2	0.1
>homer__WAABTAGGTCAV_RORg
38.9	7.7	19.3	34.1
88.4	0.1	3.9	7.6
80.4	0.1	0.1	19.4
11.8	34.1	23.3	30.8
0.1	19.3	0.1	80.5
65.1	0.1	34.7	0.1
0.1	0.1	99.7	0.1
3.8	0.1	96	0.1
3.1	7.8	7.7	81.4
0.1	88.4	3.8	7.7
99.7	0.1	0.1	0.1
27.2	26.4	31	15.4
>cisbp__M05884
49.5	14.4	11.5	24.6
48.3	4.1	6.6	41
20.1	26.7	29.9	23.3
6.306306306	9.309309309	15.11511512	69.26926927
49.2	3.2	44.7	2.9
3.203203203	1.601601602	84.18418418	11.01101101
4.1	3.7	85.3	6.9
6.1	11.3	24	58.6
9.70970971	50.55055055	10.41041041	29.32932933
85.5	2.4	4.1	8
20.9	33.2	26	19.9
11.2	20.6	21.7	46.5
