>jaspar__MA0137.3
366	731	785	1747
0	52	0	3577
0	6	110	3513
361	3262	6	0
109	2009	0	1511
1739	0	1637	253
163	0	3466	0
29	7	3426	167
3620	0	9	0
3624	5	0	0
1879	311	725	714
>jaspar__MA0518.1
211	1019	484	1159
12	2	0	2859
26	0	529	2318
632	2229	12	0
307	1491	72	1003
1450	28	1223	172
733	0	2134	6
45	0	2828	0
2873	0	0	0
2873	0	0	0
1573	279	833	188
486	785	685	917
632	721	1028	492
889	443	1117	424
>swissregulon__hs__STAT1
1045	1873	1726	1227
2413	957	1339	1162
904	1327	634	3006
6	6	6	5853
6	6	6	5853
816	4943	6	106
70	4192	6	1603
1820	1092	1115	1844
1568	6	4162	135
141	6	4926	798
5853	6	6	6
5853	6	6	6
2983	634	1362	892
1121	1303	1016	2431
>swissregulon__hs__STAT3
330	1166	392	577
91	96	81	2197
108	35	350	1972
200	2060	89	116
32	2088	59	286
463	567	957	478
249	76	2101	39
89	94	2063	219
2011	279	76	99
2193	67	89	116
>swissregulon__mm__Stat1
628.8104265	1516.154758	1328.684764	605.5443085
1606.248879	640.5515468	1021.542014	810.8518162
492.2043492	1053.311371	492.2681537	2041.410383
20.21048103	66.40259481	45.95995427	3946.621227
69.86576239	53.34755465	248.046795	3707.934145
619.5586942	3311.953274	50.3686113	97.31367666
206.9124657	2650.216883	162.3731798	1059.691728
1973.786676	0	2105.407581	0
595.2067088	24.93020709	3401.311858	57.74548249
102.8648693	30.35163772	3691.391166	254.5865832
3975.184219	55.53498349	33.91110944	14.56394474
4011.484079	26.63250764	24.63873874	16.43893147
1993.365791	436.1298169	932.5223116	717.1763374
650.9510346	873.3638435	821.1987914	1733.680587
769.9750786	1116.104883	1663.09703	530.0172653
>swissregulon__mm__Stat3
219	492	416	231
437	299	398	224
83	571	230	474
1	30	1	1326
1	1	216	1140
220	1093	16	29
1	1099	1	257
405	285	278	390
281	1	1075	1
27	5	1116	210
1144	212	1	1
1326	1	24	7
449	242	577	90
221	435	292	410
>hocomoco__STAT1_HUMAN.H11MO.0.A
101	214	60	125
47	284	85	84
66	278	55	101
147	178	102	73
43	103	50	304
1	8	2	489
4	3	6	487
15	482	1	2
19	411	1	69
117	152	71	160
134	13	341	12
16	7	402	75
472	19	5	4
494	1	2	3
290	53	116	41
137	98	55	210
29	294	124	53
171	131	34	164
67	267	69	97
>hocomoco__STAT1_MOUSE.H11MO.1.A
86	95	104	215
85	133	213	69
226	58	134	82
84	92	75	249
36	12	33	419
54	9	88	349
135	302	19	44
76	193	37	194
216	27	215	42
170	2	327	1
8	4	478	10
490	1	7	2
494	2	3	1
329	47	69	55
116	100	58	226
100	116	208	76
194	51	238	17
305	75	102	18
292	97	70	41
263	74	70	93
73	231	128	68
>hocomoco__STAT3_HUMAN.H11MO.0.A
84	212	114	90
226	96	98	80
57	170	52	221
12	3	1	484
7	1	40	452
43	444	3	10
1	435	0	64
224	276	0	0
174	8	307	11
26	6	366	102
395	86	2	17
452	17	13	18
>hocomoco__STAT3_MOUSE.H11MO.0.A
68	227	119	86
267	70	83	80
16	249	58	177
45	9	3	443
5	5	23	467
122	363	2	13
2	457	0	41
149	220	2	129
161	21	300	18
35	42	291	132
277	192	8	23
411	32	18	39
>hocomoco__STAT4_HUMAN.H11MO.0.A
26	176	19	279
0	6	1	493
1	5	5	489
10	471	2	17
4	276	6	214
6	179	89	226
142	54	225	79
33	53	290	124
321	165	3	11
478	3	8	11
161	94	178	67
>hocomoco__STAT4_MOUSE.H11MO.0.A
31	167	26	251
0	4	5	466
0	3	11	461
27	435	6	7
9	337	6	123
66	183	50	176
115	54	243	63
39	37	271	128
288	131	10	46
368	42	25	40
>taipale_cyt_meth__ETV7_NYTTCCNGGAARN_FL_meth
2502	258	1146	597
98	2390	196	2114
438	31	192	4504
407	27	64	4504
101	4504	34	36
117	4504	32	56
1022	1251	1265	966
67	29	4504	100
53	45	4504	73
4504	47	29	360
4504	208	35	440
2016	175	2488	107
589	1110	256	2548
>taipale_cyt_meth__ETV7_NYTTCCSGGAARN_FL_repr
7200	871	3545	1701
213	7277	721	6041
1498	83	526	13318
946	21	129	13318
185	13318	42	61
113	13318	127	142
474	6574	6744	536
107	109	13318	110
38	56	13318	207
13318	108	29	979
13318	512	100	1540
6150	794	7168	281
1799	3571	837	7111
>dbtfbs__STAT1_HeLa-S3_ENCSR000EZK_merged_N1
30	255	126	29
270	45	72	53
27	76	104	233
2	2	2	434
0	1	13	426
42	385	5	8
6	291	4	139
135	55	171	79
66	0	368	6
0	0	411	29
431	6	3	0
437	0	3	0
>dbtfbs__STAT3_representative_N1
13	5	23	459
28	0	130	342
123	332	14	31
4	314	1	181
148	22	233	97
31	0	469	0
0	0	435	65
499	0	0	1
495	0	0	5
>transfac_public__M00259
7	5	9	7
7	7	8	6
12	6	5	7
5	7	9	9
9	5	6	10
2	0	0	28
0	0	0	30
0	0	0	30
0	30	0	0
2	21	4	3
4	14	11	1
3	4	20	3
0	0	30	0
30	0	0	0
30	0	0	0
30	0	0	0
4	8	5	12
7	6	9	6
5	8	8	5
6	8	2	10
9	3	7	7
>transfac_public__M00457
7	6	8	7
18	2	7	3
14	4	4	11
0	0	0	33
0	1	0	32
0	32	1	0
0	15	6	12
10	6	8	9
8	0	25	0
0	0	33	0
33	0	0	0
33	0	0	0
13	7	4	8
2	11	0	19
8	8	6	8
>transfac_public__M00459
9	6	14	11
24	2	8	8
16	1	3	26
0	0	0	46
0	0	0	46
0	46	0	0
0	28	1	17
7	11	8	20
10	2	34	0
0	0	46	0
46	0	0	0
46	0	0	0
17	5	5	19
8	10	1	27
8	11	7	17
>stark__TTCCSGGAA
0	0	0	100
0	0	0	100
0	100	0	0
0	100	0	0
0	50	50	0
0	0	100	0
0	0	100	0
100	0	0	0
100	0	0	0
>homer__NTTTCCAGGAAA_STAT4
27.7	23.5	31.7	17.1
3.8	37.9	9.2	49.1
0.1	0.1	0.1	99.7
0.1	0.1	4.8	95
7.4	92	0.1	0.5
2.2	79.1	0.1	18.6
35.9	13.7	14.8	35.6
18.7	0.1	79.4	1.8
0.4004004004	0.1001001001	91.79179179	7.707707708
96.1	3.7	0.1	0.1
99.7	0.1	0.1	0.1
47.7	10.2	39.6	2.5
>cisbp__M08013
21.4953	37.3832	18.2243	22.8972
6.3084	46.9626	16.5888	30.1402
10.9813	58.4112	15.1869	15.4206
40.1869	26.4019	18.2243	15.1869
11.6822	21.2617	13.0841	53.972
1.4019	0	0	98.5981
0	0	1.4019	98.5981
6.5421	92.2897	0	1.1682
0.7009007009	87.14958715	0	12.14951215
18.6916	38.785	11.9159	30.6075
31.0748	1.8692	64.2523	2.8037
1.4019	1.6355	85.9813	10.9813
91.8224	7.7103	0.4673	0
100	0	0	0
48.3645	12.1495	26.6355	12.8505
22.8972	30.1402	13.0841	33.8785
13.08411308	52.1028521	25.7009257	9.112109112
27.5701	31.3084	10.2804	30.8411
12.85048715	49.2990507	17.75698224	20.09347991
30.14023014	27.33642734	25.23362523	17.28971729
14.9533	23.3645	25	36.6822
>cisbp__M08016
16.4905	43.5518	19.0275	20.9302
50.3171	16.2791	13.7421	19.6617
17.5476	22.4101	14.3763	45.666
2.114197886	0	0.8456991543	97.04010296
0	0	0	100
14.37631438	82.45248245	0.2114002114	2.95980296
0	91.5433	0	8.4567
17.9704	43.129	0.4228	38.4778
29.5983296	0.6342006342	67.86476786	1.902701903
6.765306765	0.6342006342	67.23046723	25.37002537
74.4186	20.296	0	5.2854
89.6406	3.8055	2.9598	3.5941
30.02113002	12.8964129	32.13533214	24.94712495
>cisbp__M08017
15.2	40	22.4	22.4
41.6	22.4	18	18
14	24.2	11	50.8
0.2	0.4	1.2	98.2
0.4	2.4	2.6	94.6
7.4	89.4	0.2	3
1	85.2	0	13.8
15.6	47.8	0.2	36.4
39.4	1	55.6	4
5.8	2.2	70.8	21.2
67.6	26	1	5.4
85.8	3	5.4	5.8
27.8	23.4	27.8	21
27.2	20	19	33.8
16	27.8	33.2	23
>cisbp__M11348
15.98401598	39.66033966	12.58741259	31.76823177
1.501501502	49.24924925	36.73673674	12.51251251
15.9	46.6	12.7	24.8
0	69.66966967	10.51051051	19.81981982
66.7	11.1	11.1	11.1
25.47452547	29.47052947	8.791208791	36.26373626
0	0	0	100
0	0	0	100
1.201201201	94.99499499	0	3.803803804
0	100	0	0
0	67.5	32.5	0
0	0	100	0
3.2	2	90.9	3.9
100	0	0	0
100	0	0	0
33.16683317	9.390609391	26.27372627	31.16883117
11.88811189	15.08491508	13.48651349	59.54045954
6.406406406	38.13813814	37.93793794	17.51751752
35.12974052	19.76047904	31.23752495	13.87225549
29.82982983	37.23723724	9.70970971	23.22322322
32.1	41.9	18	8
>cisbp__M11367
16.11611612	20.32032032	30.73073073	32.83283283
2.404809619	18.03607214	59.21843687	20.34068136
9.8	17.5	39.4	33.3
5	45.2	27.9	21.9
77.9	0.8	21.3	0
12.6	6.8	0	80.6
0	0	0	100
0	0	0	100
0	100	0	0
0	100	0	0
0	50	50	0
0	0	100	0
0	0	98.2	1.8
100	0	0	0
100	0	0	0
63.3	0	32.7	4
1.8	13.8	1.8	82.6
7.7	19.3	70	3
34.66533467	18.68131868	27.97202797	18.68131868
27.3	18.2	22.4	32.1
19.6	24.3	16	40.1
