>jaspar__MA1016.1
206	281	217	296
308	200	284	208
182	288	66	465
40	38	903	19
980	0	0	19
3	1	0	996
55	663	156	126
324	201	268	207
269	239	280	212
>jaspar__MA1017.1
207	319	261	214
476	241	152	131
59	29	899	13
991	1	2	6
2	21	0	977
27	649	132	192
60	379	108	453
384	158	369	89
314	187	320	179
>nitta__so_TATCGC20NGCG_KG_NGTATCAN_m1_c3
2033	4789	3536	1401
6089	823	11758	0
121	56	1543	11758
11758	133	1133	0
8	0	0	11758
418	11758	174	1025
11758	1153	3415	1001
2293	3304	1838	4323
>taipale_cyt_meth__SIX1_NSRTATCRYN_FL
1502	1292	1531	430
773	3467	1289	1032
1155	577	3600	0
0	81	613	4756
4756	66	534	0
123	113	0	4756
119	4756	0	406
2925	363	1831	201
1570	2296	1491	2459
1105	969	1485	1196
>taipale_cyt_meth__SIX1_NSRTATCRYN_FL_meth
1538	1189	1733	337
689	3268	1528	752
1218	631	3579	0
0	0	528	4796
4796	0	646	25
178	0	77	4796
91	4796	0	614
2749	137	2048	41
1860	2326	2142	2470
1169	962	1672	994
>taipale_cyt_meth__SIX1_NSRTATCRYN_eDBD
1097	1617	962	385
660	3340	722	747
785	559	3276	0
0	0	978	4061
4061	0	0	0
0	0	28	4061
528	4061	262	272
2596	431	1465	517
1207	1807	988	2254
925	1024	920	1192
>taipale_cyt_meth__SIX1_NSRTATCRYN_eDBD_meth
742	540	603	174
650	1436	622	455
537	448	1521	260
0	12	424	2058
2058	196	41	0
0	0	7	2058
253	2058	0	449
1074	277	984	241
398	964	671	1094
428	486	596	547
>taipale_cyt_meth__SIX2_NCGTATCRYN_eDBD
1047	1661	824	440
579	3972	1709	890
1031	636	3972	120
134	477	409	3972
3972	170	707	55
445	396	277	3972
223	3972	266	483
2319	440	1654	212
715	1814	795	2159
695	1230	1160	887
>taipale_cyt_meth__SIX2_NCGTATCRYN_eDBD_meth
783	488	809	328
682	2407	1745	939
1072	423	2407	80
52	154	235	2407
2407	139	248	81
207	220	186	2407
98	2407	159	246
1170	176	1237	150
653	1177	497	1231
539	602	638	629
>taipale_cyt_meth__SIX3_NSRTATCRYN_eDBD_meth
1416	1102	2037	415
878	3187	1783	1332
1227	1494	3742	193
0	0	734	4969
4969	0	0	0
0	307	0	4969
500	4969	56	638
2742	347	2228	138
1554	2689	1335	2280
1117	1051	1535	1267
>taipale_cyt_meth__SIX3_NSSTATCRYN_eDBD
1023	2156	1815	1062
1180	3615	2440	890
2369	1642	4414	184
0	10	488	6056
6056	0	195	0
0	0	0	6056
1535	6056	94	419
3565	257	2491	603
1276	2888	1337	3168
1243	1772	1519	1522
>taipale_cyt_meth__SIX4_NCGTATCATN_eDBD
156	214	101	64
74	535	150	142
8	18	535	31
32	103	105	535
535	36	119	42
63	70	130	535
0	535	37	60
535	79	279	87
128	319	200	535
86	116	121	212
>taipale_cyt_meth__SIX4_NCGTATCATN_eDBD_meth
95	171	92	73
57	431	121	168
93	49	431	9
0	17	111	431
431	15	128	0
138	68	38	431
0	431	62	34
431	42	317	0
120	184	98	431
84	91	113	144
>taipale_cyt_meth__SIX6_NSRTATCRYN_eDBD_repr
948	955	1066	268
319	2220	1016	949
675	1346	2561	344
103	0	343	3236
3236	0	424	0
0	236	213	3236
451	3236	240	180
1879	281	1357	227
835	1495	741	1741
539	874	839	984
>taipale_cyt_meth__SIX6_NYRTATCRYN_eDBD_meth
813	776	1084	381
403	1980	1274	1074
855	801	2199	123
0	1052	697	3054
3054	282	718	0
429	755	629	3054
0	3054	308	75
1712	259	1342	0
599	1548	761	1506
615	729	927	784
>transfac_public__M00075
5	22	20	6
11	17	20	5
11	15	10	17
0	0	53	0
50	1	0	2
1	1	1	50
18	6	18	11
6	14	24	9
6	14	18	14
7	11	19	15
>transfac_public__M00076
6	16	18	13
15	18	18	2
13	12	18	10
0	4	49	0
52	0	0	1
0	1	0	52
27	6	14	6
7	13	23	10
5	20	15	13
7	13	19	14
>transfac_public__M00462
25	15	17	12
23	17	11	18
23	19	6	21
0	0	69	0
69	0	0	0
0	0	0	69
36	3	7	23
35	8	15	11
14	17	24	14
17	19	18	15
>homer__NAGATWNBNATCTNN_GATA
21.3	32.5	24.2	22
61.4	0.1	0.1	38.4
0.1	0.1	99.7	0.1
99.7	0.1	0.1	0.1
0.1	0.1	0.1	99.7
38.2	18.9	18.3	24.6
30.8	20.9	29.7	18.6
18.4	28	20.2	33.4
27.9	18.6	23.4	30.1
99.7	0.1	0.1	0.1
0.1	0.1	0.1	99.7
0.1	99.7	0.1	0.1
38.1	0.1	0.1	61.7
22.8	23.4	29.9	23.9
24.5	27.6	20.4	27.5
>cisbp__M01434
28.41834371	21.05282683	31.09462088	19.43420858
21.69145764	21.47562403	28.70061428	28.13230404
8.904010271	3.961020791	81.16643236	5.968536575
99.72837304	0.05798622607	0.02111968409	0.1925210504
2.10637858	0.5974827658	4.07540513	93.22073352
10.93070924	59.23876778	10.50211	19.32841299
18.47457529	13.14965442	39.11067619	29.2650941
28.10440456	18.10026013	31.68762766	22.10770765
12.53936183	69.32964846	2.661454141	15.46953557
33.23383359	20.15733901	29.77200258	16.83682482
>cisbp__M01474
18.26595067	31.3444967	22.31008253	28.0794701
18.92916551	10.92117845	53.02183879	17.12781725
19.84740761	32.07488739	21.28650704	26.79119797
29.38605871	33.46567773	19.50206522	17.64619834
15.72658878	17.73167933	54.89118837	11.65054352
97.42947467	0.09721101807	2.408800197	0.06451411646
0.3870312657	0.03022004603	0.02377193017	99.55897676
9.863924923	73.61760197	8.836440654	7.682032455
30.29578974	27.68826703	25.05338005	16.96256319
17.38097911	30.73421268	23.22841825	28.65638996
>cisbp__M01997
20.62695368	28.12330667	21.68452021	29.56521944
30.76277233	20.01146318	28.397618	20.82814649
18.15450594	28.75808057	6.61221563	46.47519786
3.988822815	3.756531858	90.33239575	1.922249575
98.04822091	0.03457789787	0.04809675388	1.869104442
0.3137644261	0.07815097003	0.035468411	99.57261619
5.499396976	66.32974539	15.55898749	12.61187014
32.43203963	20.06840749	26.8199714	20.67958148
26.9225452	23.87815555	28.02127511	21.17802414
>cisbp__M02000
20.71975426	31.85159811	26.07788291	21.35076472
47.58037616	24.10502707	15.21710936	13.09748741
5.860157228	2.939314627	89.85312865	1.347399494
99.11274301	0.05938331536	0.2052057841	0.6226678934
0.2063621703	2.058293938	0.03769896852	97.69764492
2.699067749	64.90381695	13.23555058	19.16156472
5.953789776	37.86502844	10.84851228	45.3326695
38.4071559	15.77211952	36.90118977	8.919534811
31.38799977	18.66081083	32.02207943	17.92910997
