>kznf__ZNF8_Schmitges2016_RCADE
21.34147652	9.843199172	29.00696809	39.80835621
26.91637308	42.94425706	10.88848911	19.25088075
36.6725	23.0836	20.993	19.2509
21.68992169	11.23691124	14.37281437	52.7003527
34.93030349	6.358890636	30.05230301	28.65850287
3.919860392	7.40418074	82.66550827	6.010450601
42.59579574	5.662019434	45.38329546	6.358889364
0.4355402265	85.10454425	0.0871080453	14.37280747
40.5052	4.26829	47.4739	7.75261
0.7839720941	0.08710801045	0.08710801045	99.04181189
92.4216037	0.08710800348	7.404180296	0.08710800348
0.4355401916	99.39024373	0.08710803833	0.08710803833
9.146338354	88.93728399	0.08710798432	1.829269671
61.41110614	11.93380119	21.34150213	5.313590531
8.79790912	34.93029651	27.26479727	29.0069971
50.95817962	17.16029314	22.73519091	9.146336341
34.23343423	13.32751333	31.44603145	20.99302099
17.8571	24.8258	33.5366	23.7805
