>jaspar__MA0282.1
4	56	4	36
0	0	0	100
0	100	0	0
0	0	100	0
0	0	100	0
91	1	1	7
92	3	3	3
42	21	21	16
>jaspar__MA0391.1
9	43	9	39
0	0	0	100
0	100	0	0
0	0	100	0
0	0	100	0
100	0	0	0
75	1	1	23
>jaspar__MA0420.1
51	10	22	16
6	47	6	41
0	100	0	0
0	0	100	0
0	0	100	0
100	0	0	0
100	0	0	0
4	63	4	28
>kznf__ZFP14_Imbeault2017_OM_RCADE
13.58519864	1.045019895	83.0385917	2.331189767
11.01289836	0.08038588802	88.50478681	0.4019289401
99.4372992	0.4019289968	0.08038589936	0.08038589936
0.080385934	0.080385934	99.7588422	0.080385934
7.79742876	22.26689646	69.85528889	0.08038588722
23.5530788	54.74275073	17.12218459	4.581985876
34.80711044	36.73631102	5.86817176	22.58840678
13.58521223	67.92606113	8.440517596	10.04820904
21.9453	20.3376	18.4084	39.3087
12.29901403	0.08038599172	75.96468668	11.6559133
0.7234726759	0.08038586399	99.1157556	0.08038586399
97.82957867	0.08038588248	2.009649562	0.08038588248
60.20900662	8.762060964	30.62700337	0.4019290442
14.2283	27.7331	24.8392	33.1994
5.225080523	6.189710619	79.50160795	9.083600908
>kznf__ZFP14_Isakova2017_SMiLE-seq
40.2	12.7	24.4	22.7
19.98001998	17.28271728	19.58041958	43.15684316
20.22022022	3.903903904	71.37137137	4.504504505
18.8	0.1	81	0.1
97.5975976	0.1001001001	2.002002002	0.3003003003
0.3	1.2	95.8	2.7
9.1	41.4	47	2.5
25.6	46.8	8.4	19.2
33.8	29	5.5	31.7
20.3	56.9	7.5	15.3
18.2	34.8	12	35
21.72172172	6.706706707	54.85485485	16.71671672
7.5	0.1	92.3	0.1
98.8	0.1	0.3	0.8
66.03396603	14.78521479	17.18281718	1.998001998
18	36.9	11.8	33.3
7.907907908	9.109109109	61.26126126	21.72172172
