>jaspar__MA0145.2
8	3768	255	40
285	3304	22	465
2437	21	1117	507
24	98	3949	12
710	1380	103	1890
402	1183	253	2246
707	1630	616	1134
1462	922	1026	681
2585	286	780	441
1612	212	1263	1003
16	3811	223	34
253	3324	12	491
2199	30	1232	612
49	118	3881	17
>kznf__ZNF329_Schmitges2016_RCADE
1.310480105	96.87500775	1.310480105	0.5040320403
3.729842014	25.10081355	0.1008060544	71.06853838
6.552424587	3.326612329	63.0040441	27.11691898
0.9072584536	2.52016126	96.06854803	0.504032252
78.32663133	3.729841492	11.39110456	6.552422621
2.52016	3.72984	30.3427	63.4073
4.536290907	83.16531663	9.778231956	2.520160504
48.08468077	38.81048448	9.37499625	3.729838508
54.13307293	22.68148866	14.61689269	8.568545716
21.87501969	19.45561751	55.34274981	3.326612994
0.5040318891	90.42338011	6.95564847	2.116939534
8.165323266	61.39112456	3.729841492	26.71371069
24.6976	19.4556	38.4073	17.4395
13.004	20.6653	21.4718	44.8589
33.97176603	10.18148982	33.97176603	21.87497813
1.71370928	84.37496456	13.40729437	0.5040317883
1.310480052	95.26210381	3.326610133	0.100806004
4.133060413	3.326610333	4.939520494	87.60080876
0.907258381	6.552422752	91.22983832	1.31048055
62.19756268	27.52018349	8.568544859	1.713708972
67.43948651	7.358868528	8.568548286	16.63309667
>cisbp__M08029
0	95.6522	4.0134	0.3344
9.3645	46.4883	0	44.1472
29.7659	0.3344	56.1873	13.7124
2.0067	6.0201	91.9732	0
15.71908428	35.11706488	2.006697993	47.15715284
1.6722	28.4281	1.3378	68.5619
7.023407023	55.85285585	10.03341003	27.09032709
40.8027	22.408	9.699	27.0903
40.4682	10.3679	35.4515	13.7124
45.48494548	5.685605686	24.41472441	24.41472441
0	94.3144	5.0167	0.6689
2.6756	57.1906	0.6689	39.4649
30.43476957	0	53.17724682	16.38798361
0	9.699	89.2977	1.0033
21.4047	32.107	0	46.4883
10.3679	19.7324	3.3445	66.5552
2.3411	47.8261	14.7157	35.1171
29.097	21.7391	16.7224	32.4415
25.08362508	18.39461839	39.7993398	16.72241672
28.4281	14.7157	33.4448	23.4114
13.7124	56.8562	16.0535	13.3779
