>cisbp__M06838
13.2107	48.8294	4.0134	33.9465
58.0268	15.0502	18.3946	8.5284
0	100	0	0
0	2.0067	0	97.9933
0	0	0	100
0	0	0	100
21.23747876	4.180595819	2.675597324	71.90632809
13.0435	15.3846	13.0435	58.5284
13.3779	43.4783	14.3813	28.7625
12.709	22.0736	9.5318	55.6856
9.364509365	14.71571472	9.197309197	66.72246672
10.86958913	13.54518645	4.013395987	71.57182843
17.3913	13.5452	6.3545	62.709
15.3846	24.7492	8.5284	51.3378
13.87961388	24.41472441	9.364509365	52.34115234
20.903	15.7191	11.204	52.1739
11.7057	23.0769	14.3813	50.8361
18.2274	14.3813	10.0334	57.3579
11.204	16.7224	14.7157	57.3579
23.2441	15.5518	13.5452	47.6589
24.91637508	17.22408278	16.38798361	41.47155853
