>homer__GTTAATNATTAA_HNF1b
15.3	3.3	67	14.4
3.7	9.9	11	75.4
10.9	9.7	6.1	73.3
95.8	0.8	2.8	0.6
83.7	8	1.5	6.8
13.5	1.9	1.4	83.2
19	30.5	31.4	19.1
89	0.9	1.8	8.3
5.7	0.1	9.9	84.3
0.1	1.8	0.2	97.9
68.9	6.6	13.1	11.4
72.1	11.9	8.8	7.2
