>dbtfbs__ZNF677_HEK293_ENCSR279KDC_merged_N1
79	21	328	27
237	8	204	6
390	10	27	28
112	220	60	63
120	267	18	50
34	273	15	133
127	206	11	111
180	6	251	18
274	38	103	40
74	162	34	185
441	0	10	4
444	0	4	7
1	0	454	0
428	27	0	0
324	41	25	65
35	342	27	51
351	14	31	59
18	19	367	51
>kznf__ZNF680_Schmitges2016_RCADE
19.4782	18.75	12.4393	49.3325
18.74998125	51.03154897	15.59468441	14.62378538
18.02181802	41.56554157	15.83741584	24.57522458
29.91502992	42.77914278	14.62381462	12.68201268
46.66264666	12.68201268	19.96361996	20.69172069
19.96360399	6.614081323	35.74030715	37.68200754
15.10920499	1.03155034	83.31312749	0.5461171802
30.15776984	26.03157397	19.96358004	23.84707615
12.68199873	74.81799252	1.759709824	10.74029893
35.7402975	55.6431961	0.5461169618	8.070389435
85.01210425	0.7888350394	11.71120059	2.487860124
79.67232422	0.06067961845	16.08010489	4.186891273
0.06067957646	0.06067957646	99.81796127	0.06067957646
99.81796127	0.06067957646	0.06067957646	0.06067957646
96.90533915	0.06067962451	2.002430809	1.031550417
13.89560422	0.06067961845	84.5267257	1.516990461
98.11893179	1.516990492	0.3033980983	0.06067961966
38.65293479	29.67232671	4.429613987	27.24512452
7.342227797	17.29369481	5.643198307	69.72087908
32.585	14.1383	22.1481	31.1286
58.5558	12.9248	6.8568	21.6626
