>jaspar__MA0694.1
533	159	795	365
144	1852	224	54
394	19	1852	78
1852	238	0	3
5	1852	1	0
0	1852	2	0
1852	820	2	3
5	1852	0	1
0	1852	0	7
803	474	1852	305
1852	295	221	365
996	309	245	302
>jaspar__MA0695.1
272	118	463	164
183	1018	215	110
351	128	1018	137
1018	225	8	24
39	1018	0	0
0	1018	5	14
1018	269	8	10
18	1018	7	17
90	1018	54	90
253	138	527	100
1018	444	251	419
333	315	196	174
>jaspar__MA0734.3
654	708	716	414
978	335	912	267
60	96	2251	85
1920	227	337	8
44	2404	27	17
8	2464	13	7
2216	40	82	154
9	2451	12	20
313	2145	20	14
59	2288	77	68
2101	85	193	113
299	935	1032	226
741	559	916	276
>jaspar__MA1491.2
4051	1748	4464	403
9	3	8515	96
8515	365	376	1
4	8515	0	0
1	8515	1	1
8515	236	9	88
1	8515	0	1
727	7788	1	1
29	8515	1	17
8515	2	53	2
551	7964	88	83
678	633	8515	154
3543	249	353	4971
2251	3644	332	2288
44	190	8515	132
2652	2938	618	2307
>jaspar__MA1990.1
1021	1170	943	869
1057	1093	1115	738
2124	299	1104	476
113	193	3535	162
3120	331	498	54
100	3744	88	71
71	3809	74	49
3653	73	87	190
38	3827	75	63
559	3231	145	68
153	3566	110	174
3312	188	251	252
588	1438	1534	443
1091	896	1401	615
>swissregulon__hs__GLI1
1.204391892	12.82939189	9.6875	7.278716216
0	0	0	31
0	0	26.91554054	4.084459459
0	0	29.01013514	1.989864865
0.8378378378	0	30.16216216	0
2.827702703	1.256756757	2.827702703	24.08783784
0	0	30.05743243	0.9425675676
0.8378378378	0	27.02027027	3.141891892
0.9425675676	1.989864865	2.304054054	25.76351351
0	27.02027027	3.037162162	0.9425675676
2.853885135	10.08023649	5.262668919	12.80320946
>swissregulon__hs__GLI2
493	514	8874	1138
8874	2471	1540	16
366	8874	16	79
20	8874	25	26
8874	1040	642	1034
27	8874	17	2
2879	5995	41	13
951	8874	177	1193
8874	201	1575	267
3084	8874	2189	2103
2751	1627	3679	818
3073	1286	2058	2457
2434	3219	1040	2181
1913	3195	8874	2154
>swissregulon__hs__GLI3
77	494	112	191
62	231	477	104
24	21	13	816
17	4	840	13
1	1	788	84
4	11	857	2
29	5	10	830
6	2	865	1
8	2	850	14
4	65	36	769
12	838	13	11
68	555	36	215
>swissregulon__mm__Gli3
1.539835165	4.567307692	4.462912088	4.567307692
0	1.043956044	0	14.09340659
0	0	14.09340659	1.043956044
0	1.043956044	13.04945055	1.043956044
0	0	15.13736264	0
0	0	0	15.13736264
0	0	15.13736264	0
0	0	13.04945055	2.087912088
1.043956044	0	1.043956044	13.04945055
1.043956044	9.917582418	1.043956044	3.131868132
1.539835165	5.611263736	2.583791209	5.402472527
>swissregulon__mm__Zic3
2.25	10.25	7.25	13.25
4	0	29	0
0	1	29	3
1	1	28	3
6	0	7	20
5	4	23	1
5	5	20	3
2	11	0	20
3	17	6	7
>flyfactorsurvey__Ci_SANGER_5_FBgn0004859
6	0	4	1
0	0	11	0
8	3	0	0
2	9	0	0
1	10	0	0
8	2	0	1
0	10	0	1
3	8	0	0
0	11	0	0
10	0	1	0
0	9	2	0
>flyfactorsurvey__ci_F3-5_SOLEXA_5
851	964	588	522
976	935	613	400
1235	578	932	180
38	30	2758	98
1971	586	369	0
7	2919	0	0
0	2927	0	0
2163	564	35	163
44	2882	0	0
91	2835	0	0
176	2523	122	103
1244	482	570	629
250	279	2173	222
931	830	699	464
770	844	606	704
>flyfactorsurvey__ci_SOLEXA_FBgn0004859
82	117	2404	158
1844	489	427	0
49	2712	0	1
0	2761	1	0
2018	533	45	166
0	2763	0	0
382	2380	0	0
114	2499	47	100
2024	240	373	123
397	1532	578	255
800	662	1041	258
709	649	698	705
710	930	533	589
>hocomoco__GLI1_HUMAN.H11MO.0.D
56	196	92	156
17	236	200	47
35	38	6	421
10	14	453	23
5	6	382	107
6	20	474	0
33	11	10	446
6	4	487	3
8	2	469	21
7	119	76	298
21	440	21	18
58	180	30	232
>hocomoco__GLI2_HUMAN.H11MO.0.D
105	163	574	89
0	0	0	931
0	0	931	0
1	0	786	144
0	0	931	0
0	0	0	931
0	0	931	0
0	0	931	0
0	0	0	931
0	931	0	0
74	344	87	426
>hocomoco__GLI3_HUMAN.H11MO.0.B
2	5	4	4
0	1	0	14
0	0	14	1
0	1	13	1
0	0	15	0
0	0	0	15
0	0	15	0
0	0	13	2
1	0	1	13
1	10	1	3
2	5	3	5
>hocomoco__GLI3_MOUSE.H11MO.0.D
53	190	96	137
24	251	144	57
50	43	14	369
4	21	411	40
17	1	332	126
2	25	448	1
84	14	6	372
7	1	457	11
7	25	425	19
20	165	60	231
39	347	42	48
64	147	86	179
>hocomoco__ZIC1_HUMAN.H11MO.0.B
2	4	17	10
3	2	28	0
0	1	31	1
0	2	31	0
10	1	6	16
4	0	25	4
2	8	23	0
1	3	9	20
7	15	9	2
>nitta__YL-1_TACCAA40NTTA_KK_GGTGGTCGCG_m1_c4
72	106	422	97
31	29	422	48
2	10	51	422
0	43	422	25
18	6	422	44
27	1	134	422
52	422	94	61
132	52	422	29
76	422	44	198
210	309	422	72
>nitta__ci_TCGAGG40NGTT_KY_NCGACCACCN_m1_c3
673	648	1381	398
600	3100	598	479
0	312	3100	147
3100	1272	9	149
0	3100	17	76
0	3100	0	12
3100	0	52	68
5	3100	0	98
947	3100	475	226
649	969	777	704
>taipale_cyt_meth__GLI2_NGACCACCCACGWYG_eDBD
5234	4901	4702	1607
88	215	15957	728
14096	2886	1758	0
0	16427	0	8
0	16442	0	1
15762	675	97	302
0	16444	0	0
3319	15079	0	0
167	16216	13	152
16175	7	539	24
1207	15453	694	841
3354	4113	13225	1146
7613	1810	3253	7647
4438	9203	1368	5871
503	1257	15481	777
>taipale_cyt_meth__GLI2_RGACCACCCACGWWG_eDBD_meth
6418	1823	6152	1023
92	172	13416	304
13060	926	467	1
14	13515	1	6
0	13516	1	0
13408	149	35	108
5	13515	1	0
2838	12078	3	0
55	13358	0	230
13345	0	251	27
1647	12015	685	812
4026	3893	9314	1310
5337	1391	2209	7557
5000	1046	933	8088
195	1271	12960	456
>taipale_cyt_meth__GLI3_RGACCACCCACRWWG_eDBD_meth
3469	413	3044	402
0	3	6815	29
6593	268	281	14
0	6839	5	3
0	6836	6	0
6773	27	2	18
0	6833	5	5
1814	6007	8	1
36	6712	2	118
6675	0	229	0
1251	5702	679	732
2176	1250	3812	662
2562	904	1662	3520
3405	224	917	3146
70	976	6314	374
>taipale_cyt_meth__GLI3_RGACCACCCACRWYG_eDBD_repr
9265	7913	7702	2622
177	232	18754	1323
17348	3972	2832	3
68	19263	7	0
7	19329	1	0
18184	2211	194	699
3	19326	4	1
4984	18084	1	2
528	18879	15	323
18709	0	1486	0
2186	17927	1360	1506
4643	5419	12721	1615
8397	3326	5324	9056
6506	11363	2363	6602
953	2625	17621	1731
>taipale_cyt_meth__ZBTB7A_NCGACCMCCGN_eDBD
1272	67	2101	1833
68	5273	119	35
218	0	5273	30
5273	87	0	21
0	5273	0	10
0	5273	0	0
3761	1511	0	4
11	5273	1	42
78	5273	71	81
1430	1366	5273	1154
2590	1248	298	1138
>taipale_cyt_meth__ZBTB7A_NCGACCMCCGN_eDBD_meth_repr
428	0	557	250
235	1224	81	0
0	7	1224	0
1224	59	0	8
0	1224	3	0
3	1224	0	0
930	294	0	0
19	1224	10	0
57	1224	0	50
646	587	1224	554
550	352	20	302
>taipale_cyt_meth__ZBTB7B_NCGACCMCCN_eDBD
1275	211	1671	965
0	4123	141	43
209	68	4123	73
4123	1262	0	223
0	4123	0	16
11	4123	0	0
3094	1028	0	0
17	4123	0	0
220	4123	260	170
788	982	1578	775
>taipale_cyt_meth__ZBTB7B_NCGACCMCCN_eDBD_meth
824	200	684	499
404	2207	355	252
38	333	2207	167
2207	1063	9	233
0	2207	0	77
96	2207	0	0
1717	490	0	3
0	2207	0	22
100	2207	237	173
522	488	765	433
>dbtfbs__EGR2_HEK293_ENCSR919CZU_merged_N1
113	356	18	13
6	405	0	89
327	0	49	124
1	396	9	94
104	358	2	36
12	378	2	108
360	91	21	28
0	382	4	114
138	124	39	199
9	451	10	30
312	118	20	50
>transfac_public__M00448
1	6	10	13
6	3	20	1
2	2	24	2
2	4	19	5
2	2	6	20
4	5	17	4
3	3	24	0
1	5	4	20
5	20	3	2
>transfac_public__M00449
6	1	13	10
3	3	20	4
3	3	22	2
3	2	22	3
3	3	5	19
4	2	21	3
3	4	21	2
1	2	3	24
3	17	6	4
>transfac_public__M00450
6	9	5	15
3	1	31	0
1	1	29	4
2	2	29	2
5	1	10	19
5	4	23	3
6	6	19	4
3	7	3	22
3	22	5	5
>elemento__CACCCAC
0	100	0	0
100	0	0	0
0	100	0	0
0	100	0	0
0	100	0	0
100	0	0	0
0	100	0	0
>homer__CGTGGGTGGTCC_GLI3
8.808808809	56.45645646	12.81281281	21.92192192
7.1	26.4	54.6	11.9
2.8	2.4	1.5	93.3
2.002002002	0.5005005005	95.995996	1.501501502
0.1	0.1	90.2	9.6
0.5	1.3	98	0.2
3.296703297	0.5994005994	1.098901099	95.004995
0.7	0.2	99	0.1
0.9009009009	0.2002002002	97.2972973	1.601601602
0.5	7.4	4.1	88
1.4	95.8	1.5	1.3
7.807807808	63.46346346	4.104104104	24.62462462
>homer__YSTGGGTGGTCT_Gli2
11.3	42.3	16.4	30
6.9	34.8	46.8	11.5
14	6.4	4.8	74.8
2.8	1.7	90.9	4.6
0.9	1.1	77.2	20.8
0.9	2.8	95	1.3
10.6	3.2	5.7	80.5
2	0.6	96.2	1.2
1.3	1.6	94	3.1
0.9	22.9	15.5	60.7
5.2	86.9	4	3.9
10.9	26.9	7.5	54.7
>kznf__ZIC2_HocoMoco_Misc
13.88888889	22.5308642	49.38271605	14.19753086
72.5308642	21.60493827	0	5.864197531
11.11111111	72.22222222	11.11111111	5.555555556
2.777777778	80.55555556	2.777777778	13.88888889
54.9382716	16.66666667	8.333333333	20.0617284
5.555555556	80.55555556	5.555555556	8.333333333
7.407407407	81.48148148	8.333333333	2.777777778
11.11111111	77.77777778	5.555555556	5.555555556
24.76851852	48.53395062	3.472222222	23.22530864
>kznf__ZNF449_Schmitges2016_RCADE
21.9749	43.2078	18.0936	16.7237
26.76942677	27.45432745	21.06162106	24.71462471
42.52278724	32.24889033	24.02969279	1.19862964
79.7374	4.39498	3.25342	12.6142
0.05707762614	0.05707762614	99.37214551	0.5136992353
1.426940428	84.9886255	12.38580372	1.19863036
0.05707758128	99.82876726	0.05707758128	0.05707758128
0.05707758128	99.82876726	0.05707758128	0.05707758128
87.95661847	5.536531163	0.5136991079	5.993151259
74.02971777	0.2853880685	25.3995061	0.2853880685
3.025111283	94.8059402	2.111870895	0.0570776242
7.134700956	92.06621234	0.05707760765	0.7420090994
53.71005371	16.4954165	11.7009117	18.09361809
13.7557	25.6279	40.6963	19.9201
20.37672038	29.05252905	31.79223179	18.77851878
28.5959	19.9201	19.6918	31.7922
17.4087	22.4315	31.1073	29.0525
22.6598	26.9977	20.3767	29.9658
31.79223179	20.60502061	15.81051581	31.79223179
28.3676	21.7466	20.8333	29.0525
28.3676	27.226	20.3767	24.0297
>cisbp__M01022
29.91284497	19.78252725	30.52210054	19.78252725
7.414642069	7.414642069	77.75607379	7.414642069
73.06462706	12.22596399	12.4032702	2.306138759
0.005863300663	99.9824101	0.005863300663	0.005863300663
0.005863300663	99.9824101	0.005863300663	0.005863300663
81.14702578	18.84124762	0.005863300663	0.005863300663
0.005863300663	99.9824101	0.005863300663	0.005863300663
0.005863300663	99.9824101	0.005863300663	0.005863300663
5.223336054	65.40695118	14.52704565	14.84266712
47.2263363	17.59122123	17.59122123	17.59122123
22.69972454	31.90082637	22.69972454	22.69972454
>cisbp__M01023
27.71095343	25.92257625	29.02831022	17.33816009
4.812683794	4.812683794	85.56194862	4.812683794
80.81211997	9.887253956	9.29457649	0.006049581157
0.006049581157	99.98185126	0.006049581157	0.006049581157
0.006049581157	99.98185126	0.006049581157	0.006049581157
90.30699809	9.680902743	0.006049581157	0.006049581157
0.006049581157	99.98185126	0.006049581157	0.006049581157
0.006049581157	99.98185126	0.006049581157	0.006049581157
16.63234033	58.12726443	7.667889489	17.57250574
39.41990264	20.19336579	20.19336579	20.19336579
>cisbp__M01024
29.90863239	19.56033683	30.97069395	19.56033683
4.895303071	4.895303071	85.31409079	4.895303071
71.88393839	9.289002011	18.82046909	0.006590515457
0.006590515457	99.98022845	0.006590515457	0.006590515457
0.006590515457	99.98022845	0.006590515457	0.006590515457
89.9287038	10.05811517	0.006590515457	0.006590515457
0.006590515457	99.98022845	0.006590515457	0.006590515457
0.006590515457	99.98022845	0.006590515457	0.006590515457
14.16174904	65.11460577	5.446253687	15.2773915
39.66613767	20.11128744	20.11128744	20.11128744
>cisbp__M02641
0	0	98.1981982	1.801801802
82.2	9	8.8	0
4.1	95.9	0	0
0	100	0	0
83.9	6.4	1	8.7
0	100	0	0
9.8	90.2	0	0
1.3	88.7	0.5	9.5
99.7	0	0	0.3
38.3	36.1	12.1	13.5
4	15.6	71.3	9.1
>cisbp__M02642
0.4	0	96.9	2.7
78.42157842	9.69030969	11.88811189	0
3.4	96.6	0	0
0	100	0	0
76.62337662	10.58941059	2.397602398	10.38961039
0	100	0	0
14.7	85.3	0	0
5.394605395	84.51548452	1.298701299	8.791208791
93.79379379	3.103103103	0.4004004004	2.702702703
30.66933067	35.86413586	18.08191808	15.38461538
5.2	13.3	65.2	16.3
>cisbp__M02643
1	0.1	97.3	1.6
85.5	6.9	7.6	0
2.102102102	97.2972973	0	0.6006006006
0	100	0	0
85.5	6.9	1.5	6.1
0	100	0	0
12.4	87.6	0	0
4	91.4	0.8	3.8
98.2	0.6	0.4	0.8
28.7	51.8	9.7	9.8
3.3	6.8	79.2	10.7
>cisbp__M02644
1	0.1	98	0.9
90.3	4.8	4.9	0
1.2	98.5	0	0.3
0	100	0	0
89.9	5.8	0.8	3.5
0	100	0	0
7.4	92.6	0	0
2	95.1	0.7	2.2
96.8	1.3	0.6	1.3
41.44144144	45.54554555	6.606606607	6.406406406
2.9	4.7	86	6.4
>cisbp__M02732
4.2862332	3.450780966	82.23755903	10.02542681
75.87131367	12.83512064	11.19302949	0.100536193
3.172588832	95.76988156	0.1269035533	0.9306260575
0.6567425569	99.12434326	0.04378283713	0.1751313485
72.448	15.616	3.104	8.832
0.7849978195	98.73528129	0.08722197994	0.3924989097
33.40151958	66.16014027	0.2630040912	0.1753360608
7.217235189	81.29263914	0.8976660682	10.59245961
82.93040293	3.076923077	11.64835165	2.344322344
14.87816307	53.04592315	13.94095595	18.13495783
>cisbp__M08023
39.7849	8.6022	40.8602	10.7527
1.0753	0	95.6989	3.2258
64.5161	17.2043	18.2796	0
4.3011	95.6989	0	0
0	100	0	0
92.4731	1.0753	2.1505	4.3011
3.2258	95.6989	1.0753	0
16.129	83.871	0	0
1.0753	96.7742	0	2.1505
89.2473	4.3011	3.2258	3.2258
7.5269	40.8602	46.2366	5.3763
>cisbp__M08900
6.596091205	27.44299674	44.38110749	21.57980456
61.23778502	26.71009772	8.794788274	3.25732899
0	70.68403909	23.45276873	5.863192182
11.72638436	76.54723127	0	11.72638436
49.51140065	17.58957655	2.931596091	29.96742671
0	94.13680782	5.863192182	0
2.931596091	94.13680782	2.931596091	0
0	85.34201954	5.863192182	8.794788274
30.13029316	51.95439739	13.19218241	4.723127036
