>kznf__ZNF563_Schmitges2016_RCADE
11.532	42.8451	27.0202	18.6027
0.7575757273	2.777779	8.164977061	88.29966821
0.08417507879	99.41077495	0.08417507879	0.4208748939
27.69360554	55.63971113	3.114480623	13.55220271
10.8586	19.9495	19.9495	49.2424
12.5421	26.3468	36.1111	25
35.4377	14.899	29.7138	19.9495
9.848483939	61.02692441	21.96970879	7.154882862
24.66330493	34.42760689	3.114480623	37.79460756
21.96970879	3.45118138	70.11782805	4.461281785
2.441078535	8.164975101	77.18855369	12.20539268
3.114478754	87.62626495	7.828276869	1.430979428
68.09763058	28.03031259	0.08417513779	3.787881701
36.11111444	3.45118138	52.60942104	7.828283131
0.0841750787	99.74747476	0.0841750787	0.0841750787
15.57240311	21.96970439	3.45118069	59.0067118
4.797978081	7.491577003	83.2491667	4.461278215
11.19530224	41.4983083	6.144781229	41.16160823
