>cisbp__M00181
32.52034537	22.91670006	17.66995792	26.89299665
30.27623409	11.9456005	48.9286469	8.849518507
44.73381976	0.03441474444	55.18713198	0.04463351749
4.180483088	0.01608974465	95.62428458	0.1791425917
2.358160555	0.02593613498	76.5452362	21.07066711
4.861475277	0.02402505458	8.510851077	86.60364859
8.111555936	68.25766281	9.711295608	13.91948565
81.49473993	0.02789071277	16.95458803	1.522781319
27.09406982	31.47881809	14.86954079	26.55757129
25.14521146	22.30180193	31.9658287	20.58715791
>cisbp__M00368
28.96185919	28.67368388	18.65249214	23.71196479
30.29367269	13.20953436	46.1058052	10.39098776
53.22861458	8.286238444	36.03879942	2.44634756
1.210953491	0.5280354057	94.76575008	3.495261026
0.5552202939	0.1226537029	78.38320489	20.93892111
2.410963826	4.758947809	3.706272281	89.12381608
0.0812209322	91.78213947	0.5269854818	7.609654119
82.53831201	0.9639292051	14.63275595	1.865002837
31.10138052	23.74215613	13.42679326	31.72967008
25.35740814	26.12965619	23.40783796	25.10509771
