>hocomoco__ETV2_HUMAN.H11MO.0.B
74	40	81	34
69	40	100	20
133	31	47	18
121	14	88	6
129	9	89	2
6	200	21	2
204	24	0	1
0	0	229	0
0	1	228	0
226	0	3	0
213	0	0	16
109	4	116	0
13	74	13	129
80	31	93	25
25	60	130	14
40	66	100	23
>homer__AACAGGAAAT_EWS_FLI1-fusion
35.6	23	22.7	18.7
63.8	0.1	20.1	16
0.1	99.7	0.1	0.1
80.2	19.6	0.1	0.1
0.1	0.1	99.7	0.1
0.1	0.1	99.7	0.1
99.7	0.1	0.1	0.1
99.7	0.1	0.1	0.1
64.4	0.1	35.4	0.1
0.1	30.9	0.1	68.9
>homer__ATTTCCTGTN_EWS_ERG-fusion
87.1	0.9	11.9	0.1
0.1	15.5	0.1	84.3
0.1	0.1	0.1	99.7
0.1	0.1	0.1	99.7
0.1	99.7	0.1	0.1
0.1	99.7	0.1	0.1
0.1	0.1	4.1	95.7
0.1	10.5	80.5	8.9
19.4	27.7	5.3	47.6
22	26.9	27.6	23.5
>cisbp__M00093
22.53906128	22.53906128	22.53906128	32.38281616
28.38981036	37.54132797	17.03443083	17.03443083
61.42470584	19.42093464	9.57717976	9.57717976
62.77668408	18.43100233	18.78114866	0.01116493626
0.01116493626	91.13866796	8.839002169	0.01116493626
0.01116493626	0.01116493626	99.96650519	0.01116493626
0.01116493626	0.01116493626	99.96650519	0.01116493626
91.13866796	0.01116493626	8.839002169	0.01116493626
64.83759798	2.472103657	30.21819471	2.472103657
56.24349296	7.976734103	7.976734103	27.80303883
15.43398518	15.43398518	15.43398518	53.69804447
