>jaspar__MA0011.1
3	1	1	7
5	2	1	4
0	10	0	2
0	1	0	11
12	0	0	0
1	1	2	8
2	0	1	9
1	2	1	8
>flyfactorsurvey__eg_SANGER_5_FBgn0000560
9	1	7	0
12	1	1	3
17	0	0	0
16	0	0	1
3	4	4	6
0	1	1	15
17	0	0	0
0	0	17	0
10	0	7	0
0	1	14	2
0	17	0	0
15	0	2	0
6	7	4	0
>flyfactorsurvey__kni_SANGER_5_FBgn0001320
13	3	6	0
14	1	1	7
23	0	0	0
21	0	0	2
3	7	8	5
0	2	3	18
17	0	6	0
1	0	22	0
13	1	9	0
3	3	12	5
0	23	0	0
23	0	0	0
>transfac_public__M00092
3	1	3	5
2	3	2	5
0	5	3	4
2	1	2	7
2	1	3	6
3	1	1	7
5	2	1	4
0	10	0	2
0	1	0	11
12	0	0	0
1	1	2	8
2	0	1	9
1	2	1	8
2	2	3	5
1	0	3	8
1	3	1	7
>idmmpmm__kni
45.73058168	14.25026123	27.4902473	12.52890979
69.7753396	4.567572274	10.2574016	15.39968652
94.60623476	1.890804598	1.75148032	1.75148032
71.04127482	1.75148032	0.5747126437	26.63253222
24.23598049	33.00330895	16.18843608	26.57227447
8.948450017	9.515848137	17.63827935	63.8974225
64.3958551	8.171194706	26.81226054	0.6206896552
9.150992685	4.307558342	86.25409265	0.2873563218
70.19209335	1.797457332	19.03326367	8.97718565
19.88122605	12.10936956	48.03343783	19.97596656
3.297457332	90.78143504	0.2873563218	5.633751306
77.51375827	2.640891675	15.36102403	4.484326019
42.52229188	26.81783351	24.72013236	5.93974225
>kznf__ZNF567_Imbeault2017_RP_RCADE
57.68480577	16.43970164	17.21790172	8.657590866
24.61089262	23.05449308	3.988328804	48.3462855
83.36577499	3.988328804	2.042799387	10.60309682
51.45912058	17.21790689	25.00001	6.322962529
95.81711667	0.09727631693	3.988330694	0.09727631693
94.2607	1.26459	2.0428	2.43191
29.6692822	9.435794339	54.18286749	6.712055973
23.44359297	39.39688818	3.988328804	33.17119005
88.03502086	0.09727632305	5.155641222	6.712061591
3.988330148	0.0972763036	94.6498035	1.264590047
76.75095218	0.8754854546	22.27628612	0.0972762394
16.05060161	63.13230631	9.046690905	11.77040118
28.11281125	63.91052556	3.210121284	4.766541907
23.44359531	57.29568854	3.210119358	16.05059679
31.22568126	14.4941913	6.712055973	47.56807146
22.6654	26.1673	37.8405	13.3268
73.249	6.32296	15.6615	4.76654
23.05449401	0.8754857724	71.30348146	4.766538761
68.19068636	7.10116858	19.16339617	5.544748891
19.94160399	2.431910486	7.490271498	70.13621403
12.93770518	6.322962529	69.35802774	11.38130455
