>kznf__ZNF323_Schmitges2016_RCADE
9.210528158	84.55678309	2.008309598	4.224379155
82.3406753	5.3324084	2.285319314	10.04159699
3.393351697	2.008311004	93.14404657	1.454290727
0.9002767569	94.25207455	0.3462599065	4.501388785
80.1246359	1.454288837	17.2437862	1.177289058
0.06925213026	0.06925213026	99.79224361	0.06925213026
5.055400399	0.06925210547	92.03600727	2.839340224
0.9002766669	0.3462598719	97.0221641	1.731299359
0.06925212479	99.51523563	0.346260124	0.06925212479
88.9889089	1.177290118	8.656510866	1.177290118
44.66758213	1.731299307	47.16068114	6.440437424
1.45429	2.28532	1.17729	95.0831
5.332410533	1.454290145	4.50139045	88.71190887
93.42105329	2.83933858	1.454289273	2.285318857
1.177289647	3.116339065	11.70359649	84.0027748
