>jaspar__MA1494.1
212	70	325	43
301	7	350	7
3	2	651	7
2	1	17	651
100	651	41	104
7	651	4	15
651	0	7	0
651	1	2	3
651	0	5	0
0	0	651	1
3	0	651	64
0	4	24	651
2	651	7	35
465	5	186	9
174	217	101	159
>hocomoco__COT1_MOUSE.H11MO.1.C
7	10	58	7
8	6	40	28
9	19	20	34
8	57	6	11
62	6	4	10
50	4	21	7
59	0	22	1
1	0	81	0
2	4	53	23
3	6	3	70
1	71	5	5
67	8	4	3
>hocomoco__NR1H3_MOUSE.H11MO.0.A
96	156	201	47
250	22	89	139
70	28	336	66
112	30	262	96
63	141	141	155
49	387	26	38
392	67	9	32
253	50	174	23
406	3	84	7
6	4	477	13
32	12	285	171
15	134	82	269
14	425	20	41
428	9	9	54
74	118	206	102
>hocomoco__NR2C2_MOUSE.H11MO.0.A
986	174	798	100
408	89	1414	147
200	246	1442	170
209	214	461	1174
254	1324	335	145
1669	105	265	19
1168	122	743	25
1764	8	219	67
99	27	1829	103
62	83	1676	237
128	220	443	1267
290	1481	207	80
1631	67	252	108
>hocomoco__PPARG_HUMAN.H11MO.1.A
11	388	76	25
477	4	0	19
287	7	201	5
437	0	61	2
26	0	469	5
30	6	383	81
22	46	147	285
64	309	63	64
443	21	10	26
>hocomoco__PPARG_MOUSE.H11MO.1.A
77	110	199	114
22	347	83	48
480	6	1	13
300	26	164	10
478	1	21	0
38	0	459	3
12	4	416	68
21	64	127	288
34	346	64	56
402	35	11	52
>hocomoco__RXRG_HUMAN.H11MO.0.B
102	102	346	103
1	0	572	80
5	9	50	589
4	584	13	52
653	0	0	0
594	3	48	8
633	1	19	0
0	0	652	1
1	0	596	56
9	12	16	616
4	561	49	39
605	4	43	1
191	215	67	180
>taipale__HNF4A_full_RRGTCCAAAGGTCAA
1033	443	1785	157
1251	9	1568	10
11	5	2818	22
20	14	52	2818
670	2818	192	798
13	2818	17	52
2818	2	37	0
2818	4	10	11
2818	5	21	9
1	7	2818	12
14	12	2818	1327
10	60	50	2818
5	2818	8	48
2818	9	635	6
2818	2302	919	2089
>nitta__Hnf4_TTAAAG20NTA_KH_AGTCCANNGGTCA_m1_c3
202	5	497	14
2	2	202	4
0	0	26	202
110	202	80	51
3	202	3	17
202	0	6	1
194	2	1	4
184	4	7	7
9	5	202	0
18	63	202	199
27	27	28	202
2	202	10	57
202	0	89	3
>taipale_cyt_meth__HNF4A_NRGTCCAAAGGTCRN_eDBD_meth_repr
1789	387	3024	313
2513	40	3002	72
20	9	5514	53
19	9	137	5514
992	5514	538	956
60	5514	21	107
5514	4	384	11
5514	7	7	26
5514	13	77	5
5	1	5514	5
25	3	5514	483
5	25	152	5514
12	5514	54	381
3885	23	1630	38
1479	1630	938	1468
>cisbp__M05879
44.8	6	43.1	6.1
8.708708709	5.605605606	80.88088088	4.804804805
6.8	3.1	74	16.1
4.704704705	13.51351351	10.41041041	71.37137137
11.61161161	51.65165165	21.32132132	15.41541542
82.7	4.9	4.4	8
66.1	11	12.3	10.6
61.3	2.8	34.3	1.6
11.41141141	1.801801802	78.67867868	8.108108108
5.894105894	1.598401598	75.72427572	16.78321678
2.4	6.2	11.1	80.3
5.394605395	46.85314685	17.28271728	30.46953047
67.2	3.8	26.3	2.7
30.63063063	21.32132132	21.02102102	27.02702703
39.9	9.2	29.3	21.6
>cisbp__M08222
0	0	15.1899	84.8101
0	91.1393	2.5316	6.3291
89.8734	0	8.8608	1.2658
36.7089	0	62.0253	1.2658
82.2785	0	17.7215	0
0	0	100	0
1.2658	2.5316	86.076	10.1266
0	0	3.7975	96.2025
0	96.2026	2.5316	1.2658
87.3418	0	11.3924	1.2658
