>jaspar__MA1985.1
145	125	585	145
25	5	965	5
25	5	965	5
125	185	585	105
45	625	5	325
5	5	985	5
925	65	5	5
5	485	5	505
5	5	985	5
705	205	25	65
5	885	5	105
25	805	85	85
485	65	385	65
105	485	225	185
65	105	105	725
>homer__GARTGGTCATCGCCC_ZNF669
24.37562438	24.47552448	46.25374625	4.895104895
85.3	4.9	4.9	4.9
29.3	17.1	41.4	12.2
9.7	22	7.3	61
12.2	2.4	80.5	4.9
2.4	2.4	87.9	7.3
4.9	2.4	7.3	85.4
2.4	95.1	2.4	0.1
58.7	7.2	34	0.1
0.1	2.4	9.7	87.8
2.4	97.4	0.1	0.1
36.6	2.4	58.6	2.4
2.5	68.3	9.7	19.5
0.1	95.1	2.4	2.4
7.2	85.4	0.1	7.3
>kznf__ZNF669_Imbeault2017_OM_RCADE
16.8182	11.3636	58.6364	13.1818
4.09091	0.454545	95	0.454545
2.272729545	0.4545449091	96.81818064	0.4545449091
11.36360568	16.81820841	62.27273114	9.545454773
5.909087932	64.09087757	0.4545448409	29.54548966
0.4545449091	0.4545449091	96.81818064	2.272729545
85.9090957	9.545449523	4.090909795	0.4545449773
0.4545445909	49.54545541	0.4545445909	49.54545541
0.4545448409	0.4545448409	98.63636548	0.4545448409
73.18178536	18.63639627	2.272729545	5.909088818
0.4545451136	85.90912148	2.272730568	11.36360284
4.090908773	78.63637641	9.545447136	7.727267682
45.90909082	7.727268455	36.81819264	9.545448091
13.1818	45.9091	22.2727	18.6364
5.909092364	11.36360455	7.727273091	75.00003
>kznf__ZNF669_Imbeault2017_RP_RCADE
22.55242255	15.55941556	47.72734773	14.16081416
5.06993076	0.1748250262	93.18181398	1.573430236
1.573430236	1.573430236	96.6783145	0.1748250262
14.8601104	13.46150942	65.20984565	6.468534528
5.069927212	61.01396644	0.1748249038	33.74128144
0.1748250262	2.972030446	93.88111408	2.972030446
77.09793469	19.05590858	3.671331652	0.1748250787
0.1748249038	40.7342776	2.972028365	56.11886913
0.1748250437	0.1748250437	99.47552487	0.1748250437
75.00003	15.55940622	2.972031189	6.468532587
0.1748250332	95.97901824	0.8741261661	2.972030565
2.972031337	83.39163753	0.1748250787	13.46150606
53.32166801	9.965024021	26.74828395	9.965024021
11.36361136	47.02804703	17.65731766	23.95102395
6.468534528	16.95801187	10.66430747	65.90914614
>kznf__ZNF669_Schmitges2016_RCADE
24.0278	29.5833	33.4722	12.9167
26.8056	17.3611	27.3611	28.4722
41.25004125	23.47222347	20.69442069	14.58331458
32.91666708	20.13887986	22.91667708	24.02777597
24.5833	24.0278	36.25	15.1389
36.25	17.3611	22.9167	23.4722
45.1389	13.4722	30.1389	11.25
24.0278	16.25	40.1389	19.5833
14.02780281	54.58331092	9.027781806	22.36110447
24.58332458	47.36114736	12.36111236	15.69441569
53.47223743	7.361115153	30.69442149	8.472225931
9.583330958	25.13890251	58.47220585	6.805560681
87.91667362	4.583328625	4.583328625	2.916669125
29.5833	15.1389	42.3611	12.9167
9.027778194	32.91669342	5.694438861	52.36108953
17.91668925	5.694436583	72.91665625	3.472217917
9.027783792	0.1388890583	90.69443809	0.1388890583
5.69444	1.80556	11.25	81.25
1.805559837	96.24999134	1.805559837	0.1388889875
66.80559399	3.472219688	29.58329734	0.1388889875
0.1388889736	4.583329129	10.13889807	85.13888382
4.583329633	95.13889239	0.1388889889	0.1388889889
49.02780049	0.1388890014	48.47220048	2.361110024
16.25001625	49.58334958	14.58331458	19.58331958
0.1388890292	93.47221963	2.916670613	3.472220729
1.80556056	94.58332932	0.1388890431	3.472221076
18.47219631	51.80558964	8.472218306	21.24999575
