>jaspar__MA0274.1
160	0	0	0
24	75	29	73
30	70	0	87
0	0	0	161
73	0	161	0
129	41	12	0
137	0	29	3
11	0	24	129
>jaspar__MA0619.1
411	91	212	285
0	0	0	999
0	0	0	999
0	212	0	788
438	0	562	0
999	0	0	0
999	0	0	0
104	211	0	685
243	249	159	350
>jaspar__MA1161.1
136	15	28	85
97	9	28	130
71	11	8	174
54	6	9	195
86	38	15	125
160	26	41	37
228	0	35	1
232	1	16	15
244	0	0	20
0	8	3	253
0	0	0	264
0	69	0	195
214	0	45	5
264	0	0	0
264	0	0	0
>jaspar__MA1162.1
257	49	61	232
135	23	28	413
60	41	1	497
54	173	41	331
292	132	107	68
559	6	26	8
554	14	1	30
514	0	14	71
10	1	7	581
0	0	0	599
0	318	0	281
435	1	163	0
599	0	0	0
599	0	0	0
178	93	10	318
>jaspar__MA1379.1
192	17	27	364
95	16	6	483
167	37	7	389
219	69	46	266
441	54	70	35
543	0	43	14
466	3	66	65
484	0	23	93
0	0	0	600
0	0	0	600
0	169	0	431
482	0	118	0
555	45	0	0
599	0	1	0
268	16	0	316
>jaspar__MA1450.1
445	351	1823	328
543	393	1744	267
1740	174	554	479
2616	93	109	129
2709	16	98	124
23	27	5	2892
14	11	23	2899
66	2612	19	250
2771	51	109	16
2901	14	11	21
2820	13	17	97
327	158	29	2433
814	159	338	1636
444	346	697	1460
>jaspar__MA1682.1
314	154	90	413
457	127	91	296
701	48	63	159
751	37	46	137
782	10	36	143
22	6	11	932
24	1	2	944
0	971	0	0
940	2	11	18
943	0	3	25
955	2	3	11
182	60	16	713
316	97	62	496
244	154	60	513
>dbtfbs__FOXM1_representative_N1
118	0	29	157
0	0	0	304
14	0	0	290
0	199	0	105
304	0	0	0
291	0	0	13
304	0	0	0
>dbtfbs__MYBL2_representative_N1
0	0	0	221
0	0	0	221
0	0	0	221
60	0	161	0
221	0	0	0
221	0	0	0
107	38	0	76
>yetfasco__YPR199C_603
98.93543874	0.7171419845	0.3072171557	0.04020212253
16.78012129	25.84111548	10.70042685	46.67833638
20.56658515	24.00304564	0.2443710976	55.18599812
0.04302047073	0.02311674891	0.12008121	99.81378157
46.2709798	0.02338862643	53.66653907	0.03909250228
80.48298588	14.37536944	5.100105632	0.04153904689
85.38282135	0.1354459475	10.45984185	4.021890853
8.997756182	1.312648348	9.09756515	80.59203032
>cisbp__M01087
36.3762687	19.37370246	19.37370246	24.87632638
43.58543598	14.95017578	17.5441938	23.92019443
43.53544824	8.033140189	18.05775999	30.37365158
10.48428788	8.16517161	6.171103949	75.17943656
6.064541331	5.167861228	4.629546495	84.13805095
0.3122435765	53.30490202	7.286536262	39.09631814
75.83808054	0.01424428579	20.05744785	4.090227323
89.91833981	2.313824825	3.154726876	4.613108494
83.09676328	3.857447718	6.359856103	6.685932898
29.37120358	25.53409771	6.619466148	38.47523256
>cisbp__M01321
37.60350482	19.43542165	21.26573856	21.69533498
45.43814785	10.76555853	21.67917264	22.11712098
13.73985468	8.673745553	6.755119829	70.83127994
10.98332813	5.564340664	4.694438446	78.75789276
1.213716211	53.71471041	5.278737193	39.79283619
71.34795325	2.111859118	24.22944569	2.310741938
85.5692638	1.536221994	3.31788042	9.576633789
78.60290139	5.498133179	10.11893694	5.780028495
27.94674572	28.22761518	12.93970848	30.88593062
>cisbp__M01322
34.07721611	13.44529206	24.01380833	28.46368351
41.4312371	5.894590795	17.01397586	35.66019625
5.744807337	5.744807337	3.029193386	85.48119194
6.176665567	3.599441065	4.53025656	85.69363681
2.497977844	60.67195359	0.03066852309	36.79940004
81.4779074	1.768854053	8.502259138	8.250979405
89.59539911	1.470061108	3.206897536	5.727642242
88.32365611	2.537065196	5.160368431	3.978910262
30.36433303	24.61285	7.563005502	37.45981147
>cisbp__M02521
52.27578039	12.20744789	17.67897481	17.83779692
50.40191379	7.006753193	13.20552719	29.38580583
11.69788196	9.062318248	5.321009019	73.91879078
6.03924008	4.24737532	2.19297108	87.52041352
2.066296774	42.27350635	4.412503042	51.24769383
51.24769383	4.412503042	42.27350635	2.066296774
87.52041352	2.19297108	4.24737532	6.03924008
73.91879078	5.321009019	9.062318248	11.69788196
29.38580583	13.20552719	7.006753193	50.40191379
17.83779692	17.67897481	12.20744789	52.27578039
>cisbp__M07296
37.5000375	5.333305333	6.333306333	50.83335083
24	13.5	0	62.5
22.8333	18.3333	7.6667	51.1667
36.3333	26	13.6667	24
83.16661683	2.666697333	13.16668683	0.999999
80.6667	1	3	15.3333
77.6667	0	4	18.3333
0	0.1666998333	0.1666998333	99.66660033
0.1667	0	0	99.8333
0	53	0	47
79.8333	0	20.1667	0
100	0	0	0
100	0	0	0
28.1667	16.3333	1.5	54
23	19.3333	13.5	44.1667
>cisbp__M07297
51.83335183	9.5000095	19.33331933	19.33331933
58.16664183	0.1666998333	9.99999	31.66666833
0	0	0	100
0	0	0	100
0	45.1667	0.3333	54.5
65	0	35	0
100	0	0	0
99.66660033	0	0.1666998333	0.1666998333
23.33332333	3.333303333	0	73.33337333
5.5	4.5	1.6667	88.3333
3.3333	12.5	2.1667	82
12.5	29.8333	25.6667	32
69	7.3333	11.6667	12
80.1667	1	3.3333	15.5
64.6667	3.8333	8.8333	22.6667
>cisbp__M07301
19.6667	6.8333	3.5	70
11.16668883	7.166692833	0.4999995	81.16661883
12.16668783	27.4999725	7.166692833	53.16664683
49.5	20.1667	19.3333	11
89	1.5	6.8333	2.6667
93.6667	2.1667	1.3333	2.8333
79.3333	0	4.6667	16
1.166698833	0	0.6666993333	98.16660183
0	0	0	100
0	47.8333	0	52.1667
68.8333	0	31.1667	0
100	0	0	0
100	0	0	0
29.3333	13.1667	0.5	57
