>hocomoco__GRHL1_HUMAN.H11MO.0.D
331	30	46	93
288	6	71	135
6	477	15	2
7	415	2	76
163	8	92	237
2	23	447	28
4	83	23	390
12	114	21	353
27	177	16	280
37	98	99	266
114	94	119	173
22	396	26	56
>hocomoco__GRHL2_HUMAN.H11MO.0.A
368	14	64	51
387	8	44	58
0	496	1	0
22	355	4	116
112	17	153	215
2	1	494	0
12	126	2	357
7	192	5	293
61	119	71	246
88	28	230	151
174	32	167	124
1	454	14	28
>hocomoco__GRHL2_MOUSE.H11MO.0.A
346	9	96	49
326	2	89	83
0	493	7	0
65	355	2	78
113	9	152	226
0	2	498	0
16	103	0	381
14	176	10	300
32	113	28	327
58	24	186	232
131	29	149	191
0	459	4	37
>homer__AAACYKGTTWDACMRGTTTB_GRHL2
52.8	11.4	24.4	11.4
73.7	3.1	14.9	8.3
73.8	0.9	13	12.3
0.1	91.6	8.2	0.1
20.2	44.6	0.2	35
25.47452547	1.098901099	40.75924076	32.66733267
0.1	0.1	99.7	0.1
18	22.1	1.1	58.8
21.4	25.6	2.1	50.9
29.8	17.1	12.2	40.9
37.03703704	5.005005005	27.12712713	30.83083083
45.25474525	3.196803197	24.77522478	26.77322677
0.1	97.5	0.4	2
32.1	41.7	0.9	25.3
40.85914086	0.5994005994	38.26173826	20.27972028
0.3	16.1	83.1	0.5
15.5	14.3	3	67.2
9.7	16.5	5.5	68.3
12.6	25.1	12.1	50.2
18.3	23.7	21.7	36.3
