>hocomoco__ANDR_HUMAN.H11MO.2.A
70	162	121	147
124	65	59	252
69	195	159	77
23	8	1	468
3	10	485	2
5	6	1	488
27	60	94	319
0	492	3	5
14	203	2	281
86	119	57	238
93	70	135	202
61	109	121	209
>hocomoco__ANDR_MOUSE.H11MO.1.A
254	40	54	152
41	215	162	82
91	116	17	276
36	174	183	107
13	11	2	474
1	1	492	6
4	0	3	493
34	118	86	262
1	487	0	12
26	183	4	287
38	100	106	256
83	80	154	183
>hocomoco__GCR_HUMAN.H11MO.1.A
192	153	55	100
213	70	153	64
247	1	246	6
2	1	497	0
305	22	98	75
494	4	2	0
1	497	2	0
491	0	1	8
61	94	267	78
244	41	89	126
172	122	156	50
143	105	27	225
>hocomoco__PRGR_MOUSE.H11MO.1.A
186	111	144	59
279	1	202	18
9	1	486	4
242	49	153	56
467	11	6	16
5	484	9	2
452	3	5	40
64	97	214	125
>yetfasco__YOL116W_1378
42.49047204	14.94167566	10.46635712	32.10149519
77.00367597	0.7863006272	9.741875813	12.46814759
10.77228111	3.665367562	1.606580357	83.95577097
1.747823778	0.09805606409	98.05606409	0.09805606409
0.09741052718	0.09741052718	2.394651765	97.41052718
3.837418542	93.29509563	0.8803710937	1.987114733
5.879190937	76.65783496	1.18310387	16.27987023
30.35472849	22.00243095	11.86757934	35.77526122
>scertf__fordyce.MSN1
36	12	22	30
16	1	77	6
2	1	93	4
96	2	1	1
1	96	1	2
83	2	4	10
12	10	1	77
32	10	15	42
>kznf__ZNF585A_Imbeault2017_OM_RCADE
19.32310193	6.659390666	1.855900186	72.16160722
0.1091699563	76.52836939	0.1091699563	23.2532907
9.71616	0.10917	0.10917	90.0655
0.1091700087	0.5458520437	99.23580794	0.1091700087
0.1091699672	11.89959643	2.729259181	85.26197442
43.77728249	0.1091699563	0.1091699563	56.0043776
0.1091699563	53.38427865	0.1091699563	46.39738144
0.1091699891	0.1091699891	0.1091699891	99.67249003
0.1091699563	71.72487131	0.1091699563	28.05678878
