>jaspar__MA0041.2
86	22	13	85
120	17	52	22
91	45	45	81
56	17	115	10
99	109	8	171
171	37	1	2
171	8	0	7
171	1	7	2
0	43	0	128
171	4	2	7
171	11	8	11
171	17	20	35
13	171	13	30
125	20	30	47
79	19	40	33
30	44	27	71
>jaspar__MA0847.3
483	1179	667	154
219	906	131	1578
480	19	0	2004
2484	16	137	0
2484	285	292	262
2484	23	1615	4
84	1342	3	1141
2484	81	0	79
2484	23	18	1
2484	0	5	2
0	2484	0	768
2484	24	34	232
>jaspar__MA0851.1
27	26	21	26
34	13	31	22
48	19	16	17
51	13	17	19
35	13	33	20
30	1	68	0
1	2	0	97
91	8	0	0
96	2	0	3
99	0	0	1
0	81	0	18
99	0	0	1
79	7	6	9
57	9	7	27
22	34	26	18
27	27	24	22
24	39	17	19
>jaspar__MA1487.2
769	1235	892	231
86	1646	57	1479
581	43	0	2545
3126	28	402	43
2547	113	116	579
2255	117	871	27
587	1062	17	2064
3126	362	0	20
3126	90	0	53
3126	0	23	9
0	3126	0	85
3126	32	18	110
2026	392	258	450
1711	864	593	1415
>swissregulon__hs__FOXA2
335.487	205.062	128.957	330.494
411.635	179.625	175.701	233.038
412.976	128.602	91.8896	366.532
608.396	79.0021	107.142	205.46
433.474	35.2025	153.143	378.18
87.5522	5.00316	894.586	12.8582
4.45921	38.9515	1.10864	955.481
924.47	68.5598	1.16495	5.80492
920.483	70.0386	1.67375	7.80507
988.335	1.90169	3.15499	6.60804
1.52711	656.726	2.69924	339.047
987.505	1.81019	4.33593	6.34931
719.584	65.1841	50.384	164.848
535.389	99.9972	102.849	261.764
245.215	272.017	301.499	181.269
306.107	209.04	248.687	236.166
223.744	278.668	251.931	245.657
>swissregulon__hs__FOXA3
7.886612022	5.87568306	0.5969945355	8.640710383
0.8797814208	1.005464481	0.6284153005	20.4863388
9.174863388	0	13.82513661	0
0	0	0	23
0	0	0	23
0	0	4.398907104	18.6010929
10.43169399	0	12.56830601	0
0	14.39071038	0	8.609289617
3.896174863	5.153005464	0	13.95081967
3.142076503	5.278688525	0.8797814208	13.69945355
8.106557377	0	2.262295082	12.63114754
1.005464481	7.918032787	8.546448087	5.530054645
3.770491803	8.797814208	1.885245902	8.546448087
>swissregulon__hs__FOXC1
738	61	1592	51
184	165	30	1496
1232	141	7	19
1268	30	6	13
1312	1	25	0
3	628	1	881
1301	2	1	3
1303	0	0	2
1319	25	26	19
42	1337	15	220
1328	30	40	7
>swissregulon__mm__Foxk1
338.172	192.194	207.817	261.817
407.924	117.261	278.236	196.58
595.57	70.4802	119.221	214.729
710.845	38.7481	52.6004	197.807
124.647	116.138	178.053	581.162
201.602	5.51365	792.11	0.773514
24.5895	4.19295	1.33101	969.886
919.465	77.8708	0.760036	1.90434
972.342	10.3949	0.579557	16.6831
991.045	1.49476	3.58474	3.87549
1.35751	885.197	0.98015	112.465
990.318	1.84572	2.9684	4.86749
804.563	63.1468	23.4957	108.795
564.824	87.9756	102.865	244.336
269.947	300.278	285.008	144.767
337.905	220.102	253.694	188.299
153.781	274.135	318.343	253.741
>swissregulon__sacCer__FKH1
198.69	29.51	33.42	64.57
197.18	39.66	31.95	55.92
147.73	28.99	44.74	107.42
78.12	48.24	63.84	142.66
88.13	0.71	236.17	1.28
1.25	20.16	6.58	295.87
315.05	6.19	0.14	0.29
316.04	1.92	1.15	2.61
319.21	0.21	0.44	1.94
0.19	286.39	0.24	41.17
314.43	0.22	9.48	0.77
272.47	7.41	23.78	25.46
184.1	32.92	43.47	71.1
>hocomoco__FOXD3_HUMAN.H11MO.0.D
73	82	139	171
55	101	124	185
63	3	26	373
18	32	406	9
43	24	17	381
17	52	23	373
25	0	44	396
158	93	105	109
27	279	29	130
137	94	19	215
51	104	33	277
188	22	68	187
107	66	199	93
47	169	162	87
166	136	52	111
>hocomoco__FOXJ2_HUMAN.H11MO.0.C
0	1	0	40
13	0	26	2
0	0	1	40
0	0	0	41
0	0	0	41
22	0	19	0
0	8	0	33
5	9	0	27
0	1	10	30
19	4	5	13
>hocomoco__FOXK1_HUMAN.H11MO.0.A
10	4	5	481
38	10	448	4
3	43	10	444
1	5	50	444
10	10	83	397
246	126	31	97
12	328	20	140
152	117	55	176
77	106	75	242
58	114	72	256
>hocomoco__FOXL1_HUMAN.H11MO.0.D
194	198	269	546
170	228	536	273
231	49	160	767
76	29	50	1052
1	1	1	1204
106	1	1091	9
10	0	0	1197
0	0	0	1207
0	0	0	1207
568	0	639	0
0	0	0	1207
0	0	0	1207
0	0	0	1207
1190	0	14	3
1	618	1	587
501	23	26	657
126	18	23	1040
273	21	18	895
233	151	102	721
>hocomoco__FOXM1_HUMAN.H11MO.0.A
28	12	17	443
126	11	358	5
13	15	28	444
0	34	31	435
1	1	36	462
160	27	294	19
37	373	9	81
123	80	19	278
24	145	71	260
180	19	14	287
54	80	223	143
83	171	129	117
>taipale__FOXC1_DBD_ANRTAAAYAAACA
2886	190	622	231
1657	317	248	663
1306	98	1580	205
752	324	35	2886
2886	324	25	7
2886	53	32	57
2886	8	110	7
12	1057	8	1829
2886	38	9	0
2886	53	52	57
2886	82	107	184
498	2886	204	969
2886	156	220	142
>taipale__FOXC2_DBD_RTAAAYAAACA
5819	1413	7070	1727
2704	1991	207	12889
12889	1385	147	127
12889	471	258	272
12889	47	892	78
83	4849	24	8040
12889	184	46	38
12889	218	120	324
12889	195	398	888
1180	12889	609	3364
12889	590	740	777
>taipale__FOXL1_full_WRTAAAYAAACAA
1453	759	768	2358
1598	249	2796	716
789	308	148	4870
3159	578	46	339
3220	220	148	275
3252	10	268	45
19	2118	1	2905
3334	24	10	20
3364	40	50	128
3352	51	167	376
223	3774	225	1499
3399	228	236	238
2536	1043	903	1361
>nitta__fd59A_TCAGTC20NTGA_KG_NWANGTAAACAWW_m1_c2
1205	1895	487	3346
3000	116	58	3932
6932	141	1496	243
3394	842	829	1867
7328	271	6932	171
963	752	55	6932
6932	475	12	31
6932	160	0	107
6932	19	39	28
66	6932	39	1489
6932	50	161	341
4177	1009	767	2755
2980	902	781	3953
>taipale_cyt_meth__FOXC2_NWANRTAAACAN_eDBD
684	837	815	902
1648	938	270	1591
3239	1120	1365	512
957	1253	466	563
1533	18	1706	0
350	2348	0	3239
3239	1499	9	2
3239	326	15	63
3239	0	145	0
0	3239	0	268
3239	0	27	0
1460	849	325	605
>taipale_cyt_meth__FOXC2_NYAAAYAAACAN_eDBD_meth
528	263	605	126
378	588	23	934
1522	755	171	49
1522	768	167	215
1522	72	392	10
1	903	0	619
1522	218	26	65
1522	197	35	61
1522	86	295	244
2	1522	45	282
1522	144	336	234
403	383	254	482
>taipale_cyt_meth__FOXC2_NYAAAYAAACAN_eDBD_repr
1063	184	1115	108
812	1046	54	1425
2470	710	162	0
2470	739	162	144
2470	36	271	0
0	1623	0	847
2470	79	9	14
2470	137	32	92
2470	99	239	120
76	2470	17	191
2470	125	284	129
702	922	301	545
>taipale_cyt_meth__FOXE1_NMYTAAAYAAACAWN_eDBD_meth
363	1777	622	412
1336	1838	1147	152
63	1761	41	1413
425	3	0	3174
3174	0	155	0
3174	283	119	508
3174	67	1046	13
116	1572	5	1602
3174	400	0	0
3174	68	0	43
3174	13	0	0
0	3174	0	17
3174	1	32	11
2514	558	175	660
854	932	304	1083
>taipale_cyt_meth__FOXE1_NSYTAAAYAAACAWN_eDBD_repr
54	289	165	155
288	381	283	0
37	298	38	366
191	0	0	664
664	15	30	0
664	57	58	194
664	0	228	0
0	324	0	340
664	10	0	0
664	8	0	0
664	0	0	0
0	664	0	0
664	0	3	0
521	84	123	142
148	180	100	235
>dbtfbs__HMG20B_HepG2_ENCSR925QAW_merged_N1
107	28	0	176
135	35	121	20
135	7	76	93
54	0	248	9
0	158	0	153
269	42	0	0
293	18	0	0
311	0	0	0
0	223	0	88
308	0	3	0
>dbtfbs__IKZF5_HepG2_ENCSR210HBN_merged_N1
2	0	0	106
26	0	82	0
0	0	0	108
0	0	7	101
0	0	18	90
64	5	33	6
5	77	0	26
45	12	1	50
8	27	34	39
44	0	9	55
>dbtfbs__SKI_HepG2_ENCSR754MUD_merged_N1
0	0	0	175
73	0	102	0
0	0	0	175
0	0	0	175
0	0	39	136
106	0	67	2
1	120	0	54
59	13	0	103
0	46	40	89
79	0	12	84
>homer__TGTTTAYTTAGC_FoxD3
7.3	0.1	1.8	90.8
5.5	0.9	89.5	4.1
0.1	0.1	0.8	99
0.1	0.1	0.1	99.7
0.9	0.9	21.9	76.3
54.9	11	16.4	17.7
2.8	43.2	3.7	50.3
19	6.8	8.3	65.9
5.6	14.1	6.5	73.8
62.8	0.1	5.5	31.6
19.7	4.6	68.3	7.4
12.3	60.2	17.1	10.4
>homer__WWATRTAAACAN_Foxf1
28.62862863	19.71971972	13.71371371	37.93793794
29.5	17.1	13.8	39.6
46.6	13.9	23.8	15.7
14.2	14.4	19.8	51.6
55.2	0.1	44.6	0.1
0.1	0.1	0.1	99.7
99.7	0.1	0.1	0.1
99.7	0.1	0.1	0.1
99.7	0.1	0.1	0.1
0.1	93.8	0.1	6
98.4	1.4	0.1	0.1
32.7	23.6	20.8	22.9
>cisbp__M00164
36.62825361	16.62354226	16.45813525	30.29006888
34.51392882	17.13910983	19.51850474	28.82845662
26.78355981	18.1339933	19.64432042	35.43812647
34.68211237	10.87236296	41.93933043	12.50619424
14.69692155	10.05065748	3.182407715	72.07001326
70.00159432	25.49590926	0.07197172244	4.430524695
90.61917748	5.347696263	0.03163996836	4.001486284
93.44002019	0.07709782078	2.356835279	4.126046711
3.304843361	60.06270363	3.338057589	33.29439542
85.31012492	4.788863632	4.555307997	5.345703455
>cisbp__M09084
32.05804749	13.06068602	8.311345646	46.56992084
73.87862797	23.74670185	2.374670185	0
66.49076517	0	21.63588391	11.87335092
80.73878628	0	19.26121372	0
0	45.11873351	0	54.88126649
100	0	0	0
100	0	0	0
97.62532982	2.374670185	0	0
4.749340369	64.37994723	0	30.8707124
97.62532982	0	2.374670185	0
