>jaspar__MA1165.2
2662	2443	1581	3909
2870	2659	1573	3493
4865	1624	1608	2498
5692	1493	1372	2038
10221	76	107	191
19	32	10366	178
10410	52	58	75
435	16	17	10127
332	71	105	10087
50	10484	21	40
1638	1723	865	6369
2496	1775	3352	2972
3235	2118	1768	3474
3441	1763	1741	3650
>jaspar__MA1168.1
257	84	115	142
315	33	103	147
206	62	174	156
262	97	239	0
0	0	597	1
586	10	0	2
596	0	0	2
0	0	0	598
288	310	0	0
13	0	0	585
85	20	55	438
108	241	33	216
110	131	102	255
146	96	131	225
>jaspar__MA1385.1
139	129	27	305
162	121	54	263
250	72	67	211
250	66	114	170
383	35	8	174
461	0	2	137
148	151	35	266
599	0	0	1
0	0	0	600
1	0	0	599
0	600	0	0
0	194	9	397
134	152	29	285
76	83	20	421
130	87	78	305
>jaspar__MA1386.2
652	436	311	849
666	534	321	727
777	381	490	600
1482	236	174	356
2197	12	8	31
2	4	2170	72
2206	11	9	22
79	2	1	2166
68	18	32	2130
5	2237	4	2
247	386	167	1448
680	378	474	716
684	415	339	810
>cisbp__M07080
37.08053708	21.47652148	20.13422013	21.30872131
51.0067	18.7919	17.4497	12.7517
32.047	5.3691	48.8255	13.7584
79.0268	7.047	2.349	11.5772
98.3221	0	0	1.6779
0	0	46.6443	53.3557
100	0	0	0
0	0	0	100
0.5033994966	0	2.684597315	96.81200319
0	100	0	0
0	44.6309	17.953	37.4161
23.9933	21.1409	10.5705	44.2953
23.9933	15.9396	4.5302	55.5369
20.8054	17.7852	12.7517	48.6577
>cisbp__M07086
36.745	19.1275	25.6711	18.4564
52.349	10.0671	24.1611	13.4228
24.6644	3.5235	61.5772	10.2349
76.5101	8.7248	2.1812	12.5839
97.9866	0	0	2.0134
0	0	32.8859	67.1141
100	0	0	0
0	0	0	100
0	0	1.6779	98.3221
0	100	0	0
0	43.2886	27.6846	29.0268
30.36913037	20.13422013	11.40941141	38.08723809
34.73153473	17.78521779	4.865804866	42.61744262
21.30872131	13.08721309	17.28191728	48.32214832
>cisbp__M07134
32.66333266	24.79062479	17.42041742	25.12562513
40.871	16.2479	30.1508	12.7303
26.8006732	3.852596147	58.96144104	10.38528961
82.9146	2.0101	1.1725	13.9028
95.1424	0	0	4.8576
0	0	33.1658	66.8342
100	0	0	0
0	0	0	100
1.1725	0	7.3702	91.4573
0	100	0	0
0	42.8811	13.7353	43.3836
23.9531	21.4405	7.7052	46.9012
23.45062345	17.75541776	5.36010536	53.43385343
16.9179	18.4255	12.7303	51.9263
