>jaspar__MA0102.4
24010	14823	15847	24323
17688	12801	20062	28452
54374	7284	12772	4573
869	826	722	76586
1002	282	2365	75354
9252	936	57887	10928
1148	75124	678	2053
62409	3535	6751	6308
6095	61538	1583	9787
71916	5655	340	1092
75177	1034	1381	1411
4506	16193	7312	50992
28052	17396	12932	20623
21658	17147	16045	24153
>jaspar__MA0466.3
2068	2157	5156	6654
8993	738	2817	7
1	2	0	11810
0	0	79	11810
1855	1	9955	182
0	11810	2	110
101	8	11810	0
185	10010	3	1800
11810	81	0	0
11810	1	0	0
2	2844	737	8966
6602	5208	2183	2062
>jaspar__MA0836.2
5117	3598	5549	7188
9693	3597	5735	2427
210	297	200	20745
199	81	233	20939
1867	299	17309	1977
263	20683	214	292
15974	1022	2625	1831
1341	17458	377	2276
20540	652	75	185
20374	315	404	359
2102	6342	3134	9874
7277	5121	3583	5471
5596	5175	4379	6302
>jaspar__MA0837.2
1826	1763	5490	6235
9127	664	2597	34
0	7	2	11725
0	1	153	11725
1632	2	10092	242
2	11725	9	315
317	17	11725	7
267	10114	4	1610
11725	150	0	0
11725	1	4	0
26	2578	675	9147
6282	5442	1737	1808
>jaspar__MA0838.1
12768	2441	5249	284
183	99	213	20742
46	18	904	20742
8599	2	12143	292
114	20742	30	449
1390	184	20742	381
534	20742	44	1129
20742	0	45	16
20742	0	23	46
159	8886	347	11855
>swissregulon__hs__CEBPA
117.2060832	79.99968963	92.71880819	39.94040968
23.77405338	25.55710739	25.79484792	254.738982
24.48727498	8.558659218	96.52265673	200.2963998
102.6444755	19.91076971	128.6770639	78.63268156
68.17209808	32.39214773	79.10816263	150.1925822
0.9509621353	21.75325885	303.8324022	3.328367474
76.13640596	194.1151459	1.901924271	57.71151459
318.3642924	8.826117318	0.1485878336	2.525993172
322.4950341	1.069832402	4.160459342	2.139664804
31.5303383	65.40836437	54.17512415	178.7511639
>swissregulon__hs__CEBPD
3674	1257	1910	222
0	0	2	7063
1	1	753	7063
3395	5	3668	702
88	7063	34	613
814	84	7063	74
832	7063	3	724
7063	139	0	5
7063	0	0	0
54	3001	220	4062
>swissregulon__hs__CEBPE
1785	904	1079	206
28	50	15	3974
21	9	544	3974
1819	7	2155	478
119	3974	75	574
764	174	3974	141
626	3974	13	459
3974	200	0	4
3974	0	0	4
55	1850	208	2124
>swissregulon__hs__CEBPG
13.40425532	3.957446809	3.319148936	1.659574468
0	0	0	22.34042553
0	1.021276596	5.872340426	15.44680851
4.5	0.1595744681	8.712765957	8.968085106
2.808510638	3.574468085	4.978723404	10.9787234
0	3.574468085	18.76595745	0
2.680851064	15	0	4.659574468
22.34042553	0	0	0
22.34042553	0	0	0
0	3.70212766	0.6382978723	18
2.744680851	11.4893617	5.29787234	2.808510638
2.074468085	1.946808511	4.882978723	13.43617021
2.170212766	5.361702128	8.170212766	6.638297872
>swissregulon__mm__Cebpa
3	0	0	15
1	1	4	12
4	1	6	7
2	9	2	5
4	2	10	2
2	15	0	1
18	0	0	0
18	0	0	0
0	6	2	10
>swissregulon__mm__Cebpb
505.4583312	207.5093476	553.0507895	49.92950343
9.819745252	10.88834857	1.924743348	1293.315135
11.97485299	2.479838424	485.2814003	816.2118801
418.2659634	18.82823883	610.434648	268.4191216
182.9431971	303.4928074	186.7910067	642.7209606
5.533637126	11.93423026	1294.077325	4.402779108
159.0991741	1043.189281	12.87743294	100.7820842
1295.036388	16.46181016	0	4.449773932
1306.057084	5.02385976	4.867027959	0
72.58169561	356.9837137	215.9086213	670.4739413
>swissregulon__mm__Cebpd
30.1	10.88344828	25.35517241	11.12068966
35.40827586	12.75172414	24.67310345	4.626206897
0	0	3.795862069	73.66344828
3.32137931	0.9489655172	24.91034483	48.27862069
28.02413793	2.876551724	30.15931034	16.39931034
9.726896552	24.31724138	17.43724138	25.97793103
4.41862069	6.079310345	65.74551724	1.215862069
18.89034483	46.17310345	1.097241379	11.29862069
76.09517241	0.2965517241	1.067586207	0
74.61241379	0	2.846896552	0
10.52758621	5.545517241	14.67931034	46.70689655
>flyfactorsurvey__slbo_SANGER_5_FBgn0005638
10	7	4	1
0	0	0	22
0	0	1	21
7	0	15	0
2	19	1	0
2	0	20	0
8	2	1	11
15	7	0	0
22	0	0	0
1	7	1	13
5	9	0	7
>hocomoco__CEBPA_HUMAN.H11MO.0.A
63	111	166	160
256	88	149	7
1	4	0	495
2	1	5	492
36	0	386	78
2	498	0	0
295	58	59	88
107	310	4	79
358	140	1	1
491	3	2	4
3	233	91	173
136	183	66	115
>hocomoco__CEBPA_MOUSE.H11MO.0.A
250	95	149	5
1	2	0	496
0	0	8	491
33	0	385	81
1	496	0	2
270	72	76	81
124	275	1	99
345	149	1	4
492	2	3	2
7	223	111	158
163	171	60	105
>hocomoco__CEBPB_HUMAN.H11MO.0.A
52	83	151	168
276	67	111	0
0	0	0	454
0	0	0	454
9	0	408	37
0	454	0	0
223	37	118	76
83	233	1	137
318	136	0	0
452	1	1	0
12	176	60	206
141	160	45	108
>hocomoco__CEBPB_MOUSE.H11MO.0.A
260	85	150	5
1	0	1	498
0	0	5	495
19	1	414	66
1	498	1	0
253	45	130	72
94	271	5	130
359	139	1	1
495	1	1	3
6	217	68	209
150	192	55	103
>hocomoco__CEBPD_HUMAN.H11MO.0.C
227	116	134	23
2	65	10	423
4	14	9	473
21	14	406	59
8	480	6	6
229	61	139	71
61	290	14	135
295	191	3	11
414	32	23	31
12	241	89	158
104	244	36	116
>hocomoco__CEBPD_MOUSE.H11MO.0.B
30	11	25	11
34	13	25	5
0	0	4	73
3	1	25	48
28	3	30	16
10	24	17	26
4	6	66	1
19	46	1	11
76	0	1	0
74	0	3	0
11	6	15	45
>hocomoco__DBP_HUMAN.H11MO.0.B
8	6	10	1
2	0	1	22
2	2	2	19
16	2	4	3
1	3	2	19
2	1	21	1
0	11	0	14
23	1	0	1
24	0	0	1
3	8	6	8
10	6	5	4
>hocomoco__HLF_MOUSE.H11MO.0.C
98	36	103	152
78	82	211	18
2	14	3	370
0	2	12	375
162	6	218	3
7	330	3	49
357	11	9	12
4	148	16	221
332	46	10	1
382	1	6	0
21	195	100	73
>taipale__CEBPB_DBD_NTTRCGCAAY
10585	5007	6282	859
33	34	8	22732
17	14	2276	22732
10930	34	11803	2237
393	22732	221	2217
3521	555	22732	486
2527	22732	3	2135
22732	636	9	0
22732	9	0	9
155	10617	940	12116
>taipale__CEBPB_full_NTTRCGCAAY
1736	543	843	87
0	1	0	3209
14	0	309	3209
1565	0	1644	190
129	3209	16	352
393	33	3209	60
492	3209	4	397
3209	31	0	0
3209	0	4	0
12	1203	102	2006
>taipale__CEBPG_full_NTTRCGCAAY
9338	2135	4546	300
59	47	0	16319
48	8	973	16319
7112	5	9207	474
222	16319	145	771
784	313	16319	191
533	16319	0	910
16319	153	5	15
16319	0	13	9
54	6486	301	9833
>taipale__Cebpb_DBD_NTTRCGCAAY_repr
4826	1613	2490	208
6	30	15	9138
15	18	642	9138
4352	12	4786	629
193	9138	52	910
1016	88	9138	125
1271	9138	10	801
9138	82	13	0
9138	11	12	16
36	3180	321	5958
>nitta__slbo_TGGTAG20NGA_KH_NRTTGCGCAAYN_m1_c2
1843	2590	2957	3802
6723	1363	4469	245
11	6	0	11191
2	16	210	11191
6340	8	11191	1332
150	11191	101	1229
1285	111	11191	111
1333	11191	7	6240
11191	215	10	0
11191	6	8	0
278	4454	1335	6737
3846	2850	2610	1885
>nitta__slbo_TTAACC40NCTA_KK_NRTTGCGCAAYN_m1_c2
964	1476	2114	2339
4359	700	2534	85
44	21	29	6893
20	0	112	6893
2998	7	6893	544
60	6893	8	556
508	26	6893	58
522	6893	21	3089
6893	59	0	18
6893	17	7	35
75	2594	744	4299
2398	2058	1380	1058
>taipale_cyt_meth__CEBPB_NRTTGCGYAAYN_eDBD
2265	3555	3790	3627
6064	2290	7173	508
0	0	7	13237
0	0	341	13237
1052	0	13237	1563
122	13237	0	3240
3000	0	13237	100
1123	5855	0	7382
13237	2383	0	0
13237	0	0	0
717	6495	3629	6741
3320	3100	4440	2377
>taipale_cyt_meth__CEBPB_NRTTGCGYAAYN_eDBD_meth
2446	3215	3007	4048
7002	2088	5714	53
0	0	0	12717
0	0	0	12717
1183	0	12717	1367
0	12717	0	652
982	0	12717	0
1204	5620	0	7097
12717	1226	0	0
12717	0	0	0
336	5623	2453	7093
3599	2824	3520	2774
>taipale_cyt_meth__CEBPD_NRTTGCGYAAYN_eDBD
1572	2380	2517	2312
4218	1241	4563	495
59	0	43	8781
0	0	257	8781
524	10	8781	1022
100	8781	0	1621
2024	0	8781	155
826	4772	0	4009
8781	2737	0	0
8781	11	0	0
753	4344	1622	4437
2096	2529	2570	1586
>taipale_cyt_meth__CEBPD_NRTTGCGYAAYN_eDBD_meth
872	932	942	1308
2283	517	1772	310
0	0	9	4055
0	0	76	4055
312	0	4055	547
0	4055	0	428
565	0	4055	0
452	2137	0	1918
4055	662	0	0
4055	0	0	13
333	1728	662	2327
1197	969	1067	823
>taipale_cyt_meth__CEBPE_NRTTGCGYAAYN_eDBD
3038	5978	5957	6412
10672	1919	10714	741
0	0	4	21386
0	0	358	21386
731	0	21386	1112
72	21386	0	2949
3220	0	21386	0
1067	11697	0	9689
21386	2504	0	0
21386	0	0	0
928	10505	2698	10881
5540	5417	7121	3309
>taipale_cyt_meth__CEBPE_NRTTGCGYAAYN_eDBD_meth_repr
1221	1988	1766	2518
4233	706	3261	175
0	0	0	7494
0	0	0	7494
765	0	7494	409
0	7494	0	344
394	0	7494	0
299	3242	0	4252
7494	886	0	0
7494	24	0	1
197	3255	913	4239
2260	1876	2034	1324
>taipale_cyt_meth__CEBPG_NRTTGCGYAAYN_FL
554	1509	882	833
1500	794	2278	545
150	153	152	3778
45	41	730	3778
497	0	3778	322
72	3778	143	969
1012	116	3778	146
219	1548	8	2230
3778	1875	317	354
3778	209	323	156
425	2162	1023	1616
796	921	1460	601
>taipale_cyt_meth__CEBPG_NRTTGCGYAAYN_FL_meth
581	1265	980	955
1585	974	2195	391
145	64	33	3781
21	24	840	3781
554	0	3781	530
230	3781	344	841
968	333	3781	184
363	1488	0	2292
3781	2368	120	184
3781	50	148	197
606	2174	1268	1607
832	893	1520	536
>taipale_cyt_meth__CEBPG_NRTTGCGYAAYN_eDBD
1008	1866	1795	1758
2812	1397	3616	540
38	0	14	6428
0	0	538	6428
780	0	6428	634
236	6428	309	1331
1520	373	6428	302
408	2678	0	3750
6428	2603	0	70
6428	22	0	103
695	3483	2097	2945
1494	1516	2324	1094
>taipale_cyt_meth__CEBPG_NRTTGCGYAAYN_eDBD_meth
3887	4913	4467	6548
10935	2988	8881	914
0	0	0	19816
0	0	343	19816
2620	0	19816	1970
164	19816	200	1814
2867	399	19816	513
1356	7820	0	11996
19816	3605	0	0
19816	0	0	0
1499	8931	3824	10884
6108	4344	5306	4058
>dbtfbs__CEBPA_HepG2_ENCSR142IGM_merged_N1
278	66	140	6
0	0	0	490
0	0	0	490
47	0	356	87
0	490	0	0
296	45	77	72
97	291	3	99
379	111	0	0
489	0	0	1
9	234	50	197
>dbtfbs__CEBPB_representative_N1
214	72	201	13
0	0	0	500
0	0	151	349
188	0	225	87
27	285	7	181
3	2	495	0
25	475	0	0
500	0	0	0
500	0	0	0
3	174	59	264
>dbtfbs__CEBPG_representative_N1
260	43	194	3
0	0	0	500
0	0	133	367
206	1	252	41
44	250	10	196
3	0	497	0
11	487	0	2
500	0	0	0
500	0	0	0
5	148	42	305
>dbtfbs__GATAD2A_HepG2_ENCSR925BFV_merged_N1
0	0	0	341
0	0	0	341
45	0	202	94
0	341	0	0
187	57	31	66
72	140	13	116
227	114	0	0
341	0	0	0
0	134	64	143
>dbtfbs__HES2_representative_N1
318	63	107	6
0	0	0	494
0	0	2	492
50	0	307	137
0	494	0	0
300	44	41	109
87	230	1	176
381	113	0	0
494	0	0	0
5	179	48	262
>dbtfbs__mm_CEBPB_representative_N1
225	80	184	9
0	0	0	498
0	0	134	364
143	0	272	83
57	188	19	234
0	0	498	0
26	458	0	14
498	0	0	0
497	0	1	0
5	146	68	279
>transfac_public__M00109
9	1	8	3
5	3	7	6
9	3	8	1
1	0	0	20
1	0	7	13
7	0	8	6
5	2	5	9
0	0	21	0
8	9	0	4
20	1	0	0
21	0	0	0
3	1	6	11
5	6	7	3
3	3	6	9
>transfac_public__M00116
16	10	7	10
9	10	11	13
23	5	8	7
0	0	0	43
0	0	1	42
14	2	25	2
4	28	8	3
13	11	8	11
15	13	2	13
29	9	2	3
30	6	5	2
11	11	9	12
10	17	7	9
16	8	7	12
>transfac_public__M00117
6	2	4	5
2	2	6	7
6	4	5	2
0	0	1	16
0	0	0	17
3	0	13	1
1	14	2	0
6	2	6	3
4	8	0	5
12	4	1	0
15	1	0	1
2	7	2	6
3	4	2	8
4	5	5	3
>transfac_public__M00190
24	10	13	15
14	17	15	16
31	9	13	9
0	4	0	58
0	0	0	62
8	0	49	5
5	39	10	8
22	4	22	14
15	13	7	27
36	13	5	8
43	3	12	4
15	10	15	22
16	8	17	21
21	15	12	14
>transfac_public__M00201
2.57	1.73	3.05	1.87
0.9	0.76	6.74	0.82
3.2	0.79	0.9	4.33
3.96	2.75	2.51	0
0	0	0	9.22
0	0	4.03	5.19
3.29	1.67	0.85	3.41
0	2.2	3.53	3.49
0	0.91	8.31	0
0.9	4.78	0	3.54
9.22	0	0	0
9.22	0	0	0
0	0.85	4.03	4.33
2.49	1.75	4.08	0.9
0	1.73	0.9	0.82
6.63	1.69	0.9	0
0	5.8	0	3.42
4.72	0.9	1.82	1.78
>homer__RTTATGYAAB_HLF
35.2	14.7	45.1	5
2	3.1	1.1	93.8
2.9	2.2	14.8	80.1
71.6	2.4	22.8	3.2
2.4	14.2	5.1	78.3
24.7	3.1	68	4.2
5.3	41.6	2.7	50.4
88.6	7.4	2.4	1.6
93.2	1.5	3.4	1.9
4.195804196	39.56043956	26.97302697	29.27072927
>cisbp__M00592
36.92325192	25.25038709	29.33676437	8.489596615
6.543625316	4.299468204	1.931875595	87.22503088
3.189857737	7.388881122	36.96517743	52.45608371
42.46835801	3.451328681	46.00542302	8.074890282
2.584523067	65.33585654	8.754264829	23.32535556
4.915861577	2.165101048	91.14640256	1.772634812
0.001965220946	60.81578633	0.01466706757	39.16758138
88.40189138	3.639671264	7.403059535	0.5553778233
94.27686692	4.836715363	0.4387769186	0.4476408003
3.128271101	27.67364421	13.47020875	55.72787594
>cisbp__M00604
32.74260822	22.41913059	22.41913059	22.41913059
32.74260822	22.41913059	22.41913059	22.41913059
28.97124789	20.23509149	20.23509149	30.55856912
9.402445588	9.402445588	9.402445588	71.79266324
2.438106627	11.63412823	2.438106627	83.48965852
71.27529571	2.438106627	23.84849104	2.438106627
2.438106627	43.39753218	2.438106627	51.72625457
17.08968219	0.01330034711	72.56023948	10.33677797
73.57010735	11.79019135	2.594169754	12.04553154
74.28531274	2.594169754	11.79019135	11.33032615
68.12912639	13.97423045	4.778208854	13.1184343
15.61085476	15.61085476	24.80687636	43.97141412
32.27441884	22.57519372	22.57519372	22.57519372
22.57519372	22.57519372	22.57519372	32.27441884
32.27441884	22.57519372	22.57519372	22.57519372
>cisbp__M00761
35.05356717	19.626435	30.78037717	14.53962066
10.00106403	9.803029692	9.901551778	70.2943545
10.14659718	6.600453747	36.86042181	46.39252726
34.69592823	6.466418098	29.27173393	29.56591974
12.70638365	41.35132714	12.086686	33.85560321
11.3993039	6.193821679	73.9620624	8.444812029
19.38294274	48.1534814	0.1853319829	32.27824387
88.41128355	7.629326748	3.567979981	0.391409718
88.57184561	2.083010156	3.332804154	6.012340084
10.75080747	28.93294366	21.64946765	38.66678122
>cisbp__M00989
28.51440199	23.82853267	23.82853267	23.82853267
0.001187567496	0.001187567496	0.001187567496	99.9964373
0.001187567496	0.001187567496	10.9248701	89.07275477
39.0751299	0.001187567496	38.09390085	22.82978168
0.001187567496	99.9964373	0.001187567496	0.001187567496
3.330357542	0.001187567496	96.66726732	0.001187567496
10.41923676	78.91503164	0.001187567496	10.66454403
99.9964373	0.001187567496	0.001187567496	0.001187567496
96.48203531	1.172654897	1.172654897	1.172654897
>cisbp__M00990
0.001016656752	0.001016656752	0.001016656752	99.99695003
0.001016656752	0.001016656752	14.05839114	85.93957555
48.93096575	0.001016656752	36.50904678	14.55897082
0.001016656752	96.34888992	0.001016656752	3.649076766
6.940559572	0.001016656752	93.05740711	0.001016656752
9.515459143	75.08111091	0.001016656752	15.40241329
96.0883142	3.909652489	0.001016656752	0.001016656752
99.99695003	0.001016656752	0.001016656752	0.001016656752
>cisbp__M00993
27.21736928	24.26087691	24.26087691	24.26087691
0.0003534915802	0.0003534915802	0.0003534915802	99.99893953
0.0003534915802	0.0003534915802	6.886119602	93.11317341
30.05405218	0.0003534915802	51.29311193	18.6524824
0.0003534915802	99.99893953	0.0003534915802	0.0003534915802
2.859090876	0.0003534915802	97.14020214	0.0003534915802
6.318663807	82.49841208	0.0003534915802	11.18257062
99.99893953	0.0003534915802	0.0003534915802	0.0003534915802
97.78157024	0.7394765852	0.7394765852	0.7394765852
>cisbp__M00994
0.0006524460466	0.0006524460466	0.0006524460466	99.99804266
0.0006524460466	0.0006524460466	11.46719588	88.53149922
33.11308144	0.0006524460466	37.81631705	29.06994906
0.0006524460466	91.29843199	0.0006524460466	8.700263119
0.0006524460466	0.0006524460466	99.99804266	0.0006524460466
3.433189316	74.16050151	0.0006524460466	22.40565673
99.99804266	0.0006524460466	0.0006524460466	0.0006524460466
99.99804266	0.0006524460466	0.0006524460466	0.0006524460466
>cisbp__M00996
31.53426391	22.82191203	22.82191203	22.82191203
4.411648113	4.411648113	4.411648113	86.76505566
2.877459453	2.877459453	9.855225435	84.38985566
48.31342575	0.00126636597	43.11623847	8.569069418
0.00126636597	99.9962009	0.00126636597	0.00126636597
0.00126636597	0.00126636597	99.9962009	0.00126636597
5.658381724	82.57149715	0.00126636597	11.76885476
99.9962009	0.00126636597	0.00126636597	0.00126636597
93.46193699	2.179354335	2.179354335	2.179354335
20.58961825	20.58961825	20.58961825	38.23114524
33.62857926	22.12380691	22.12380691	22.12380691
>cisbp__M00997
28.43808608	23.85397131	23.85397131	23.85397131
0.0009029577149	0.0009029577149	0.0009029577149	99.99729113
0.0009029577149	0.0009029577149	22.82343676	77.17475733
53.73278871	0.0009029577149	29.29407964	16.97222869
0.0009029577149	83.69144932	0.0009029577149	16.30674477
0.0009029577149	0.0009029577149	99.99729113	0.0009029577149
0.0009029577149	79.47275653	0.0009029577149	20.52543756
99.99729113	0.0009029577149	0.0009029577149	0.0009029577149
96.55920505	1.14693165	1.14693165	1.14693165
>cisbp__M00998
28.65955535	23.78014822	23.78014822	23.78014822
0.0003777654839	0.0003777654839	0.0003777654839	99.9988667
0.0003777654839	0.0003777654839	9.922595953	90.07664852
34.06317056	0.0003777654839	44.03690252	21.89954915
0.0003777654839	99.9988667	0.0003777654839	0.0003777654839
3.14770338	0.0003777654839	96.85154109	0.0003777654839
8.649845609	79.40941926	0.0003777654839	11.94035737
99.9988667	0.0003777654839	0.0003777654839	0.0003777654839
96.33931135	1.220229549	1.220229549	1.220229549
>cisbp__M00999
39.35483134	18.22180122	32.2210107	10.20235674
5.811745264	6.295788485	4.80607583	83.08639042
5.76408486	3.392768995	32.18969596	58.65345018
39.89927368	3.729813083	30.15522235	26.21569089
12.38270629	47.76536735	12.01674201	27.83518435
9.928165591	6.721932765	76.3536416	6.996260045
15.08469461	55.90649861	0.1134583612	28.89534842
99.76958044	0.09855537882	0.09374877628	0.03811540808
96.21734812	0.2482322886	1.547451952	1.986967637
8.039330197	26.95977043	22.2946284	42.70627097
>cisbp__M01818
40.86386536	18.73224153	29.37800265	11.02589046
4.526718949	6.1718423	4.526718949	84.7747198
3.720756455	2.469280952	29.48633676	64.32362584
31.99501823	2.498224328	41.08241661	24.42434084
9.507065811	52.56420062	12.08584933	25.84288423
11.07892336	4.549623615	75.56887613	8.802576893
13.65927973	58.23107368	0.04756867253	28.06207791
99.95075845	0.002981519083	0.01681771726	0.02944231513
99.88448456	0.01894935027	0.01972268792	0.07684340456
6.203903518	29.81998163	20.80469523	43.17141962
>cisbp__M02633
40.53689182	16.31708093	32.5316177	10.61440954
8.965685613	6.255146599	6.255146599	78.52402119
6.417083396	5.149830054	20.47006786	67.96301869
34.04439208	3.517200367	41.58191439	20.85649316
14.92921199	33.22557231	15.8523829	35.9928328
2.856744417	1.631798304	91.8064595	3.704997784
24.65316266	34.63640147	0.06424221022	40.64619366
92.75215244	6.68543252	0.4538134398	0.1086016052
91.97149932	3.008611689	1.117929976	3.901959019
11.4099904	27.78480595	20.17591009	40.62929356
>cisbp__M02634
6.627535377	9.788742462	4.442569819	79.14115234
5.037166212	3.694494226	31.71670977	59.55162979
39.16532421	3.088828118	29.30598522	28.43986246
6.380942381	68.25944376	6.380942381	18.97867148
7.183762698	4.912698082	82.41960208	5.483937136
14.72453461	59.71093223	0.5485455949	25.01598757
89.24909093	10.29266222	0.1655356393	0.2927112168
98.96021705	0.094866743	0.5404884141	0.404427789
1.636777044	28.01469212	12.21578651	58.13274433
33.51718737	27.99590818	18.95482209	19.53208236
>cisbp__M02635
9.462490004	21.91859936	7.223470835	61.3954398
10.68379153	5.922317148	20.67091795	62.72297338
36.60281979	4.61875543	32.46378892	26.31463586
8.728362195	63.85262831	5.734942623	21.68406688
11.12037122	5.359006864	78.16161505	5.359006864
16.87078379	51.7064926	0.06115053652	31.36157307
86.13135441	13.27487974	0.3737655719	0.2200002731
92.09658004	0.02529465453	7.635724376	0.2424009297
2.047954953	34.35823442	10.24553203	53.34827859
31.99358724	27.26313665	18.64420705	22.09906906
>cisbp__M02636
38.20560584	20.34799243	30.05359401	11.39280772
7.304933556	7.60305355	6.162915429	78.92909747
6.026133902	4.554454027	38.71029792	50.70911415
39.34084827	3.751903742	29.7331735	27.1740745
11.79927691	46.43429257	12.15861838	29.60781214
7.963189577	6.140029952	77.85355951	8.043220963
16.50124095	56.45453291	0.1089828867	26.93524325
91.9969728	5.999977221	0.8622204255	1.14082955
97.27684999	0.008893461265	1.458722478	1.255534072
6.055891168	27.96717622	18.93536892	47.04156369
>cisbp__M02729
48.6935867	15.99366587	30.87885986	4.433887569
0	0.3241491086	0	99.67585089
0.2493765586	0.6234413965	22.44389027	76.68329177
38.87484197	0.2528445006	39.25410872	21.6182048
7.82778865	60.17612524	4.207436399	27.78864971
25.21823472	6.983511154	59.65082444	8.14742968
18.00618238	47.52704791	0.6955177743	33.77125193
92.62048193	7.078313253	0.3012048193	0
99.03381643	0.1610305958	0.8051529791	0
3.471634208	30.82133785	13.63251482	52.07451312
>cisbp__M04009
18.03756477	26.74870466	34.52072539	20.69300518
37.23254174	21.53773807	35.37502939	5.854690806
3.381924198	3.979591837	2.609329446	90.02915452
2.506567426	2.769264448	27.1234676	67.60070053
44.92425315	1.996318845	42.5173439	10.5620841
6.687467499	64.23296932	9.464378575	19.61518461
20.04187855	11.09781633	61.5814139	7.278891215
15.47298949	75.48276705	3.116597409	5.927646052
79.84486102	17.4531351	1.693600517	1.008403361
93.57575758	1.848484848	2.303030303	2.272727273
4.573934837	38.28320802	18.03258145	39.11027569
23.41700405	34.72064777	23.53036437	18.33198381
>cisbp__M04028
17.43177157	28.71904086	33.13351212	20.71567545
39.19498994	19.48136781	39.67712502	1.646517222
0.3023037632	0.307515897	0.2710309601	99.11914938
0.2403052805	0.1588283828	21.14789604	78.4529703
51.51644382	0.1216667085	43.89659584	4.465293631
3.214516642	78.07211109	7.277821683	11.43555058
10.17748256	7.690212267	79.69742053	2.434884647
5.099297137	89.70706165	0.1639228265	5.029718383
96.50727598	3.285926339	0.1319445325	0.07485314827
99.4261963	0.2052099808	0.2078241207	0.1607696028
1.03811522	41.05581782	15.83726724	42.06879972
22.2824015	34.55809857	25.75819322	17.40130671
>cisbp__M04045
17.04186574	29.58539153	31.91351526	21.45922747
36.54761905	23.56547619	36.96130952	2.925595238
0.6695721078	0.8874801902	0.5903328051	97.8526149
0.4972620986	0.5387006068	25.86058902	73.10344828
45.84371952	0.5021494888	43.3799357	10.2741953
3.768363412	72.71174964	5.796802779	17.72308417
19.23022136	6.529728498	70.36266773	3.877382411
13.09674283	80.04537352	0.8199643494	6.0379193
89.0981241	10.37878788	0.3499278499	0.1731601732
98.3435534	0.4618937644	0.7008043322	0.4937485068
2.515743273	39.40907067	18.93009351	39.14509255
23.3743623	33.45210138	25.81585553	17.35768078
>cisbp__M05840
55.95595596	11.71171171	29.72972973	2.602602603
0.5	0.1	0.2	99.2
0.3	0.4	8.6	90.7
34.86513487	0.1998001998	52.54745255	12.38761239
2.8	85.6	1.6	10
7.507507508	2.302302302	89.08908909	1.101101101
10.31031031	62.96296296	0.1001001001	26.62662663
93.40659341	5.794205794	0.2997002997	0.4995004995
99.3	0.3	0.1	0.3
1.798201798	31.36863137	9.59040959	57.24275724
44.4	31.8	11.9	11.9
>cisbp__M07830
30.8351	17.1306	29.7645	22.2698
25.6959	17.9872	34.4754	21.8415
22.05567794	10.92078908	38.32976167	28.69377131
47.5375	12.6338	39.4004	0.4283
0	0	0	100
0	0	30.4069	69.5931
30.4069	0	49.0364	20.5567
10.92078908	22.05567794	6.423993576	60.5995394
0	0	100	0
10.06421006	87.15208715	0	2.783702784
100	0	0	0
100	0	0	0
1.4989	27.1949	14.3469	56.9593
38.5439	33.1906	14.9893	13.2762
>cisbp__M07831
46.5447	10.1626	43.0894	0.2033
0	0	0	100
0	0	31.0976	68.9024
33.33326667	0.2032997967	50.60974939	15.85368415
8.1301	31.7073	7.1138	53.0488
0	0	100	0
5.0813	94.5122	0	0.4065
100	0	0	0
100	0	0	0
2.6423	34.1463	11.3821	51.8293
35.1626	36.5854	16.0569	12.1951
>cisbp__M07832
22.1311	8.6066	39.7541	29.5082
44.0574	15.1639	38.5246	2.2541
0	0	0	100
0	0	34.4262	65.5738
39.7541	0	47.1311	13.1148
7.582	40.7787	3.8934	47.7459
0	0	100	0
5.123	93.4426	0	1.4344
100	0	0	0
100	0	0	0
1.0246	36.2705	14.959	47.7459
36.6803	34.4262	18.0328	10.8607
20.9016	30.7377	27.2541	21.1066
16.18851619	32.99183299	19.67211967	31.14753115
>cisbp__M08785
31.28205128	23.07692308	43.07692308	2.564102564
7.179487179	0	4.615384615	88.20512821
9.230769231	4.615384615	9.743589744	76.41025641
64.1025641	7.692307692	16.41025641	11.79487179
2.564102564	13.07692308	9.230769231	75.12820513
9.230769231	0	85.64102564	5.128205128
0	45.64102564	0	54.35897436
90.25641026	5.128205128	0	4.615384615
95.38461538	0	0	4.615384615
8.974358974	33.07692308	25.8974359	32.05128205
39.48717949	24.61538462	18.46153846	17.43589744
