>jaspar__MA1042.1
357	14	548	80
17	7	114	862
31	14	6	949
874	39	17	71
17	8	956	19
24	11	948	18
39	40	5	916
552	267	23	158
>jaspar__MA1293.1
76	199	53	269
109	151	81	256
0	20	22	555
500	0	97	0
0	597	0	0
0	597	0	0
2	0	0	595
597	0	0	0
597	0	0	0
1	483	0	113
44	57	0	496
95	127	20	355
133	108	56	300
171	88	67	271
>jaspar__MA1294.1
198	60	96	86
170	88	74	108
204	48	76	112
213	66	61	100
227	23	60	130
299	12	58	71
112	32	263	33
0	0	5	435
0	0	0	440
411	0	0	29
0	0	440	0
0	0	440	0
5	188	5	242
228	47	71	94
130	66	134	110
>jaspar__MA1408.1
45035	6949	26996	21020
21068	992	73515	4425
1124	422	9987	88466
2313	1649	767	95271
77467	6291	2500	13742
1296	865	97032	807
1374	865	91609	6153
1336	21093	480	77091
66987	9932	8318	14763
28881	20021	24969	26129
>jaspar__MA1764.1
157	268	119	456
198	309	218	275
55	154	108	684
266	2	732	0
0	1000	0	0
0	1000	0	0
14	0	3	983
1000	0	0	0
978	22	0	0
0	910	0	90
133	108	5	754
148	172	63	616
203	184	87	526
>jaspar__MA1829.1
48	77	77	82
63	68	69	84
41	35	53	155
247	9	17	11
8	263	7	6
3	276	2	3
17	10	14	243
268	7	8	1
243	28	10	3
15	247	3	19
63	75	32	114
85	77	48	74
89	63	64	68
>jaspar__MA2026.1
22	27	11	48
28	19	18	43
15	5	13	75
83	0	25	0
1	105	0	2
0	107	0	1
16	0	3	89
108	0	0	0
104	2	1	1
3	84	0	21
11	5	3	89
20	10	3	75
30	15	15	48
37	24	15	32
31	27	16	34
>cisbp__M01072
71.16477273	0.1420454545	28.55113636	0.1420454545
0.1243781095	99.62686567	0.1243781095	0.1243781095
0.1243781095	99.62686567	0.1243781095	0.1243781095
0.1243781095	0.1243781095	0.1243781095	99.62686567
99.62686567	0.1243781095	0.1243781095	0.1243781095
99.62686567	0.1243781095	0.1243781095	0.1243781095
0.1243781095	74.75124378	0.1243781095	25
0.1984126984	20.03968254	0.1984126984	79.56349206
>cisbp__M07028
14.5	25	9.5	51
20.8333	31.6667	16.6667	30.8333
9.5000095	13.33331333	13.83331383	63.33336333
58.83335883	0.5000005	40.33334033	0.3333003333
0.5	99.5	0	0
0	100	0	0
13.6667	0.3333	0.3333	85.6667
100	0	0	0
96.8333	3.1667	0	0
3.1667	75.8333	0	21
15.999984	12.66668733	1.666698333	69.66663033
18.8333	17	7.1667	57
26.3333	15.5	9	49.1667
>cisbp__M07060
81.25	0	18.75	0
0	100	0	0
0	100	0	0
0	0	0	100
100	0	0	0
100	0	0	0
0	70.4942	0	29.5058
>cisbp__M07098
22.9866	19.1275	15.1007	42.7852
13.5906	26.0067	8.3893	52.0134
24.32887567	17.11408289	11.57718842	46.97985302
1.342298658	4.865795134	8.053691946	85.73821426
98.8255	0	1.1745	0
0	100	0	0
0	100	0	0
0.1678	0.1678	0	99.6644
100	0	0	0
100	0	0	0
0.1677998322	32.38256762	0	67.44963255
16.7785	0	0	83.2215
20.4698	1.0067	0	78.5235
21.14092114	12.08051208	2.349002349	64.42956443
16.2752	14.5973	10.5705	58.557
21.9799	19.2953	14.9329	43.7919
