>cisbp__M06612
16.782	46.3668	13.4948	23.3564
23.87542388	44.11764412	10.03461003	21.97232197
24.5675	11.0727	26.9896	37.3702
4.1522	49.827	19.2042	26.8166
40.6574	53.1142	5.3633	0.8651
0.173	0	99.827	0
0	99.654	0	0.346
0.8651	99.1349	0	0
0	0	99.827	0.173
7.439407439	83.73708374	0	8.823508824
0	99.481	0	0.519
46.8858	1.0381	34.7751	17.301
12.11071211	26.98962699	8.477508478	52.42215242
25.7785	23.0104	9.3426	41.8685
28.8927	10.5536	29.2388	31.3149
