>cisbp__M07058
43.9065	13.1886	14.6912	28.2137
39.2321	13.1886	24.374	23.2053
42.7379	10.5175	27.7129	19.0317
41.7362	12.02	21.8698	24.374
39.8998	12.8548	9.015	38.2304
35.72616427	19.1986808	9.181990818	35.89316411
26.71117329	18.86478114	7.345592654	47.07845292
33.389	20.3673	14.1903	32.0534
42.7379	12.187	15.6928	29.3823
39.7329	11.1853	20.5342	28.5476
65.7763	8.8481	4.0067	21.3689
83.8063	0	0	16.1937
16.6945	50.5843	5.5092	27.212
99.8331	0	0	0.1669
0	0	0	100
0.1669	0	0	99.8331
0	100	0	0
0.3339	38.3973	1.8364	59.4324
18.6978187	25.04172504	7.512507513	48.74794875
12.68781269	14.52421452	3.505803506	69.28216928
