>jaspar__MA1377.1
30	13	97	55
42	5	111	37
3	171	0	21
146	9	24	16
2	187	3	3
29	4	156	6
59	41	64	31
92	9	16	78
37	20	5	133
43	82	0	70
13	103	1	78
0	193	0	2
47	9	126	13
189	0	6	0
16	9	142	28
76	3	114	2
80	62	10	43
80	28	49	38
72	33	54	36
>kznf__ZNF224_Imbeault2017_RP_RCADE
50.07908498	2.294299312	38.37028849	9.256327223
8.306963323	51.97782079	11.47150459	28.2437113
8.939870894	5.775320578	25.71200257	59.57280596
12.4209	2.2943	30.1424	55.1424
38.37025396	5.77531307	22.54747294	33.30696003
83.93987994	0.07911388109	10.83859741	5.142408771
6.724682017	4.509491353	57.35761721	31.40820942
3.560129288	60.83858783	28.24369435	7.357588528
5.142409486	44.38289556	25.07909749	25.39559746
46.5981	46.5981	3.24367	3.56013
87.73733509	1.977850791	0.3955701582	9.889243956
1.661389003	6.091766345	61.78796293	30.45888172
7.041144225	20.64871239	45.3323272	26.97781619
32.99050531	0.07911391274	66.53481071	0.3955700637
83.62341672	2.610760522	8.939871788	4.825950965
28.24371412	1.977850989	51.34492567	18.43350922
4.825948552	3.560128932	1.977849407	89.63607311
1.344938924	71.91454247	22.54748196	4.193036646
53.56011607	19.06650572	24.12970724	3.243670973
41.21837939	13.68669316	4.825947587	40.26897987
45.33229093	3.876579225	49.44619011	1.344939731
15.26899847	5.142409486	13.05379869	66.53479335
10.8386	11.1551	57.9905	20.0158
16.21838378	16.21838378	54.50944549	13.05378695
32.99052639	49.1297393	2.927222342	14.95251196
36.15508554	35.20568592	9.889236044	18.7499925
12.10440363	50.07911502	6.091771828	31.72470952
9.256327223	56.40818308	22.54749324	11.78799646
37.4209	15.269	28.8766	18.4335
42.4841915	2.927219415	42.16769157	12.42089752
44.0665	4.82595	43.4335	7.67405
10.20570102	1.661390166	59.25630593	28.87660289
11.788	16.5348	32.9905	38.6867
47.23100945	6.724681345	25.71200514	20.33230407
46.91458593	10.83859675	9.256327223	32.9904901
60.52215158	9.572772342	18.11708551	11.78799057
