>kznf__ZNF430_Imbeault2017_RP_RCADE
29.86111284	57.63892478	11.60710499	0.8928573839
6.448410645	79.86110799	4.067460407	9.623020962
92.55952592	2.083330583	0.4960321389	4.861111361
39.7817	10.8135	27.877	21.5278
3.273808419	0.09920625208	96.13095357	0.4960317604
2.083329113	0.09920625774	97.71825837	0.09920625774
42.16269578	36.60709634	1.686509831	19.54369805
27.87698885	1.289679484	66.76587329	4.067458373
6.44841	3.67063	82.6389	7.24206
29.06747965	63.59125549	5.654756042	1.686508819
12.7976	31.8452	13.5913	41.7659
44.94053056	0.4960323373	36.60712489	17.95631221
8.43254506	11.60710696	66.76594006	13.19440792
13.19441187	67.5595608	6.448415804	12.79761152
45.3373	17.1627	10.4167	27.0833
46.13095387	12.4007876	29.06747093	12.4007876
24.7024	26.6865	34.623	13.9881
35.01983502	17.95631796	29.86112986	17.16271716
