>jaspar__MA0983.1
254	257	262	228
364	170	227	239
432	84	108	376
955	35	1	10
928	40	1	32
613	308	56	24
50	28	884	38
152	247	213	388
>jaspar__MA0989.1
253	264	261	222
334	193	255	218
482	71	118	330
861	62	13	65
926	36	0	38
672	147	52	129
71	27	898	5
139	288	195	378
285	158	297	260
>jaspar__MA1275.1
158	144	154	144
132	158	204	106
343	84	88	85
332	2	3	263
600	0	0	0
600	0	0	0
544	0	56	0
0	0	600	0
0	86	23	491
342	1	227	30
298	45	155	102
>transfac_public__M00352
8	3	2	2
7	3	3	2
2	6	2	5
6	0	0	9
15	0	0	0
15	0	0	0
15	0	0	0
0	0	15	0
5	6	1	3
4	4	3	4
4	6	2	2
>transfac_public__M00353
7	7	2	5
7	6	4	4
7	3	4	7
7	2	2	10
21	0	0	0
21	0	0	0
21	0	0	0
0	0	21	0
3	12	2	4
7	4	6	4
7	6	5	3
>transfac_public__M00354
5	3	10	3
10	6	3	2
5	6	6	4
8	3	3	7
21	0	0	0
21	0	0	0
21	0	0	0
0	0	21	0
3	10	3	5
6	6	7	2
8	6	4	3
>transfac_public__M00355
7	3	2	4
7	2	1	6
4	3	4	5
9	1	0	6
16	0	0	0
16	0	0	0
16	0	0	0
0	0	16	0
4	7	1	4
3	3	9	1
7	5	3	1
>kznf__ZNF98_Schmitges2016_RCADE
45.91124591	21.61212161	22.07942208	10.3972104
40.3037	22.0794	16.9393	20.6776
71.14489289	1.051399895	9.929909007	17.87379821
60.39723624	3.855142313	17.87381072	17.87381072
38.43461153	1.518690456	58.06071742	1.985980596
13.66819836	0.5841119299	61.33179264	24.41589707
68.80843303	22.0794106	8.995334318	0.1168220561
21.14490211	71.61210716	4.322430432	2.920560292
98.2476666	0.1168219603	1.518689484	0.1168219603
75.81775299	15.53739037	8.528034713	0.1168219276
21.61212161	37.96733797	27.68692769	12.73361273
80.49065975	2.453268773	7.126166437	9.929905035
86.09812411	5.257011472	8.528042388	0.1168220327
99.18224364	0.1168220514	0.584112257	0.1168220514
99.18224364	0.584112257	0.1168220514	0.1168220514
74.41585535	1.051399369	16.93928984	7.593455444
7.126171283	0.5841121051	91.23831642	1.051400189
15.07010452	4.789721437	72.07942162	8.060752418
30.023394	49.64949007	4.789719042	15.53739689
62.26632528	16.00468079	9.462608645	12.26638528
41.2383	21.1449	23.014	14.6028
>cisbp__M01212
23.5087111	26.77238745	19.83347244	29.88542901
26.94878598	25.63447818	18.80153	28.61520584
37.58209766	21.25363227	26.48365661	14.68061346
5.548016274	87.65778576	0.01783558673	6.776362379
3.780562654	6.820091231	30.26139623	59.13794988
6.473138243	0.3035105332	5.194815122	88.0285361
5.275415969	1.200883497	2.323460184	91.20024035
36.3035921	13.48956863	8.863278168	41.3435611
20.85419732	23.74935182	19.25085043	36.14560043
24.21848626	27.58069955	23.7389281	24.46188609
>cisbp__M01214
22.31002224	27.52338495	18.82218082	31.34441199
27.93180369	24.77328753	16.11524885	31.17965993
43.07773886	18.9727998	23.17343	14.77603134
3.932074769	90.8461319	1.663904947	3.557888382
3.4204871	4.663578014	8.002731873	83.91320301
3.11085369	0.4794561623	2.258943412	94.15074674
2.492560563	1.0133995	2.492560563	94.00147937
34.96875134	11.87523149	7.348196023	45.80782114
20.77266511	25.11933693	17.00721975	37.1007782
24.55626495	24.07001833	25.55842514	25.81529158
>cisbp__M01217
50.05354046	13.64118113	25.35797413	10.94730428
0.9007237601	97.07106492	0.3028381845	1.725373138
0.8883237825	8.949351013	4.399896497	85.76242871
0.7662971782	0.02531937863	0.3375015341	98.87088191
0.7075063095	0.4886988971	0.8994167947	97.904378
30.8721778	5.928998927	1.648482856	61.55034042
18.17743701	18.73102238	12.68196747	50.40957313
21.84828191	22.51366116	24.63386907	31.00418786
>cisbp__M01221
6.259451167	86.84218517	3.758772752	3.139590911
2.267389049	0.03574406532	33.0700808	64.62678609
4.563797432	0.01076080458	5.574234771	89.85120699
5.381189294	0.05977961328	6.067273987	88.49175711
34.01954521	10.04359601	8.141180702	47.79567807
24.59613381	22.25550221	16.82034673	36.32801724
21.71492143	25.2291393	25.99748097	27.0584583
>cisbp__M01953
26.04483188	29.66059379	15.79698906	28.49758527
37.76277791	19.51774216	28.8273303	13.89214964
0.4805174033	89.75719282	2.683463116	7.078826656
12.90600279	5.194978759	14.69772229	67.20129616
3.849666042	0.02467379334	3.553689651	92.57197051
6.455590942	1.290392671	6.202463601	86.05155279
32.96334558	11.76814382	7.066718335	48.20179226
21.75005827	25.52392983	19.29057118	33.43544072
22.23386236	26.09167919	26.35390492	25.32055353
