>kznf__ZNF789_Imbeault2017_OM_RCADE
7.2695	66.844	12.234	13.6525
16.4893934	21.45389142	5.141837943	56.91487723
10.10638989	30.67376933	13.65248635	45.56735443
17.19858968	60.46096372	16.48939011	5.851056489
0.1773049823	13.65249863	0.1773049823	85.9928914
0.1773049734	0.1773049734	99.46808508	0.1773049734
72.51775439	22.87231715	3.723402793	0.8865256649
0.1773049734	99.46808508	0.1773049734	0.1773049734
99.46808508	0.1773049734	0.1773049734	0.1773049734
0.1773049734	99.46808508	0.1773049734	0.1773049734
2.30495977	95.92199041	0.8865249113	0.8865249113
51.95037922	24.99999	1.595739362	21.45389142
>kznf__ZNF789_Imbeault2017_RP_RCADE
6.491001947	74.61442238	6.748072024	12.14650364
13.68890548	19.08740763	2.634961054	64.58872584
7.262212905	29.11311165	7.776353111	55.84832234
14.20309716	65.10278698	15.23139695	5.462718907
1.092540251	11.37530262	0.3213370739	87.21082006
0.06426739859	0.06426739859	99.8071978	0.06426739859
75.38563769	17.03080852	3.149101575	4.434452217
0.06426741812	99.55012807	0.06426741812	0.3213370906
99.29305949	0.06426737378	0.06426737378	0.578405764
0.06426741812	99.55012807	0.06426741812	0.3213370906
3.663239048	94.15167552	1.606679582	0.5784058496
52.2494	21.401	3.1491	23.2005
