>homer__AAGACCCYYN_LRF
57	5.8	37.1	0.1
47.64764765	27.82782783	24.42442442	0.1001001001
0.1	0.1	99.7	0.1
64	35.8	0.1	0.1
0.1	99.7	0.1	0.1
0.1	99.7	0.1	0.1
0.1	99.7	0.1	0.1
0.1	54.7	0.1	45.1
17	25.2	19	38.8
28.2	29.5	27	15.3
>kznf__ZNF28_Imbeault2017_RP_RCADE
7.380952214	7.380952214	80.39682412	4.841271452
9.603172881	46.74601402	22.30160669	21.3492064
33.0952	15.9524	29.2857	21.6667
11.82539882	6.111109389	54.68249453	27.38099726
14.04760702	16.58730829	61.98413099	7.38095369
22.3016	21.9841	12.4603	43.254
1.984130278	0.7142861	94.04761317	3.253970456
2.619049971	0.07936509913	96.58729894	0.7142859921
0.07936513556	0.3968251778	99.44444455	0.07936513556
0.3968251778	0.07936513556	99.44444455	0.07936513556
1.666669248	2.936508676	0.07936506421	95.31745701
0.07936513556	0.07936513556	99.44444455	0.3968251778
0.07936504833	72.77775262	16.90478899	10.23809334
1.984130595	91.50792745	1.984130595	4.523811357
16.26980163	65.79370658	3.888890389	14.0476014
