>jaspar__MA1727.1
301	325	235	139
427	121	265	187
115	325	253	307
313	241	301	145
205	289	199	307
211	139	79	570
169	199	469	163
1	1	996	1
1	1	996	1
7	936	1	55
1	1	996	1
1	990	1	7
31	954	1	13
984	13	1	1
439	325	157	79
>swissregulon__sacCer__MET32
22.78	11.01	10.9	9.81
32.64	6.59	5.22	8.84
45.23	0.56	5.02	2.05
4.19	33.61	12.17	2.95
0.55	1.12	0.3	50.99
0.5	1.22	50.97	0.04
0.18	0.57	0.15	51.93
0.06	0.08	52.53	0.08
3.87	0.12	48.89	0.24
0.17	26.15	0.05	0.17
0.61	0.08	21.84	4.01
0.17	16.17	1.52	8.68
>kznf__ZNF417_Imbeault2017_OM_RCADE
30.9252	15.424	34.7594	18.8914
29.25597074	18.39108161	31.73776826	20.61517938
13.1055	19.8737	55.4574	11.5634
18.71478129	44.04405596	17.08498292	20.15617984
17.6631	54.0551	17.8891	10.3927
13.83208617	61.4030386	12.37418763	12.39068761
21.9495	53.2742	14.3522	10.4241
54.07670541	8.842290884	21.9594022	15.12160151
7.864746068	39.0079805	19.45119027	33.67608316
31.9408	12.133	40.5104	15.4158
12.8545	21.1667	13.9198	52.059
14.64289707	9.631488074	5.825428835	69.90018602
9.631481332	10.94109015	60.07864593	19.34878259
1.560380462	0.06274521857	98.3141291	0.06274521857
0.5647071231	0.06274521368	99.05882159	0.3137260684
0.3137260904	87.01172506	0.06274521807	12.61180363
2.391129971	0.06274519925	97.23239883	0.3137259962
0.06274518419	96.76027562	1.357369658	1.819609541
2.313319648	96.01558541	0.06274519046	1.608349756
94.74233505	2.552810945	0.8554033165	1.849450684
40.2149	27.6939	22.9633	9.1279
>kznf__ZNF417_Imbeault2017_RP_RCADE
22.39452239	27.10922711	25.62032562	24.87592488
22.89082289	25.37222537	26.86102686	24.87592488
20.1613	26.6129	38.0273	15.1985
24.8759	25.8685	26.3648	22.8908
20.90567909	41.004959	24.37967562	13.70968629
18.6725	45.7196	16.4392	19.1687
28.8462	34.5533	21.1538	15.4467
42.9901	13.4615	23.139	20.4094
13.2134	29.0943	26.3648	31.3275
22.6427	23.139	30.5831	23.6352
16.9355	25.3722	17.4318	40.2605
22.39452239	17.18361718	8.746908747	51.67495167
18.4243	19.4169	45.4715	16.6873
3.039699736	0.310173973	96.5880916	0.0620346946
0.3101738654	0.06203467308	99.56575679	0.06203467308
0.31017388	92.61786416	0.06203467599	7.009927287
1.054590428	0.06203472519	98.82134012	0.06203472519
0.06203471073	99.31761718	0.3101740537	0.3101740537
5.272952916	91.87345081	0.06203473431	2.791561544
94.85110759	2.047150164	2.295290184	0.8064520645
43.9826	29.8387	17.4318	8.7469
18.1762	30.335	34.8015	16.6873
8.746897376	6.017368195	2.791559163	82.44417527
8.002482401	5.521091656	72.51862176	13.95780419
>kznf__ZNF587_Imbeault2017_OM_RCADE
23.7455	48.4767	16.5771	11.2007
16.21860649	65.68102627	8.691763477	9.408603763
5.107529489	79.30109207	4.390679561	11.20069888
29.83872685	55.28674976	11.5591104	3.315412984
73.56628529	7.616488477	13.70969726	5.107528978
5.82437	26.9713	5.10753	62.0968
10.12540709	4.390683073	80.01795601	5.465953826
1.164869767	5.465948907	17.29389654	76.07528478
1.164869779	1.881719642	0.4480289149	96.50538166
1.164869884	1.881719812	90.41219096	6.541219346
2.59856928	0.8064517766	96.50537327	0.08960567518
0.8064521073	0.08960571192	98.65591312	0.4480290596
2.956988758	79.65946654	0.8064516613	16.57709304
4.390680439	1.164870116	92.20430922	2.240140224
0.8064518226	88.6200805	7.258058403	3.315409271
11.55911156	76.79217679	1.523301523	10.12541013
78.94265263	9.76702414	6.18279629	5.107526935
23.02868158	28.04657756	39.8745681	9.05017276
>kznf__ZNF587_Imbeault2017_RP_RCADE
27.1971	22.2747	28.8644	21.6638
24.7015	13.6101	36.2935	25.3949
13.95418605	12.57008743	58.12114188	15.35458465
34.1445	29.2773	23.3174	13.2608
21.92798684	56.04106638	9.796554122	12.23439266
13.6763	66.3865	8.7565	11.1807
38.9845078	38.9982078	13.61010272	8.407181681
61.46401229	8.822691765	21.65280433	8.060491612
5.289618942	21.59489568	11.52739769	61.58808768
9.114193646	10.83400433	70.60192824	9.44987378
2.860167998	12.93039095	13.95419023	70.25525082
4.246931699	1.473420589	5.355812142	88.92383557
2.513490503	5.286991057	83.72351674	8.476001695
5.286988202	0.08667197053	94.53966786	0.08667197053
0.08667198613	0.08667198613	99.73998404	0.08667198613
4.246929151	84.76358305	1.820109636	9.169378166
8.129307561	1.126739662	87.17677385	3.56717893
6.049190605	78.17650782	9.793930979	5.980370598
22.70379092	55.55937778	3.90023844	17.83659287
69.78717906	14.30089571	9.516057145	6.395868081
22.0656	29.9018	30.9582	17.0744
22.9681	39.265	21.0392	16.7277
16.03431603	13.68991369	10.48731049	59.78845979
13.9542	12.0117	51.7458	22.2883
