>jaspar__MA0627.2
17399	11383	10722	16525
26660	6824	8770	13775
8522	6885	3029	37593
54550	194	354	931
1090	322	1251	53366
980	251	51971	2827
946	50288	1079	3716
54915	80	138	896
51382	567	804	3276
55302	164	233	330
5115	3478	4098	43338
16288	10595	13237	15909
18907	11936	7941	17245
>jaspar__MA0785.1
5076	1938	1494	2075
5351	1046	2142	5231
756	1347	474	10582
10582	12	29	43
153	501	213	10582
186	82	10582	1326
300	10582	1351	3375
6932	33	46	3651
10582	108	879	787
10582	37	51	158
1422	457	755	10582
1976	1840	2504	4262
>jaspar__MA0792.1
1326	1778	808	9519
9519	21	67	84
171	364	206	9519
322	94	9519	1790
398	9519	1293	3828
6299	51	65	3220
9519	144	856	896
9519	65	97	203
1559	537	750	9519
>jaspar__MA1115.1
4982	1290	1996	4846
3603	2785	1908	4818
12693	122	229	70
83	130	67	12834
717	192	11571	634
533	10310	548	1723
11756	132	118	1108
10560	690	1026	838
12280	270	257	307
2556	2104	2071	6383
3476	2450	3551	3637
>swissregulon__hs__POU2F1
113.408	253.555	101.908	531.13
268.352	209.656	207.197	314.794
342.194	177.589	149.651	330.566
310.149	188.742	263.609	237.5
475.602	174.076	193.608	156.714
340.02	149.052	249.856	261.072
542.628	85.8567	41.1025	330.413
24.1686	38.6145	8.51172	928.705
582.078	15.6341	4.21514	398.073
6.09263	22.7504	2.4256	968.731
9.26104	1.19355	782.639	206.907
206.907	782.639	1.19355	9.26104
968.731	2.4256	22.7504	6.09263
398.073	4.21514	15.6341	582.078
928.705	8.51172	38.6145	24.1686
546.276	78.4148	39.0185	336.291
195.413	208.911	234.691	360.986
143.213	398.668	278.457	179.663
373.919	217.19	242.671	166.22
283.422	225.439	302.877	188.262
305.981	149.258	215.344	329.417
358.777	354.317	137.307	149.599
>swissregulon__hs__POU2F2
0.998941	75.882897	1.99828	37.95309
5.991814	4.989572	0	105.851822
13.975236	58.930963	8.983602	34.943407
111.840534	1.994238	0	2.998436
0	0	0	116.833208
0	4.990072	0	111.843136
0.998436	0	0	115.834772
1.999318	0	112.835268	1.998622
1.996392	114.836816	0	0
114.833421	0	1.999787	0
0.997063	0	0	115.836145
70.87823	2.996013	40.959837	1.999128
20.973299	38.950991	13.972349	42.936569
>swissregulon__mm__Pou2f2
177.3470695	196.1466401	34.6993381	792.8167797
1201.009827	0	0	0
0	0	0	1201.009827
0	0	1045.697687	155.3121401
0	1161.308785	0	39.70104201
1201.009827	0	0	0
1036.317609	0	0	164.6922187
1201.009827	0	0	0
91.2025671	56.63188718	4.191080729	1048.984292
>swissregulon__mm__Pou3f3
402.059	183.334	129.995	284.612
637.165	97.2935	89.2839	176.258
307.269	160.096	305.393	227.242
342.471	102.992	265.291	289.246
91.5996	100.833	33.5809	773.986
798.635	78.5718	26.8015	95.9922
6.81959	52.8604	2.01178	938.308
17.0755	3.62387	947.53	31.7709
86.9317	905.749	1.61215	5.70752
983.215	2.16035	10.6997	3.92476
30.9684	5.23952	11.4372	952.355
893.793	10.3104	13.3926	82.5041
666.055	63.6757	7.17996	263.089
170.333	94.9185	231.056	503.693
342.691	132.989	269.857	254.463
371.397	117.426	241.987	269.189
598.148	65.6354	98.0897	238.127
>flyfactorsurvey__nub_SOLEXA_5_FBgn0085424
560	230	414	521
218	421	90	1150
1979	0	12	0
8	125	58	1800
0	0	1674	317
55	1552	91	293
1501	4	0	486
1413	59	223	296
1850	42	83	16
363	177	168	1228
355	477	405	629
>flyfactorsurvey__pdm2_SOLEXA_5_FBgn0004394
314	457	83	1521
2378	20	42	54
15	72	29	2491
4	3	2358	242
74	2251	61	221
2159	8	13	427
1961	39	201	406
2496	20	85	6
358	268	173	1808
377	708	535	882
1114	440	574	359
>hocomoco__P5F1B_HUMAN.H11MO.0.D
168	104	132	260
290	163	119	92
527	34	20	83
21	49	16	578
106	10	6	542
102	3	3	556
45	3	612	4
75	586	2	1
658	1	3	2
15	5	1	643
626	6	24	8
95	58	12	499
90	33	172	369
65	375	26	198
440	35	44	145
197	60	69	338
>hocomoco__PO2F2_HUMAN.H11MO.0.A
214	76	106	104
61	199	35	205
451	32	13	4
8	9	21	462
4	2	482	12
38	412	17	33
478	5	3	14
295	37	43	125
457	13	25	5
42	49	61	348
98	76	199	127
>hocomoco__PO5F1_MOUSE.H11MO.1.A
143	101	39	215
336	40	36	86
5	1	27	465
5	2	362	129
4	407	46	41
322	8	0	168
321	19	131	27
436	6	40	16
83	82	70	263
>taipale__POU2F2_DBD_NTATGCWAATN
3616	946	1853	2908
984	1941	642	9324
9324	23	78	97
242	525	246	9324
225	107	9324	1366
361	9324	1433	3215
6074	64	90	3250
9324	128	1065	918
9324	70	134	253
1580	569	946	9324
1736	1629	2430	3528
>taipale__POU2F3_DBD_TATGCWAAT
618	943	389	5413
5413	24	53	61
168	193	133	5413
133	60	5413	971
163	5413	608	1908
3555	29	38	1858
5413	100	511	549
5413	22	62	141
720	234	429	5413
>taipale__Pou2f2_DBD_TATGCAAAT
171	277	73	15896
15896	1	10	7
27	38	2	15896
24	13	15896	1718
13	15896	30	1408
15896	9	74	3514
15896	321	378	1398
15896	46	94	185
1526	311	366	15896
>nitta__nub_TGACTC20NTCA_KI_NTATGMWAATNN_m1_c2
22729	7823	13210	22971
9698	15299	5006	66734
66734	8	24	0
159	1741	347	66734
275	236	66734	9286
1329	65404	8228	30067
42050	0	62	24684
66734	255	4233	2579
66734	92	116	169
9358	2164	4374	66734
13251	11189	16968	25326
26013	11677	12976	16068
>nitta__pdm2_TTCACA20NTA_KH_NNTATGCAAATKANN_m2_c2
354	288	264	192
465	77	249	324
65	105	68	1056
1150	0	6	24
23	56	8	1095
20	6	1111	44
15	1116	48	188
1026	15	27	279
1118	24	36	68
1138	15	17	20
37	36	41	1074
117	132	385	652
875	169	177	243
165	169	588	130
128	311	338	280
>nitta__pdm2_TTGGAG20NTA_KI_WTATGCAAATKAGNN_m2_c4
3322	23	289	2330
12	11	1	5998
5805	0	6	137
0	2	0	5836
1	3	6006	9
4	6361	4	75
5873	0	2	163
5930	0	5	142
5892	0	5	5
9	9	0	5766
43	64	2428	3395
5970	48	22	182
110	117	5634	164
808	2111	1644	853
965	714	276	3837
>taipale_cyt_meth__POU2F2_NTATGCWAATN_eDBD
3120	1806	3887	3682
1657	5509	1778	12495
12495	0	103	0
149	1675	378	12495
0	6	12495	335
318	12495	1989	2920
7109	46	54	5386
12495	415	1934	1157
12495	68	148	78
1287	904	1924	12495
1759	2772	4624	3340
>taipale_cyt_meth__POU2F2_NTATGCWAATN_eDBD_meth
20738	2831	10444	21477
0	2070	321	55491
55491	0	0	0
0	0	0	55491
0	0	55491	0
0	55491	370	6017
39969	0	0	15522
55491	0	0	0
55491	0	0	0
0	0	0	55491
4099	5196	22520	23676
>taipale_cyt_meth__POU2F3_NTATGCWAATN_eDBD_meth
2184	1046	1961	2044
1128	3413	1087	7235
7235	0	100	15
172	466	226	7235
19	0	7235	261
329	7235	1373	2363
4145	93	125	3090
7235	275	1161	754
7235	45	108	136
974	501	845	7235
1391	1487	2310	2048
>dbtfbs__POU2F2_representative_N1
52	108	17	231
408	0	0	0
0	0	7	401
2	0	397	9
14	373	2	19
396	0	0	12
345	0	11	52
407	0	1	0
27	27	32	322
>transfac_public__M00135
9	8	4	9
6	8	11	14
13	14	12	5
23	12	7	9
26	1	10	17
1	1	0	54
56	0	0	0
0	0	0	56
0	0	56	0
0	53	1	2
43	0	0	13
56	0	0	0
55	0	1	0
3	0	1	52
14	7	9	24
4	11	6	32
8	19	14	9
13	11	14	10
12	9	14	10
>transfac_public__M00138
6	2	6	6
6	6	2	7
12	1	6	6
6	6	6	13
12	2	12	7
15	7	7	11
12	6	8	16
12	7	4	23
41	3	2	1
0	4	4	39
3	1	34	9
6	27	4	10
36	3	0	8
30	0	4	13
44	1	2	0
10	1	3	29
11	7	6	18
13	9	4	12
16	5	5	10
13	3	4	11
9	8	4	6
4	7	11	4
12	1	3	6
>transfac_public__M00195
11	6	11	2
10	3	8	9
12	6	9	3
9	7	3	11
24	1	3	2
1	1	1	27
3	1	25	1
2	22	1	5
23	2	3	2
29	0	1	0
27	0	1	2
1	1	7	21
6	12	4	8
19	7	3	1
2	11	11	6
>elemento__ATTTGCAT
100	0	0	0
0	0	0	100
0	0	0	100
0	0	0	100
0	0	100	0
0	100	0	0
100	0	0	0
0	0	0	100
>elemento__ATTTGCATA
100	0	0	0
0	0	0	100
0	0	0	100
0	0	0	100
0	0	100	0
0	100	0	0
100	0	0	0
0	0	0	100
100	0	0	0
>homer__ATTTGCATAA_Oct4
85.2	4.8	4.8	5.2
0.1	0.1	0.1	99.7
0.1	4.3	0.1	95.5
15.5	0.1	0.1	84.3
10.7	0.1	89.1	0.1
0.8	99	0.1	0.1
99.7	0.1	0.1	0.1
0.1	0.4	0.1	99.4
67.6	4.7	12.5	15.2
43.4	10.7	6.3	39.6
>homer__GATTTGCATA_Oct11
16.98301698	17.08291708	43.75624376	22.17782218
84.6	7.5	2.1	5.8
0.1	0.1	0.1	99.7
0.9	0.2	0.1	98.8
0.3	0.1	0.1	99.5
1.6	0.4	97.8	0.2
1.9	97.9	0.1	0.1
99	0.6	0.1	0.3
0.1	0.1	0.1	99.7
89.8	1.6	5.3	3.3
>cisbp__M07972
43.03405697	14.24148576	18.26628173	24.45817554
12.3839	25.6966	2.4768	59.4427
100	0	0	0
0	0	2.4768	97.5232
0.6192	0	99.3808	0
3.405596594	91.64080836	0	4.953595046
98.7616	0	0	1.2384
86.0681	0	3.7152	10.2167
99.6904	0	0.3096	0
6.501506502	7.73990774	8.04950805	77.70907771
>cisbp__M07974
44.17985582	12.96298704	17.72488228	25.13227487
13.2275	23.8095	4.2328	58.7302
100	0	0	0
0	0.2646	1.0582	98.6772
0.2646	0	96.5608	3.1746
0	93.1217	0	6.8783
96.8254	0	0	3.1746
83.8624	0	4.2328	11.9048
98.9418	0	1.0582	0
9.2593	7.9365	9.5238	73.2804
21.164	21.4286	33.3333	24.0741
39.15343915	22.75132275	16.4021164	21.69312169
25.3968254	19.57671958	39.68253968	15.34391534
>cisbp__M08231
11.7647	20.5882	4.4118	63.2353
80.8823	2.9412	4.4118	11.7647
10.2941	0	8.8235	80.8824
0	16.1765	0	83.8235
22.0588	0	0	77.9412
22.0588	0	77.9412	0
11.7647	69.1177	0	19.1176
95.5882	2.9412	0	1.4706
0	0	0	100
61.7646	5.8824	16.1765	16.1765
