>cisbp__M07249
24.7019	20.954	35.0937	19.2504
20.6133	28.6201	12.4361	38.3305
18.3986	0.1704	79.7274	1.7036
60.98803901	13.45828654	6.473593526	19.08008092
0	99.4889	0	0.5111
0.3407	19.4208	45.3152	34.9233
12.9472	26.4055	20.1022	40.5451
1.5332	1.7036	0	96.7632
1.533201533	5.110705111	0	93.35609336
2.214697785	76.32022368	14.82108518	6.643993356
52.8109	6.8143	39.6934	0.6814
24.0204	11.0733	24.3612	40.5451
18.0579	68.6542	3.0664	10.2215
0	0	1.5332	98.4668
6.9847	16.5247	1.5332	74.9574
1.8739	95.23	0.8518	2.0443
2.0443	72.5724	0.6814	24.7019
15.6729	36.9676	9.029	38.3305
22.6576	35.7751	15.5026	26.0647
>cisbp__M07250
13.6667	0	86.3333	0
62.66663733	10.4999895	5.166694833	21.66667833
0	99.8333	0	0.1667
0.1667	17.3333	44.8333	37.6667
12.33331233	28.33332833	17.5000175	41.83334183
0.6667	1.3333	0	98
1.8333	4.6667	0	93.5
2.1667	74.3333	16.8333	6.6667
56.5	6.3333	37.1667	0
25.83332583	9.333309333	24.83332483	40.00004
18.1667	66.6667	2.8333	12.3333
1	0	0.6667	98.3333
5.6667	13.8333	1.5	79
1.8333	95.8333	0.1667	2.1667
1.4999985	75.66662433	0.1666998333	22.66667733
