>jaspar__MA0978.1
978	2	15	4
9	15	3	973
6	1	991	3
3	3	2	992
3	992	1	4
2	2	992	4
169	0	828	2
1	790	1	208
>jaspar__MA1669.1
718	486	667	865
527	726	396	1087
417	789	445	1085
756	33	1879	68
15	2617	21	83
13	2711	4	8
8	14	2708	6
2607	44	34	51
10	2697	12	17
2232	108	235	161
293	194	102	2147
742	879	576	539
945	389	746	656
817	570	512	837
>cisbp__M00963
12.66434426	34.77123644	20.46652257	32.09789674
32.60623668	6.076953975	58.82127323	2.49553611
1.844218836	59.86283083	1.619400134	36.6735502
0.07876400559	98.36655229	1.460386068	0.09429763508
0.1453384107	1.140320782	98.62350397	0.09083683638
95.66422371	3.635855344	0.522486774	0.1774341707
2.922245414	94.85527393	2.121985694	0.1004949601
73.85913665	6.633680117	8.349149861	11.15803338
9.523390033	9.149972569	12.35117106	68.97546634
>cisbp__M00964
19.26116367	34.40117853	17.60337814	28.73427966
25.39933572	5.667357849	66.33535552	2.597950906
2.021894734	72.53252328	0.813861609	24.63172037
1.169599131	97.18934308	1.193226601	0.4478311868
0.9733296863	0.2260424605	98.78715438	0.01347347396
93.71634646	1.954770177	2.612408597	1.716474761
0.1917554528	99.33178363	0.06643479079	0.4100261248
59.46322503	10.43700908	14.37309498	15.72667091
12.90517886	13.98001337	10.46073468	62.65407309
>cisbp__M00965
18.19307722	29.9953134	19.31807429	32.49353509
24.83936573	3.328193694	70.27595613	1.556484454
0.31453096	73.2096493	0.07679062125	26.39902912
0.2255891245	99.57986959	0.04332437077	0.1512169124
0.1942433486	0.1793092103	99.61935442	0.007093023872
99.14566507	0.381589496	0.1475763123	0.325169119
0.2149771651	99.76092102	0.01307277488	0.01102904022
72.84981654	7.017450776	10.46880638	9.663926298
7.817171957	15.58521716	8.81383677	67.78377412
>cisbp__M06564
22.5	30.6667	15	31.8333
21.33332133	41.33334133	11.83331183	25.5000255
22.6667	19.8333	29.5	28
14.8333	29.1667	11.8333	44.1667
12.33331233	39.33333933	11.33331133	37.000037
24.1667	0	75.8333	0
0	70.66662933	0.1666998333	29.16667083
0	100	0	0
0	0	100	0
99.8333	0	0	0.1667
0	100	0	0
80.1667	3.3333	11.3333	5.1667
8.5	12	1.5	78
22.8333	39.1667	24.5	13.5
32.3333	12.8333	29.1667	25.6667
>cisbp__M06589
24.7588	29.582	12.5402	33.119
16.7203	40.1929	15.4341	27.6527
22.18652219	18.00641801	27.00962701	32.7974328
11.5756	29.9035	7.3955	51.1254
3.2154	49.8392	4.1801	42.7653
22.8296	0	76.8489	0.3215
0	62.0579	0	37.9421
0	100	0	0
0	0	100	0
100	0	0	0
0	100	0	0
96.463	0	2.8939	0.6431
0.3215	8.0386	0	91.6399
15.1125	51.1254	22.8296	10.9325
39.2283	8.3601	27.9743	24.4373
>cisbp__M06640
21.202	22.2037	19.6995	36.8948
7.6795	29.8831	9.5159	52.9215
3.171996828	27.37897262	17.1952828	52.25374775
49.7496	0	50.2504	0
0	100	0	0
0	100	0	0
0	0	100	0
100	0	0	0
0	100	0	0
98.66449866	0.5008005008	0.5008005008	0.3339003339
0.1669	0	0	99.8331
37.22873723	32.38733239	22.03672204	8.347208347
39.7329	14.5242	23.5392	22.2037
>cisbp__M06679
14.6912	26.8781	12.187	46.2437
5.6761	27.212	12.5209	54.591
48.414	0	51.586	0
0	99.4992	0	0.5008
0	100	0	0
0	0	100	0
100	0	0	0
0	100	0	0
92.9883	2.5042	3.8397	0.6678
5.8431	2.6711	0.3339	91.1519
24.87477513	34.89146511	25.87647412	14.35728564
38.3973	11.3523	28.8815	21.3689
