>jaspar__MA0758.1
222	72	182	577
38	7	18	891
0	3	0	963
0	1	0	957
0	960	2	0
0	961	10	0
0	965	0	0
2	1	995	0
0	986	0	0
0	977	17	1
912	0	0	5
930	1	3	6
859	2	0	43
608	2	2	292
>jaspar__MA1732.1
208	9	246	537
104	2	13	882
47	4	2	947
36	0	7	956
15	2	5	978
5	4	989	2
0	0	1000	0
2	998	0	0
2	0	996	2
2	15	984	0
0	11	987	2
993	0	7	0
1000	0	0	0
958	13	11	18
774	51	22	153
>swissregulon__hs__E2F8
3	3	1	87
0	3	0	90
0	0	1	92
0	98	0	1
0	96	0	3
0	97	1	0
4	7	119	0
0	96	0	1
2	93	4	0
80	1	3	1
83	0	0	0
79	2	1	4
>taipale_cyt_meth__E2F7_NTTTCCCGCCAAAN_eDBD
24681	13378	10906	24585
1769	0	1513	65328
0	0	0	73569
0	0	0	74083
0	73592	0	0
71	72434	0	1
52	73456	68	0
0	225	73333	40
31	73519	0	0
68	73825	0	0
73737	0	0	0
74755	0	0	0
70192	0	0	4004
51128	0	0	25224
>taipale_cyt_meth__E2F7_NTTTCCCGCCAAAN_eDBD_meth_repr
320	112	193	422
93	35	25	920
7	12	16	1032
0	4	0	1050
0	1046	20	0
16	1013	10	2
0	1046	3	15
3	4	1042	2
0	1051	0	0
3	1021	20	12
1042	11	11	0
1040	18	7	27
944	9	0	163
676	7	16	348
>taipale_cyt_meth__E2F8_NTTTCCCGCCAAAN_eDBD_meth
459	282	313	512
636	327	234	1566
37	164	23	1566
113	83	13	1566
169	1566	129	25
22	1566	59	9
2	1566	1	3
110	9	1566	129
15	1566	174	151
317	1566	128	336
1566	55	86	112
1566	107	106	230
1566	245	223	327
784	138	86	557
>dbtfbs__E2F4_K562_ENCSR000EWL_merged_N1
1	111	0	284
12	18	4	362
1	355	37	3
0	323	73	0
0	396	0	0
1	0	395	0
0	382	14	0
2	248	128	18
>elemento__TTCCCGC
0	0	0	100
0	0	0	100
0	100	0	0
0	100	0	0
0	100	0	0
0	0	100	0
0	100	0	0
>cisbp__M06708
3.9604	0.9901	0.9901	94.0594
2.9703	0	0	97.0297
2.9703	3.9604	0.9901	92.0792
85.1485	0	11.8812	2.9703
0	86.1386	0	13.8614
6.9307	0.9901	90.099	1.9802
8.910891089	1.98019802	39.6039604	49.5049505
0	0	1.9802	98.0198
0.9901	0	0	99.0099
2.9703	0	0.9901	96.0396
2.9703	1.9802	0	95.0495
1.9802	0	92.0792	5.9406
8.9109	0	91.0891	0
0	91.0891	1.9802	6.9307
5.9406	0.9901	91.0891	1.9802
15.8416	1.9802	80.198	1.9802
34.6535	0	65.3465	0
94.0594	0	5.9406	0
96.0396	1.9802	1.9802	0
98.0198	0	0.9901	0.9901
89.1089	0.9901	0.9901	8.9109
>cisbp__M06709
23.55372355	5.785105785	2.066102066	68.5950686
22.31402231	1.652901653	4.132204132	71.9008719
13.63638636	4.545495455	4.545495455	77.27262273
60.33053967	2.892597107	13.63638636	23.14047686
9.5041	52.8926	4.1322	33.4711
10.7438	1.6529	57.0248	30.5785
7.851207851	0.4132004132	30.99173099	60.74386074
0	0.4132004132	2.479302479	97.10749711
0	0.4132	0	99.5868
0.4132004132	0.8264008264	0	98.76039876
0	0.8264	0	99.1736
2.0661	0.8264	94.2149	2.8926
4.9587	0	94.6281	0.4132
0	97.5207	0	2.4793
2.479302479	0	97.10749711	0.4132004132
0.8264	0	99.1736	0
12.8099	0.4132	86.7769	0
99.5868	0.4132	0	0
99.5868	0.4132	0	0
99.1736	0	0.8264	0
90.4959	3.3058	0	6.1983
>cisbp__M06873
23.00612301	0	1.533701534	75.46017546
13.4969135	0.6135006135	0.3067003067	85.58288558
7.668707669	1.227001227	0.9202009202	90.18409018
3.681	0	3.3742	92.9448
0.3067003067	4.908004908	94.47859448	0.3067003067
0	0.3067003067	99.38659939	0.3067003067
0	100	0	0
0	0	100	0
0	0.9202	99.0798	0
0	0.9202	99.0798	0
99.6933	0	0	0.3067
99.38659939	0.3067003067	0	0.3067003067
85.5828	3.0675	3.9877	7.362
62.2699	6.7485	4.6012	26.3804
26.68712669	11.04291104	6.441706442	55.82825583
21.4724	13.4969	17.4847	47.546
33.7423	8.8957	13.1902	44.1718
18.0981819	19.93868006	18.0981819	43.86495614
30.3681	5.2147	23.9264	40.4908
16.2577	6.4417	31.2883	46.0123
21.4724	14.1104	22.0859	42.3313
>cisbp__M06874
23.2877	1.0274	21.4041	54.2808
10.9589	0.3425	2.0548	86.6438
2.7397	0	0	97.2603
1.5411	0	0.1712	98.2877
1.712301712	0.1712001712	0.5137005137	97.6027976
0.8562	0.6849	97.774	0.6849
0.3425	0	99.6575	0
0.1712	99.8288	0	0
0	0	99.8288	0.1712
0	1.8836	97.9452	0.1712
1.7123	0.5137	97.4315	0.3425
99.4863	0	0.5137	0
100	0	0	0
92.63690736	0.8561991438	1.541098459	4.965795034
71.7466	5.6507	2.7397	19.863
>cisbp__M06875
33.3333	4.3403	19.2708	43.0556
40.625	4.3403	9.7222	45.3125
55.0347	3.9931	11.2847	29.6875
32.1181	23.9583	8.5069	35.4167
31.25003125	5.034705035	28.81942882	34.8958349
22.7431	3.125	17.8819	56.25
10.5903	1.9097	3.6458	83.8542
6.597206597	0.5208005208	0.6944006944	92.18759219
4.861104861	0.6944006944	2.083302083	92.36119236
3.645803646	0	2.083302083	94.27089427
1.2153	1.2153	95.4861	2.0833
0.3472	0	99.6528	0
2.6042	95.4861	0	1.9097
0.8681	0	99.1319	0
0	1.3889	98.2639	0.3472
5.729194271	1.041698958	92.36100764	0.8680991319
98.9583	0	1.0417	0
98.0903	0.3472	1.2153	0.3472
91.4931	2.6042	2.0833	3.8194
69.2708	7.1181	3.125	20.4861
