>elemento__AAGATCA
100	0	0	0
100	0	0	0
0	0	100	0
100	0	0	0
0	0	0	100
0	100	0	0
100	0	0	0
>kznf__ZNF667_Schmitges2016_RCADE
8.253591651	19.73680395	69.976114	2.033490407
1.076559602	96.29186437	2.511959071	0.1196169557
12.08130169	51.79430725	0.5980860837	35.52630497
3.468896878	8.253582572	14.95218654	73.32533401
10.1675	17.3445	3.4689	69.0191
85.28707441	4.904308529	4.425838672	5.382778385
68.06220681	11.60290116	8.253590825	12.08130121
50.83733355	0.1196170789	48.92343229	0.1196170789
94.85646585	0.5980857847	2.990428923	1.55501944
0.5980858624	1.555019642	97.72727752	0.1196169725
0.1196169593	96.29186726	0.1196169593	3.468898821
2.511960578	15.43060355	0.1196170275	81.93781885
2.033490407	92.46411849	2.511960502	2.990430598
71.41152856	21.17220847	1.555020622	5.861242344
19.73681974	23.56462356	35.04783505	21.65072165
4.425839557	86.72249133	2.033489797	6.818179318
43.66029563	19.73679803	6.339709366	30.26319697
17.823	29.3062	23.5646	29.3062
