>swissregulon__hs__HOXB5
32.652369	49.645284	25.143821	168.016337
19.795402	71.148238	133.87144	50.642731
19.642589	185.480693	31.576872	38.757657
57.977116	143.143497	11.039453	63.297745
78.367393	124.77455	7.617958	64.69791
84.007147	74.630565	27.248819	89.57128
25.856554	137.227254	43.778716	68.595287
55.373057	67.438121	7.193718	145.452915
21.144388	114.767807	21.359345	118.186271
21.203892	237.724668	3.473775	13.055476
30.259889	178.841815	14.025013	52.331094
21.589623	152.35104	2.357525	99.159623
40.6671	191.691827	6.300925	36.797959
229.542383	12.397945	23.009236	10.508247
5.708053	13.103787	4.830926	251.815045
2.459556	24.515158	8.16236	240.320737
220.75601	20.512557	17.877866	16.311378
5.761396	87.846367	79.469502	102.380546
6.267044	54.124006	4.948551	210.11821
40.420281	80.953905	112.984996	41.098629
46.749459	111.127125	59.814251	57.766976
84.096114	19.79111	82.632301	88.938286
50.564299	128.678881	29.277327	66.937304
79.050257	70.612716	73.778101	52.016737
96.148222	115.562844	19.100366	44.646379
61.147827	123.780276	47.459665	43.070043
66.520138	107.600672	8.094193	93.242808
17.556557	109.96729	5.51005	142.423914
28.959766	177.763193	32.963672	35.77118
98.229717	75.055955	50.30221	51.869929
>kznf__ZNF133_Imbeault2017_RP_RCADE
26.4053	13.0917	44.4527	16.0503
54.5118	13.3876	18.713	13.3876
48.0029808	6.582837367	22.55919098	22.85499086
15.45859536	5.103548469	69.60057912	9.837277049
31.73078096	5.103546938	57.76626534	5.39940676
23.74262374	14.27511428	13.09171309	48.89054889
36.76039632	44.15679558	13.68339863	5.39940946
11.0207	68.4172	6.8787	13.6834
81.13906754	5.103547959	4.511828195	9.245556302
76.10947717	5.39940838	14.57099563	3.920118824
19.30470772	58.35802334	9.245563698	13.09170524
56.5828	11.3166	11.6124	20.4882
30.54733055	26.997027	17.23371723	25.22192522
70.78402124	14.57100437	8.357992507	6.286981886
14.8669	25.8136	19.8964	39.4231
8.65385	3.92012	82.9142	4.51183
3.03254	6.8787	9.24556	80.8432
83.21006672	5.991117604	8.357986657	2.440829024
15.1627	17.2337	12.5	55.1036
94.45266033	2.736688851	2.440828975	0.3698218447
90.90236364	1.257399497	4.215978314	3.62425855
6.582839342	7.766269223	32.91419671	52.73669473
11.90829047	6.28697497	12.79588976	69.00884479
3.328401664	3.328401664	88.23964412	5.103552552
11.02069449	14.86689257	69.0088655	5.103547448
28.4763	32.3225	11.6124	27.5888
21.3757	11.0207	40.3107	27.2929
19.0089	44.1568	19.6006	17.2337
21.9675	47.1154	10.1331	20.784
28.4763	24.0385	14.571	32.9142
