>kznf__ZNF681_Imbeault2017_OM_RCADE
35.75273575	37.9032379	13.17201317	13.17201317
87.36559388	1.344089906	11.02149923	0.2688169812
93.81720563	0.2688170161	5.645160339	0.2688170161
0.2688171317	0.2688171317	99.1935486	0.2688171317
2.419350387	0.268817043	97.04301553	0.268817043
99.1935486	0.2688171317	0.2688171317	0.2688171317
3.494619301	60.4838879	14.24729715	21.77419565
4.569888903	0.2688169355	94.89247723	0.2688169355
14.24731425	44.35484435	28.22582823	13.17201317
30.37630911	29.30110879	31.45160944	8.870972661
1.344090538	11.02150441	78.76343151	8.870973548
30.37630911	9.946242984	52.95701589	6.720432016
>kznf__ZNF681_Imbeault2017_RP_RCADE
36.10142888	25.26222021	28.75872301	9.877627902
74.91258112	0.08741257797	24.91259372	0.08741257797
97.9895145	0.08741261294	1.835660272	0.08741261294
0.08741256696	0.08741256696	99.7377623	0.08741256696
0.08741256696	0.08741256696	99.7377623	0.08741256696
99.7377623	0.08741256696	0.08741256696	0.08741256696
3.583919283	36.45099271	37.84969243	22.11539558
6.381117116	0.08741256049	93.44405776	0.08741256049
32.60490978	35.05241052	22.81470684	9.527972858
16.1713	22.465	48.3392	13.0245
6.730772692	7.779723112	76.66083066	8.828673531
38.19927326	13.72379039	41.34617106	6.730765288
