>jaspar__MA1232.1
11	3	546	7
153	21	199	194
1	564	0	2
0	0	567	0
0	2	565	0
0	213	0	354
23	12	484	48
77	96	374	20
213	190	40	124
99	30	330	108
179	62	236	90
142	178	85	162
108	71	275	113
132	82	264	89
115	158	93	201
125	83	282	77
121	92	250	104
115	153	110	189
121	97	245	104
144	85	231	107
>jaspar__MA1248.1
108	226	85	149
122	257	65	124
189	104	132	143
114	260	77	117
110	274	66	118
193	92	134	149
106	250	69	143
110	277	52	129
211	69	136	152
106	259	71	132
102	306	51	109
174	42	143	209
26	394	50	98
0	568	0	0
530	0	36	2
0	568	0	0
1	567	0	0
4	1	563	0
299	171	0	98
0	558	0	10
>swissregulon__mm__Zfx
64.53118384	176.8697783	179.6255056	59.41588065
145.1768517	140.4577001	146.4255538	48.38224268
48.38224268	120.8490379	270.5017799	40.7092879
77.36896077	149.835756	214.2334448	39.00418683
52.64499534	134.4898464	246.630365	46.67714162
56.907748	179.4769488	163.4765645	80.58108711
70.54855651	226.1691523	113.1760831	70.54855651
43.05380186	188.641867	163.2634269	85.48325267
34.52829654	279.6666981	95.91193484	70.33541888
477.0321463	1.705101064	0.8525505319	0.8525505319
1.705101064	1.705101064	477.0321463	0
0	0.8525505319	479.5897979	0
0	477.8846968	2.557651596	0
0.8525505319	425.2246396	42.42945081	11.93570745
9.378055851	156.6712221	127.8825798	186.5104907
108.4870552	196.9542347	144.0961017	30.90495678
96.55134773	3.62333976	374.0866696	6.180991356
66.51400333	164.5573145	238.9272866	10.44374402
60.90784408	251.8791632	59.20274302	108.4525981
>hocomoco__ZFX_HUMAN.H11MO.1.A
112	52	192	139
54	99	282	60
159	92	176	68
140	63	274	18
93	65	330	7
114	200	137	44
127	134	186	48
54	156	236	49
455	17	9	14
63	12	412	8
6	31	435	23
19	414	47	15
48	391	20	36
50	58	228	159
120	154	179	42
127	44	300	24
98	91	263	43
>taipale_cyt_meth__ZNF501_NSSCSACGCGAACAM_FL_meth_repr
181	277	154	126
203	309	348	158
256	222	440	117
149	660	154	124
141	243	458	69
710	146	50	62
34	712	42	101
253	261	680	57
32	716	18	80
87	83	725	82
706	140	21	124
708	319	74	76
59	723	29	36
648	254	135	104
144	560	110	111
>yetfasco__YLL054C_816
2.282430637	11.96239108	10.97943835	74.77573993
2.879005734	91.16249981	2.264130338	3.694364114
0.869574308	80.77400283	16.28456139	2.071861473
1.808460531	4.466864326	92.86318699	0.8614881479
25	25	25	25
25	25	25	25
25	25	25	25
25	25	25	25
25	25	25	25
25	25	25	25
25	25	25	25
25	25	25	25
25	25	25	25
35.38601756	19.1790524	25.24980861	20.18512144
0.8614881479	92.86318699	4.466864326	1.808460531
2.071861473	16.28456139	80.77400283	0.869574308
3.694364114	2.264130338	91.16249981	2.879005734
74.77573993	10.97943835	11.96239108	2.282430637
>kznf__ZNF283_Imbeault2017_OM_RCADE
8.767363507	22.30900892	58.42012337	10.5035042
13.6285	13.2812	54.2535	18.8368
11.1979	46.2674	30.9896	11.5451
5.642362257	38.28121531	14.32290573	41.7535167
22.6563	35.8507	21.9618	19.5312
7.725693863	2.517361259	73.69793685	16.05900803
0.0868055816	3.211809319	96.61457952	0.0868055816
3.211809679	69.87849301	14.32289857	12.58679874
8.420141684	19.87850398	8.420141684	63.28121266
1.822920729	9.809033924	85.15623406	3.211811285
49.04512452	4.253472127	40.71182036	5.989582995
4.94791901	19.18399616	15.36459693	60.5034879
2.864580412	60.85070876	36.19790521	0.0868056125
13.2813	14.6701	23.3507	48.6979
8.420142694	0.4340281389	63.97572047	27.17010869
2.864579427	2.517359497	91.75348165	2.864579427
5.642359436	60.85069391	29.60069704	3.906249609
5.989582995	63.97573199	4.253472127	25.78121289
10.5035	21.2674	28.559	39.6701
4.60069046	2.170140217	87.58680876	5.642360564
3.559030712	8.767361753	79.94791599	7.725691545
4.253471276	53.90621617	28.90630867	12.93400388
10.85069566	59.46177622	5.295137882	24.39239024
7.031246484	34.46178277	26.12848694	32.37848381
>cisbp__M01454
15.60094501	48.78054132	4.514667272	31.1038464
28.7096366	48.29040257	11.32749365	11.67246719
59.61833111	29.60558707	0.9212379612	9.854843854
9.980890284	1.955551583	81.50564591	6.557912221
5.495716183	81.7747824	0.4985601242	12.23094129
10.06219835	76.61444715	2.313555838	11.00979867
55.0545308	20.45698038	8.071377514	16.41711131
10.45959867	67.18970856	3.481697945	18.86899483
27.32476655	42.00520296	11.22107258	19.44895791
18.79285034	33.23077805	20.76931166	27.20705994
>cisbp__M06593
16.9014	62.3239	4.9296	15.8451
37.1479	13.2042	22.8873	26.7606
9.507009507	61.97186197	9.507009507	19.01411901
9.1549	73.4155	6.5141	10.9155
33.4507	0	44.5423	22.007
11.0915	67.4296	2.4648	19.0141
10.2113	75.7042	2.4648	11.6197
31.6901	5.8099	42.7817	19.7183
11.09151109	60.03526004	5.281705282	23.59152359
11.61968838	71.47882852	4.225395775	12.67608732
29.0493	5.6338	36.0915	29.2254
6.5141	59.8592	6.6901	26.9366
6.161993838	81.51401849	0.8802991197	11.44368856
43.838	0.5282	41.9014	13.7324
4.049295951	89.26051074	2.464797535	4.225395775
4.2254	92.6056	0.7042	2.4648
13.2042	0.8803	78.3451	7.5704
16.72538327	51.05624894	4.225395775	27.99297201
3.3451	92.6056	0.5282	3.5211
48.23944824	1.584501585	33.27463327	16.9014169
>cisbp__M06676
17.2589	41.7936	15.5668	25.3807
20.3046203	44.5008445	12.01351201	23.18102318
24.8731	19.1201	32.6565	23.3503
15.9052	43.6548	16.9205	23.5195
18.95091895	44.33164433	15.56681557	21.15062115
23.35027665	14.38238562	34.17936582	28.08797191
13.02878697	48.9001511	13.70558629	24.36547563
15.3976	50.7614	13.8748	19.9662
28.08797191	16.41288359	35.7021643	19.7969802
14.044	49.0694	14.89	21.9966
14.3824	53.8071	10.6599	21.1506
27.4112	13.7056	40.4399	18.4433
13.8748	49.4078	14.2132	22.5042
19.797	55.1607	6.7682	18.2741
25.21147479	9.306290694	38.40946159	27.07277293
5.5838	55.1607	20.8122	18.4433
17.5973	80.5415	1.3536	0.5076
2.5381	0	93.0626	4.3993
0	98.9848	1.0152	0
1.1844	98.8156	0	0
2.8765	0	96.4467	0.6768
0.6768	88.6633	1.0152	9.6447
0	99.6616	0.3384	0
40.7783	0	46.1929	13.0288
>cisbp__M06955
8.2005	72.6651	1.8223	17.3121
8.8838	3.6446	79.7267	7.7449
3.6446	30.2961	65.3759	0.6834
5.011394989	93.62180638	0.2277997722	1.138998861
2.0501	0	92.7107	5.2392
15.71751572	4.1002041	67.88156788	12.3007123
47.6082	25.0569	12.5285	14.8064
37.8132	2.2779	43.7358	16.1731
43.0524	5.0114	35.3075	16.6287
41.0023	23.2346	3.6446	32.1185
22.0957	11.8451	37.1298	28.9294
28.7016	11.6173	53.0752	6.6059
12.3007	81.3212	0	6.3781
0.4555995444	0.4555995444	98.63320137	0.4555995444
0	14.8064	84.738	0.4556
22.55127745	62.64233736	3.189096811	11.61728838
7.7449	2.2779	82.4601	7.5171
23.6902	4.1002	61.959	10.2506
40.5467	28.0182	10.7062	20.7289
21.41227859	5.922594077	50.34164966	22.32347768
35.76306424	12.52848747	34.3963656	17.31208269
>cisbp__M07268
23.48482348	50.25255025	7.828307828	18.43431843
28.78787121	15.65658434	24.74747525	30.80806919
15.1515	47.7273	11.8687	25.2525
10.3535	53.0303	10.101	26.5152
21.9697	22.2222	33.0808	22.7273
9.3434	54.5455	17.4242	18.6869
13.63638636	56.56564343	12.87878712	16.91918308
23.7374	18.9394	32.0707	25.2525
16.66668333	42.92925707	14.64648535	25.75757424
22.7273	45.202	8.3333	23.7374
36.3636	5.5556	17.1717	40.9091
10.35351035	43.43434343	12.37371237	33.83843384
18.1818	71.9697	0.2525	9.596
27.7778	4.2929	32.5758	35.3535
2.777797222	83.58581641	0	13.63638636
2.5253	97.4747	0	0
20.9596	0	71.2121	7.8283
0	88.3838	0	11.6162
1.2626	98.7374	0	0
19.697	0	69.1919	11.1111
9.848490152	30.80806919	18.68688131	40.65655934
