>jaspar__MA1164.1
212	168	57	163
264	99	111	126
304	39	166	91
489	19	29	63
597	0	0	3
0	0	513	87
600	0	0	0
2	0	0	598
14	1	5	580
0	600	0	0
79	233	70	218
>jaspar__MA1387.1
234	85	129	148
126	66	290	114
260	70	92	174
392	48	45	111
101	71	34	390
132	302	97	65
144	101	250	101
423	32	61	80
548	0	20	28
0	0	405	191
596	0	0	0
0	0	0	596
25	22	4	545
0	596	0	0
43	250	28	275
>cisbp__M07016
25.58527441	20.06687993	27.59197241	26.75587324
39.9666	15.8863	14.214	29.9331
46.99	10.5351	15.0502	27.4247
26.9231	21.5719	8.3612	43.1438
31.6054	29.2642	15.2174	23.913
20.5686	13.7124	51.6722	14.0468
76.75582324	4.849495151	7.525092475	10.86958913
98.495	0	0.6689	0.8361
0	0	61.0368	38.9632
100	0	0	0
0	0	0	100
2.341102341	1.505001505	0.1672001672	95.98669599
0	100	0	0
5.351194649	46.32105368	6.187293813	42.14045786
>cisbp__M07017
29.88312988	25.70952571	7.846407846	36.56093656
31.0518	24.207	17.1953	27.5459
16.52751653	15.69281569	52.42075242	15.35891536
72.621	7.8464	6.177	13.3556
97.4958	1.5025	0	1.0017
0	0	61.6027	38.3973
100	0	0	0
0.1669	0	0	99.8331
2.337202337	0.1669001669	0	97.4958975
0	100	0	0
2.6711	46.7446	6.8447	43.7396
>cisbp__M07113
34.6154	29.4314	12.5418	23.4114
41.3043413	15.55181555	15.55181555	27.59202759
39.7993398	11.37121137	33.44483344	15.38461538
82.7759	6.1873	3.8462	7.1906
99.8328	0	0.1672	0
0	0	83.612	16.388
100	0	0	0
0.1672	0	0	99.8328
2.3411	0.5017	0.6689	96.4883
0	100	0	0
12.0401	42.9766	12.2074	32.7759
