>cisbp__M06842
14.90788509	24.45557554	6.365193635	54.27134573
29.64822965	28.97822898	5.36010536	36.01343601
69.01176901	20.1005201	9.212709213	1.675001675
0	100	0	0
0	2.8476	0	97.1524
0	0	0	100
0	0	0	100
27.4707	0	0	72.5293
2.8476	4.8576	0	92.2948
22.7806	22.9481	33.8358	20.4355
19.4305	21.1055	20.4355	39.0285
22.27807772	22.44557755	15.57788442	39.6984603
23.2831	15.9129	12.7303	48.0737
27.1357	17.9229	10.5528	44.3886
25.7956258	17.08541709	13.4003134	43.71864372
