>jaspar__MA0506.2
2195	3418	4931	2185
2504	4284	2587	3354
1289	7208	3330	902
744	1831	864	9290
445	339	11841	104
408	11783	343	195
286	193	12026	224
147	11838	510	234
4332	5475	2514	408
128	577	446	11578
68	251	12324	86
131	12143	201	254
274	576	11169	710
426	8461	1008	2834
4157	2501	4790	1281
>swissregulon__hs__NRF1
373	2996	941	468
248	812	506	3212
172	29	4563	14
191	4472	86	29
81	19	4664	14
24	4692	33	29
3502	803	325	148
196	368	798	3416
24	62	4659	33
53	4582	19	124
38	96	4405	239
29	4434	43	272
>swissregulon__mm__Nrf1
40	167	115	178
51	6	443	0
34	459	7	0
11	0	486	3
3	494	3	0
345	106	38	11
17	15	66	402
2	0	497	1
0	500	0	0
0	2	485	13
0	488	0	12
420	18	46	16
61	140	282	17
91	118	102	189
76	63	326	35
>hocomoco__NRF1_HUMAN.H11MO.0.A
54	279	73	94
214	62	79	145
27	257	171	45
28	50	23	399
45	1	454	0
14	484	2	0
5	0	494	1
1	496	1	2
391	69	24	16
20	38	82	360
4	5	488	3
7	457	1	35
0	21	433	46
4	400	7	89
213	97	158	32
140	70	189	101
57	148	261	34
>hocomoco__NRF1_MOUSE.H11MO.0.A
33	324	51	92
227	66	92	115
41	251	172	36
23	61	37	379
22	4	474	0
20	466	14	0
1	2	496	1
2	491	4	3
355	88	26	31
15	40	83	362
0	4	495	1
1	473	1	25
3	12	447	38
1	447	2	50
176	117	171	36
134	96	211	59
48	175	242	35
>taipale__NRF1_full_YGCGCATGCGCN_repr
41	1024	26	1807
987	6	2831	0
35	2831	9	2
59	5	2831	4
1	2831	0	1
2831	43	64	20
21	121	46	2831
0	4	2831	2
5	2831	4	48
3	40	2831	64
8	2831	12	657
1301	497	446	587
>dbtfbs__NRF1_representative_N1
10	108	37	340
19	0	475	1
15	475	5	0
0	0	495	0
0	495	0	0
491	2	0	2
26	86	180	203
0	2	493	0
1	476	2	16
0	5	460	30
0	432	8	55
>dbtfbs__ZBTB2_K562_ENCSR230PTV_merged_N1
0	23	4	318
11	0	334	0
8	335	2	0
0	0	345	0
0	345	0	0
267	47	29	2
3	17	26	299
0	0	345	0
0	332	0	13
5	4	315	21
0	308	3	34
>dbtfbs__mm_NRF1_representative_N1
75	5	411	2
36	430	20	7
25	1	464	3
1	492	0	0
382	58	45	8
17	72	123	281
5	19	462	7
0	493	0	0
0	3	476	14
0	476	0	17
384	16	93	0
>elemento__CGCAAGC
0	100	0	0
0	0	100	0
0	100	0	0
100	0	0	0
100	0	0	0
0	0	100	0
0	100	0	0
>elemento__CGCAAGCG
0	100	0	0
0	0	100	0
0	100	0	0
100	0	0	0
100	0	0	0
0	0	100	0
0	100	0	0
0	0	100	0
>elemento__CGCACGCGC
0	100	0	0
0	0	100	0
0	100	0	0
100	0	0	0
0	100	0	0
0	0	100	0
0	100	0	0
0	0	100	0
0	100	0	0
>elemento__CGCATGCG
0	100	0	0
0	0	100	0
0	100	0	0
100	0	0	0
0	0	0	100
0	0	100	0
0	100	0	0
0	0	100	0
>elemento__CGCATGCGC
0	100	0	0
0	0	100	0
0	100	0	0
100	0	0	0
0	0	0	100
0	0	100	0
0	100	0	0
0	0	100	0
0	100	0	0
>homer__CTGCGCATGCGC_NRF1
7.792207792	62.73726274	19.68031968	9.79020979
5.194805195	16.98301698	10.58941059	67.23276723
3.6	0.6	95.5	0.3
4	93.6	1.8	0.6
1.7	0.4	97.6	0.3
0.4995004995	98.2017982	0.6993006993	0.5994005994
73.32667333	16.78321678	6.793206793	3.096903097
4.1	7.7	16.7	71.5
0.5	1.3	97.5	0.7
1.1	95.9	0.4	2.6
0.8	2	92.2	5
0.6	92.8	0.9	5.7
>homer__GTGCGCATGCGC_NRF
0.1	41.5	43.2	15.2
0.1	39.1	0.1	60.7
0.1	0.1	99.7	0.1
0.1	99.7	0.1	0.1
0.1	0.1	99.7	0.1
0.1	99.7	0.1	0.1
99.7	0.1	0.1	0.1
0.1	0.1	0.1	99.7
0.1	0.1	99.7	0.1
0.1	99.7	0.1	0.1
0.1	0.1	99.7	0.1
0.1	99.7	0.1	0.1
>cisbp__M08177
13.01903114	8.109861592	78.87110727	0
13.47318339	86.52681661	0	0
4.238754325	4.087370242	91.67387543	0
0	86.85121107	10.12110727	3.027681661
32.74221453	40.26816609	20.22058824	6.769031142
0	8.715397924	11.41868512	79.86591696
0	0	100	0
0	93.81487889	0	6.185121107
0	7.547577855	92.45242215	0
1.600346021	98.39965398	0	0
48.55103806	17.38754325	34.06141869	0
