>kznf__ZNF274_Imbeault2017_OM_RCADE
72.15024228	1.165799067	5.310875751	21.3730829
15.67358934	0.1295339119	84.06734283	0.1295339119
98.05699216	1.683939865	0.1295339896	0.1295339896
8.419690674	0.1295340104	90.80310726	0.6476680518
81.47669837	0.647667987	17.74609965	0.1295339974
97.02072134	0.1295340285	2.720210598	0.1295340285
9.974091995	40.54400811	8.419691684	41.06220821
2.720208803	21.89119037	0.129533943	75.25906689
0.1295339974	99.61139801	0.1295339974	0.1295339974
86.13989828	13.08289974	0.1295339974	0.647667987
0.1295340415	32.77201049	0.1295340415	66.96892143
90.8031109	0.6476680777	7.383420886	1.16580014
>kznf__ZNF585A_Imbeault2017_RP_RCADE
14.19789148	5.353426788	2.175728695	78.27295304
0.4042498343	94.37226131	0.7276507017	4.495838157
14.02890701	17.69890885	3.581951791	64.69023235
0.08085014018	0.08085014018	99.75744958	0.08085014018
0.08085008375	4.383229119	4.172439161	91.36348164
44.21782206	0.08085014034	12.08850603	43.61282176
0.08085009984	59.19239988	0.08085009984	40.64589992
0.08085014018	0.08085014018	0.08085014018	99.75744958
1.051049999	71.31269993	0.08085009992	27.55539997
