>jaspar__MA0093.3
14420	10466	14648	15800
16095	6276	20788	12175
7574	3030	43094	1636
3841	9543	3912	38038
533	53536	766	499
53654	654	477	549
418	13185	3666	38065
3453	1387	50076	418
448	264	601	54021
403	817	53634	480
45587	3045	4679	2023
1845	41450	3018	9021
11280	19456	6943	17655
14087	14475	10333	16439
>jaspar__MA0281.2
73	44	46	93
75	33	85	63
137	14	73	32
12	20	55	169
1	254	1	0
253	0	2	1
1	243	2	10
7	0	249	0
0	0	0	256
0	1	255	0
215	24	11	6
17	146	9	84
67	93	21	75
83	50	47	76
79	33	66	78
>jaspar__MA0526.4
4809	2514	7445	3963
7043	583	11688	46
450	2548	160	16183
0	18731	6	7
18731	6	4	5
0	18731	9	39
41	0	18731	0
10	4	12	18731
15	9	18731	0
16175	162	2556	440
33	11694	574	7037
3988	7483	2488	4772
>jaspar__MA0620.3
16903	14427	14387	17810
17916	14092	15140	16379
20979	11587	14438	16523
23673	7202	18498	14154
19441	5205	36761	2120
2416	4997	2991	53123
237	62666	416	208
61547	751	469	760
313	47772	1140	14302
14306	1140	47768	313
759	469	751	61548
208	416	62666	237
53124	2990	4999	2414
2119	36765	5204	19439
14149	18498	7207	23673
16527	14437	11586	20977
16378	15135	14097	17917
17807	14383	14433	16904
>jaspar__MA0636.1
2894	1046	5574	59
98	17	1831	5574
2	5574	3	1
5574	12	21	3
1	5574	1	5
2	1	5574	0
19	16	16	5574
1	1	5574	0
5574	1229	7	23
74	5574	985	1963
>jaspar__MA0663.1
177	4	110	41
0	17	61	322
3	251	3	4
234	0	6	0
0	257	0	0
1	0	558	1
2	1	1	315
2	0	555	5
240	9	35	16
23	84	6	235
>jaspar__MA0664.1
345	31	220	113
126	28	133	468
0	448	11	0
411	0	2	5
2	452	12	0
20	2	735	0
0	0	3	562
0	0	727	0
356	110	87	113
138	181	53	442
>jaspar__MA0828.2
5381	2286	1193	5391
3386	2425	2744	5697
9699	119	4554	1
103	60	4	14252
0	14252	24	0
14252	0	205	1
12	14252	556	5
6	553	14252	12
2	218	0	14252
0	26	14252	0
14252	1	61	107
1	4548	116	9704
5670	2776	2399	3407
5381	1200	2295	5377
>jaspar__MA0829.2
2535	1208	1991	1407
2040	1659	2254	1188
4921	484	1576	160
178	165	128	6670
103	6770	158	110
6892	61	57	131
48	5502	1467	124
191	4187	2702	61
130	100	45	6866
63	221	6786	71
6710	118	116	197
141	1456	510	5034
1173	2261	1590	2117
1370	2000	1134	2637
>jaspar__MA0831.3
6289	1050	13651	142
591	1743	1295	19939
0	19939	4	0
19939	10	6	34
0	19939	6	774
782	6	19939	0
39	0	16	19939
0	5	19939	0
19939	1312	1725	594
124	13648	1050	6291
>jaspar__MA0871.2
3273	4679	2355	2725
1841	2887	2302	922
0	7952	3	0
7952	0	145	374
0	7952	0	210
69	0	7952	0
0	0	0	7952
0	4	7952	0
7952	411	143	47
17	6900	58	1052
1850	2828	1708	1566
>jaspar__MA0964.2
433	255	283	417
433	271	535	149
96	91	190	1011
5	1377	3	3
1380	1	0	7
1	1376	0	11
11	0	1376	1
7	0	1	1380
3	3	1377	5
1011	190	91	96
149	535	271	433
417	283	255	433
>jaspar__MA1449.1
513	371	404	474
695	158	664	245
125	181	104	1352
6	1739	11	6
1667	16	12	67
14	1562	31	155
155	31	1562	14
67	12	16	1667
6	11	1739	6
1352	104	181	125
245	664	158	695
474	404	371	513
>jaspar__MA1926.1
274	246	238	242
258	259	229	253
304	199	231	267
321	163	270	245
397	121	399	83
144	212	110	534
43	878	42	37
980	6	7	7
8	955	8	30
24	9	958	8
8	8	6	977
10	18	964	9
669	73	166	93
80	424	110	386
269	272	160	300
291	234	196	279
281	232	253	234
271	238	244	246
267	243	239	251
268	245	241	246
>swissregulon__hs__SREBF1
1188	134	537	16
202	52	14	1725
6	1725	0	0
1725	0	27	10
0	1725	54	19
10	232	1725	0
16	79	5	1725
1	7	1725	0
1725	22	8	82
19	882	60	843
>swissregulon__mm__Arntl
73	16	1488	19
23	0	95	1292
3	704	1	4
963	0	18	0
0	697	8	1
0	0	1677	4
0	0	3	1292
0	0	1691	6
958	20	13	7
10	663	20	64
>swissregulon__mm__Bhlhe40
347.837	112.349	403.713	136.102
298.329	175.329	324.534	201.809
421.791	222.553	113.615	242.041
387.506	130.67	161.435	320.389
197.183	244.864	304.611	253.342
345.884	188.786	278.29	187.041
228.203	142.148	408.269	221.381
37.1259	6.77158	231.775	724.328
55.2139	942.8	1.19169	0.794201
974.119	4.46624	15.5349	5.88002
0.300393	958.145	7.49826	34.0561
34.0561	7.49826	958.145	0.300393
5.88002	15.5349	4.46624	974.119
0.794201	1.19169	942.8	55.2139
724.328	231.775	6.77158	37.1259
15.7205	466.476	315.208	202.596
173.67	355.17	210.71	260.449
407.419	261.539	134.43	196.612
351.478	209.698	262.426	176.399
207.869	284.582	198.951	308.598
434.482	113.724	184.408	267.386
211.144	363.745	173.978	251.133
>swissregulon__mm__Srebf1
48.140006	98.945491	128.34523	18.429594
127.967487	4.829603	161.063231	0
0.96278	21.570825	0	271.326716
0	292.894983	0.965338	0
293.860321	0	0	0
0	261.909979	0.973649	30.976693
6.805904	20.159177	264.94522	1.95002
0	1.967274	0	291.893047
2.89767	0	290.962651	0
163.986781	72.740755	47.418692	9.714093
8.708717	211.316736	33.062523	40.772345
>swissregulon__mm__Srebf2
2898	284	1059	13
385	130	16	3957
7	3957	16	1
3957	2	75	12
3	3957	82	11
21	341	3957	0
44	240	0	3957
3	13	3957	8
3957	8	39	122
20	2114	104	1843
>swissregulon__mm__Usf1
123.13	118.36	280.82	39.94
33.7	137.29	56.34	292.4
0.01	431.13	0.01	1.94
430.85	0.01	0.97	2.92
1.96	415.86	0.01	49.9
34.19	3.85	413.57	0.01
0.01	0.01	0.97	431.54
0.01	0.01	431.79	0.01
428.48	0.99	8.27	3.95
0.01	402.38	3.94	95.56
>swissregulon__sacCer__TYE7
66.23	6.57	42.24	1.69
4.17	15.59	6.07	87.13
6.1	155.27	3.07	5.62
160.36	0.34	3.5	5.23
5.05	148.28	12.24	3.9
5.61	15.23	144.82	3.94
6.69	6.53	0.6	155.08
5.03	1.65	160.88	1.78
113.71	15.79	29.36	13.84
1.78	22.11	3.78	29
>hocomoco__USF1_HUMAN.H11MO.0.A
116	75	231	58
49	6	425	0
9	10	11	450
0	480	0	0
477	0	1	2
0	461	6	13
81	3	396	0
2	4	1	473
0	0	480	0
195	80	186	19
23	225	117	115
46	233	147	54
>hocomoco__USF1_MOUSE.H11MO.0.A
62	115	225	58
106	86	207	61
53	1	406	0
1	7	3	449
0	460	0	0
460	0	0	0
0	453	2	5
54	5	401	0
1	1	0	458
0	0	460	0
174	78	174	34
23	231	110	96
31	255	132	42
>hocomoco__USF2_HUMAN.H11MO.0.A
108	104	224	64
102	70	273	55
58	8	432	2
8	24	18	450
1	499	0	0
496	0	2	2
0	463	11	26
51	0	449	0
2	4	2	492
1	0	498	1
169	84	198	49
30	224	133	113
60	232	167	41
126	149	165	60
64	185	183	68
63	165	192	80
81	163	194	62
64	189	157	90
61	137	193	109
>taipale__Mlx_DBD_ATCACGTGAT
5614	264	3060	1239
807	870	1905	7775
0	8884	3	0
7121	0	3	0
0	7878	0	0
0	0	12354	0
0	0	14	10849
0	3	11638	1
8432	1325	735	768
1018	3932	179	7456
>nitta__HLH106_TTCCGG20NTA_KD_NTCACGTGAN_m1_c4
1980	202	1393	10
890	328	52	3586
8	3586	79	4
3586	8	339	32
0	3586	501	91
89	488	3586	8
25	336	2	3586
4	70	3586	33
3586	17	210	859
3	1516	180	1887
>nitta__bigmax_TTGGAG20NTA_KD_NATCACGTGTAN_m2_c3
327	43	505	205
1039	17	426	120
11	51	138	1095
24	1163	0	1
1099	0	26	0
4	1153	0	6
21	5	1157	45
12	0	28	1099
11	0	1153	7
1354	1027	828	501
745	1013	332	1417
202	640	49	178
>nitta__cwo_TTCTAG20NATC_KG_NNRTCACGTGAYNN_m1_c3
7129	1681	4097	3452
8837	1016	4269	2237
4193	126	12166	63
213	14	691	16359
0	16359	10	1
16359	0	9	8
0	16359	0	13
7	3	16359	0
5	15	0	16359
0	13	16359	1
16359	646	26	204
55	12199	103	4160
2163	4337	1034	8826
3533	3991	1719	7115
>nitta__cyc_TCAAAC40NAAC_KAB_GTCACGTGAC_m1_c4
69	50	458	8
0	5	0	458
2	458	7	6
458	5	6	0
0	458	3	1
0	0	458	0
0	8	0	458
0	2	458	2
458	0	0	4
9	458	29	50
>taipale_cyt_meth__BHLHE40_GTCACGTGAC_eDBD
3401	2610	8903	166
165	103	2161	8903
6	8903	22	5
8903	23	102	14
5	8903	3	4
0	5	8903	5
28	88	7	8903
0	14	8903	17
8903	2138	142	161
167	8903	2644	3188
>taipale_cyt_meth__BHLHE40_GTCACGTGAC_eDBD_meth_repr
1116	758	3128	57
18	20	565	3128
0	3128	10	5
3128	0	6	6
0	3128	14	16
19	17	3128	0
0	30	0	3128
2	0	3128	4
3128	469	36	22
24	3128	757	1154
>taipale_cyt_meth__BHLHE41_GTCACGTGAC_eDBD
21677	15575	50703	316
155	59	9316	50703
0	50703	23	12
50703	0	0	0
1	50703	0	7
0	0	50703	2
0	0	0	50703
3	19	50703	0
50703	9300	37	198
260	50703	15576	21437
>taipale_cyt_meth__BHLHE41_GTCACGTGAC_eDBD_meth
7843	3993	18586	178
84	61	3091	18586
19	18586	11	2
18586	5	56	27
7	18586	15	65
67	15	18586	8
26	54	15	18586
11	11	18586	13
18586	3087	62	110
161	18586	3997	7836
>taipale_cyt_meth__SREBF1_NTCACGTGAN_eDBD
191	96	224	31
163	149	67	542
21	542	100	0
542	18	272	0
0	542	64	55
41	64	542	0
0	209	0	542
26	80	542	48
542	104	153	253
21	212	88	221
>taipale_cyt_meth__SREBF1_RTCAGGTGAY_eDBD_meth
3091	262	1609	33
74	33	48	4700
105	4700	351	1
4700	22	87	102
0	895	4700	544
59	226	4700	0
0	100	21	4700
21	76	4700	4
4700	0	114	58
6	1127	757	3574
>taipale_cyt_meth__SREBF2_ATCACGTGAY_eDBD
1386	169	148	0
163	85	0	1386
0	1386	3	2
1386	5	291	7
0	1386	122	20
28	153	1386	0
4	334	4	1386
22	44	1386	9
1386	36	70	98
14	722	40	664
>taipale_cyt_meth__SREBF2_ATCAGGTGAY_eDBD_meth
5577	254	1918	10
94	13	15	5577
82	5577	728	13
5577	10	158	312
19	1626	5577	990
77	377	5577	0
175	220	30	5577
7	176	5577	15
5577	12	146	135
43	1294	377	4284
>taipale_cyt_meth__USF2_MNCAYGTGAYN_eDBD_meth_repr
24806	7950	17060	3927
7981	14128	4298	6349
0	32756	0	0
32756	0	0	0
0	12502	0	20254
1861	0	32756	0
0	0	0	32756
0	0	32756	0
32756	0	357	0
0	26842	0	5915
8154	12042	5526	7034
>dbtfbs__USF1_representative_N1
28	186	235	51
81	131	263	25
20	199	73	208
0	500	0	0
495	2	0	3
0	426	6	68
12	3	485	0
0	0	0	500
0	0	500	0
475	12	9	4
0	437	6	57
31	258	91	120
>dbtfbs__USF2_representative_N1
51	6	443	0
3	14	12	471
0	500	0	0
497	0	0	3
0	489	4	7
68	1	431	0
0	1	3	496
0	0	500	0
217	61	189	33
21	239	135	105
49	239	186	26
>dbtfbs__ZNF507_K562_ENCSR598TIR_merged_N1
104	15	240	6
1	7	19	338
2	363	0	0
365	0	0	0
1	141	73	150
4	9	352	0
0	0	4	361
0	0	365	0
311	4	45	5
18	257	42	48
>dbtfbs__mm_USF2_CH12.LX_ENCSR000ERJ_merged_N1
139	97	246	18
39	177	48	236
1	499	0	0
499	1	0	0
0	467	0	33
26	8	466	0
2	1	0	497
0	0	500	0
476	12	8	4
0	449	3	48
59	281	39	121
>transfac_public__M00539
7	16	14	5
14	13	12	3
14	8	11	9
14	12	8	8
10	7	15	10
15	5	19	3
6	0	8	28
0	42	0	0
42	0	0	0
0	42	0	0
0	0	42	0
0	0	0	42
0	0	42	0
28	8	0	6
3	19	5	15
10	15	7	10
8	8	12	14
9	11	8	14
3	12	13	14
5	14	16	7
>homer__GTCACGTGACYV_TFE3
36.1	5.5	57.1	1.3
2	8	2.4	87.6
0.1	98.4	1.1	0.4
96.4	1.1	1.2	1.3
0.4	85.1	1	13.5
16.9	1	81.4	0.7
1	1	1.1	96.9
0.4	1.5	97.6	0.5
88.9	3.8	5.5	1.8
1.7	58.1	6.4	33.8
19.7	35.3	11.8	33.2
28.5	34.1	20.6	16.8
>yetfasco__YOR344C_397
56.25625626	7.807807808	25.12512513	10.81081081
4.6	10.6	2.6	82.2
3.696303696	90.40959041	2.297702298	3.596403596
90.3	0.3	3.3	6.1
1	83.9	12.2	2.9
4.604604605	11.21121121	83.78378378	0.4004004004
5.405405405	5.805805806	0.7007007007	88.08808809
0.4	0.8	97.9	0.9
74.5	3.4	17.2	4.9
>scertf__spivak.TYE7
59	6	29	4
4	13	4	77
1	95	1	1
89	1	4	5
1	84	11	2
5	22	70	1
6	10	1	81
1	10	87	0
82	3	9	5
5	44	11	39
>cisbp__M01762
37.26970744	13.12670814	36.89923439	12.70435003
13.2629778	12.06175806	15.03480755	59.6404566
5.380608805	83.39977079	4.000404517	7.219215891
86.05504107	1.433742447	6.296197384	6.215019097
4.976531473	73.38948659	3.644818111	17.98916383
17.98916383	3.644818111	73.38948659	4.976531473
6.215019097	6.296197384	1.433742447	86.05504107
7.219215891	4.000404517	83.39977079	5.380608805
59.6404566	15.03480755	12.06175806	13.2629778
12.70435003	36.89923439	13.12670814	37.26970744
>cisbp__M01767
58.9916056	5.982697105	32.43255576	2.593141532
7.71411778	4.490445368	3.126116606	84.66932025
3.419612947	94.59012489	1.66108826	0.3291738983
96.23846253	0.08156662353	1.910159508	1.76981134
0.06226426885	92.5283342	4.364691137	3.04471039
3.04471039	4.364691137	92.5283342	0.06226426885
1.76981134	1.910159508	0.08156662353	96.23846253
0.3291738983	1.66108826	94.59012489	3.419612947
84.66932025	3.126116606	4.490445368	7.71411778
2.593141532	32.43255576	5.982697105	58.9916056
>cisbp__M07785
21.501	17.2414	48.4787	12.7789
12.17038783	1.825598174	86.004014	0
1.4199	4.8682	5.2738	88.4381
0	100	0	0
100	0	0	0
0	97.7688	1.217	1.0142
12.9817	0	87.0183	0
0	0.6085	0	99.3915
0	0	100	0
39.7566	11.7647	43.2049	5.2738
7.099407099	44.62474462	29.20892921	19.06691907
6.8966	44.0162	41.9878	7.0994
16.22718377	38.53956146	34.68556531	10.54768945
18.8641	26.572	43.2049	11.359
22.5152	28.1947	40.1623	9.1278
>cisbp__M07786
17.1717	25.6566	42.8283	14.3434
21.2121	16.5657	52.1212	10.101
11.1111	1.0101	87.8788	0
0.404	2.6263	1.6162	95.3535
0	100	0	0
100	0	0	0
0	96.1616	1.0101	2.8283
15.3535	0.6061	84.0404	0
0.8081	0	0	99.1919
0	0	100	0
45.4545	14.9495	34.9495	4.6465
4.444404444	52.92935293	25.25252525	17.37371737
9.2929	50.101	32.9293	7.6768
21.2121	32.7273	36.5657	9.4949
14.3434	40.202	34.9495	10.5051
22.0202	26.4646	41.8182	9.697
>cisbp__M07787
23.38707661	13.70968629	55.84674415	7.056492944
17.7419	1.2097	81.0484	0
0.4032004032	5.04030504	2.217702218	92.33879234
0	100	0	0
99.5968	0	0	0.4032
0	98.99199899	0.6048006048	0.4032004032
21.9758	0.4032	77.621	0
0.4032	0	0.2016	99.3952
0	0	100	0
43.3468	14.3145	33.4677	8.871
6.24999375	46.16935383	18.54838145	29.03227097
>cisbp__M07788
22.7642	13.2114	51.4228	12.6016
12.6016	1.626	85.7724	0
1.829298171	1.829298171	4.268295732	92.07310793
0	100	0	0
100	0	0	0
0	96.3415	1.2195	2.439
8.5366	0	91.4634	0
0.6098	0	0	99.3902
0	0	100	0
45.12195488	11.78858821	37.3983626	5.691094309
4.6748	45.7317	27.0325	22.561
10.36588963	45.12195488	39.02436098	5.487794512
26.2195	32.3171	32.1138	9.3496
>cisbp__M07789
29.1837	9.7959	51.4286	9.5918
13.0612	1.6327	85.3061	0
0	2.449	4.6939	92.8571
0	100	0	0
99.7959	0.2041	0	0
0	95.5102	0.8163	3.6735
20	0	80	0
0.2040997959	0.2040997959	0.2040997959	99.38770061
0	0	100	0
43.46935653	11.42858857	39.38776061	5.714294286
3.877596122	54.8979451	24.48977551	16.73468327
8.5714	54.898	32.0408	4.4898
28.7755	36.5306	29.3878	5.3061
>cisbp__M07807
22.3577	16.8699	50.4065	10.3659
11.99188801	1.422798577	86.58531341	0
0.2032997967	3.048796951	1.625998374	95.12190488
0	100	0	0
100	0	0	0
0	97.96740203	0.2032997967	1.829298171
11.3821	1.626	86.9919	0
0	0.6098	0	99.3902
0	0	100	0
40.85365915	14.43088557	39.43086057	5.284594715
5.8943	46.9512	27.2358	19.9187
8.536591463	45.93495407	39.02436098	6.504093496
17.2764	31.9106	40.2439	10.5691
14.4309	35.1626	39.2276	11.1789
20.12197988	28.45527154	41.26015874	10.16258984
>cisbp__M07808
17.6	26.6	45	10.8
15.2	21	55.8	8
9	1.6	89.4	0
0.4	4.6	3.2	91.8
0	99.8	0	0.2
99.4	0	0.6	0
0	98.2	0.8	1
4.4	0	95.6	0
0.8	0.8	0	98.4
0	0	99.8	0.2
36.4	17	41.8	4.8
6.8	47	31	15.2
7.8	41.8	43.2	7.2
13.8	32.4	43.8	10
11.8	34.2	46	8
>cisbp__M07809
27.1984	13.0879	53.3742	6.3395
10.8384	1.227	87.9346	0
0.409	2.045	2.2495	95.2965
0	100	0	0
100	0	0	0
0	95.501	0.818	3.681
19.8364	1.4315	78.7321	0
0.409	0.2045	0	99.3865
0	0	100	0
38.8548	15.9509	41.5133	3.681
4.09	52.9652	24.7444	18.2004
7.5665	50.5112	35.5828	6.3395
25.7669	31.4928	34.9693	7.771
14.11041411	38.85483885	33.53783354	13.4969135
22.9039	23.3129	41.1043	12.6789
>cisbp__M07810
17.5869	16.9734	59.9182	5.5215
11.6564	1.4315	86.9121	0
0.6135	4.7035	1.0225	93.6605
0	100	0	0
99.7955	0.2045	0	0
0	97.3415	1.0225	1.636
12.8834	0	87.1166	0
0.6135	0	0	99.3865
0	0	100	0
39.8773	15.1329	40.6953	4.2945
5.112494888	49.07975092	26.38037362	19.42738057
>cisbp__M07811
16.2	30.4	40.8	12.6
30.6	15	47.6	6.8
14.4	1	84.6	0
1	2.6	3.8	92.6
0	99.6	0.2	0.2
99.2	0.2	0.6	0
0	92.6	1.4	6
19.2	2.8	78	0
1.2	1.2	0	97.6
0	0.2	99.8	0
39	15.4	41	4.6
7.2	54	25.8	13
9.4	53.8	30.6	6.2
26.4	27.8	37.8	8
>cisbp__M07822
17.73258227	21.8022782	54.36044564	6.104693895
13.3721	0.8721	85.7558	0
0	4.3605	1.1628	94.4767
0	89.2442	10.7558	0
99.4186	0	0	0.5814
0	96.5116	2.3256	1.1628
12.7907	0	87.2093	0
0	1.1628	0	98.8372
0	10.4651	89.5349	0
44.7674	14.8256	35.7558	4.6512
6.104693895	46.51155349	29.65117035	17.73258227
>cisbp__M07823
13.8973139	15.10571511	59.81875982	11.17821118
16.9184	0	83.0816	0
0	1.8127	0.3021	97.8852
0	77.9456	22.0544	0
99.6979	0	0	0.3021
0	99.0937	0.6042	0.3021
12.6888	0.3021	87.0091	0
0	1.2085	0	98.7915
3.3233	18.1269	78.5498	0
55.8912	13.8973	22.9607	7.2508
5.7402	51.3595	27.4924	15.4079
>cisbp__M07824
18.98308102	18.64408136	56.94914305	5.423694576
13.8983	0	86.1017	0
0	4.4068	0	95.5932
0	77.6271	22.3729	0
99.661	0	0	0.339
0	95.25429525	1.355901356	3.38980339
5.4237	0	94.5763	0
0	0.678	0	99.322
4.4068	17.9661	76.2712	1.3559
52.5424	11.1864	30.1695	6.1017
5.7627	46.1017	29.8305	18.3051
