>swissregulon__sacCer__ASG1
6.66	109.11	3.1	9.11
2.42	114.1	10.49	0.96
1.01	12.29	112.19	2.49
6.15	9.35	107.31	5.16
29.95	53.75	36.46	7.82
33.81	64.49	7.97	21.71
5.16	7.97	83.38	31.47
61.84	8.44	27.89	29.81
7.49	9.35	82.62	28.53
105.1	7.12	10.66	133.1
13.93	61.12	32.5	147.16
5.16	235.31	9.35	6.15
2.49	240.19	12.29	1.01
0.96	10.49	242.1	2.42
39.83	3.1	206.39	6.66
>yetfasco__YIL130W_807
5.207343664	85.24776072	2.42728641	7.117609204
1.895609122	89.14568968	8.203398888	0.7553023112
0.7897588086	9.605383776	87.65263927	1.952218146
4.810875599	7.312312138	83.84090077	4.03591149
42.96920827	14.39151921	31.75514265	10.88412987
50.98899594	8.333161398	5.56500909	35.11283357
22.29044742	64.54948389	7.306729032	5.853339659
23.29619143	21.79211685	6.596610065	48.31508165
24.58934355	65.14377851	6.22979338	4.037084556
16.96478434	6.233522458	50.38508163	26.41661157
6.113077321	28.48636748	41.9944158	23.4061394
4.03591149	83.84090077	7.312312138	4.810875599
1.952218146	87.65263927	9.605383776	0.7897588086
0.7553023112	8.203398888	89.14568968	1.895609122
7.117609204	2.42728641	85.24776072	5.207343664
34.93517018	6.578675805	36.35775066	22.12840336
>scertf__badis.GSM1
2	94	2	2
1	97	1	1
1	7	91	1
5	1	93	1
57	7	26	9
>scertf__zhu.ASG1
5	85	2	7
2	89	8	1
1	10	87	2
5	7	84	4
23	42	28	6
26	50	6	17
4	6	65	25
48	7	22	23
6	7	65	22
35	6	8	51
11	32	14	43
4	84	7	5
2	87	10	1
1	8	89	2
7	2	85	5
