>jaspar__MA0467.2
1048	923	1358	1004
1497	670	1399	767
19	155	4129	30
26	36	4200	71
4227	17	42	47
11	32	9	4281
50	25	20	4238
4241	25	23	44
1349	739	1353	892
1205	1151	1127	850
>jaspar__MA0648.1
1249	1912	2039	882
955	2885	553	1688
0	54	0	6081
6081	71	176	89
6081	0	0	0
0	25	144	6081
416	6081	452	787
315	6081	828	1099
836	2398	1732	1115
1097	2197	619	2168
>jaspar__MA0682.2
2898	6099	2382	4432
0	0	0	10531
10531	0	0	0
10531	0	0	0
0	0	1039	10531
143	10531	0	141
68	10531	134	547
2348	4194	1876	2113
>jaspar__MA0711.1
5118	6501	3186	8636
745	90	0	23441
23441	0	254	544
23441	0	0	0
243	0	3160	23441
647	23441	659	378
789	23441	8662	3363
1873	6182	10599	4787
>jaspar__MA0712.2
42531	24445	22124	31579
39166	17328	31825	32360
37155	5322	55814	22388
5435	827	111741	2676
2918	1620	113842	2299
116411	2220	706	1342
765	598	787	118529
1913	1771	1407	115588
114798	636	1302	3943
30848	12347	52479	25005
39802	25479	27153	28245
36006	20623	29814	34236
>jaspar__MA0714.1
1626	1924	1634	1069
1602	2899	806	3354
493	51	9	6253
6253	32	260	158
6253	0	15	0
262	138	1101	6253
318	6253	166	236
227	6253	239	968
1138	2950	970	1195
>jaspar__MA0719.1
3224	2644	1855	3193
2837	0	478	10916
5543	0	5373	1367
10916	0	0	0
0	0	3540	7376
0	10916	0	0
0	10916	0	2275
3223	3453	2117	2123
>jaspar__MA0883.1
34	13	12	41
28	8	37	27
49	8	31	12
49	8	13	30
25	36	18	21
28	50	20	3
6	1	93	0
0	1	99	0
94	6	0	0
0	0	0	99
1	1	0	98
97	0	0	3
40	5	35	20
9	11	37	42
15	28	30	27
30	20	19	30
37	12	15	36
>jaspar__MA0891.1
461	686	442	427
356	839	190	630
116	0	0	2016
2016	87	56	201
2016	11	0	132
0	41	145	2016
255	2016	179	204
182	2016	422	439
205	668	698	444
509	814	168	525
>jaspar__MA1547.2
924	2782	454	3859
0	51	0	8019
8019	0	0	0
8019	0	0	0
0	0	668	8019
0	8019	0	0
0	8019	0	189
881	4129	786	2222
>jaspar__MA1908.1
304	200	216	280
305	224	202	269
277	237	210	275
258	267	231	244
258	246	272	223
258	252	276	214
296	266	232	207
169	162	96	573
86	24	15	875
915	13	32	40
933	14	25	28
40	35	89	836
65	814	61	61
55	769	77	99
123	200	548	129
263	293	219	225
257	231	192	321
260	229	185	327
321	212	183	285
312	226	191	271
303	244	193	260
288	251	192	269
>swissregulon__hs__CRX
12.84016393	13.05327869	20.72540984	5.381147541
14.17213115	0.9590163934	24.72131148	12.14754098
6.073770492	1.06557377	43.79508197	1.06557377
38.57377049	11.29508197	0	2.131147541
2.131147541	0	0	49.86885246
2.131147541	1.06557377	0	48.80327869
49.86885246	1.06557377	1.06557377	0
20.37909836	2.797131148	22.82991803	5.993852459
>swissregulon__hs__OTX2
6051	6846	2453	12678
971	136	0	28028
28028	43	360	1328
28028	0	0	0
370	62	2361	28028
1062	28028	699	1228
1094	28028	1630	8343
2573	7601	8260	9594
>swissregulon__hs__PITX2
0.950310559	4.01242236	2.956521739	9.080745342
1.900621118	0.950310559	8.02484472	6.124223602
2.00621118	0	14.04347826	0.950310559
0	0	17	0
14.04347826	2.956521739	0	0
0	0	0	17
0	0	0.950310559	16.04968944
11.93167702	0.950310559	0	4.118012422
6.968944099	5.173913043	3.801242236	1.055900621
6.150621118	3.299689441	2.138198758	5.411490683
>swissregulon__mm__Crx
90.5714	470.784	132.533	306.112
97.553	215.274	380.528	306.645
329.642	96.1258	139.164	435.068
256.197	120.19	173.105	450.508
92.5585	110.352	731.426	65.6637
91.7132	267.719	595.502	45.0655
43.9047	2.92694	952.004	1.16456
3.16014	2.1035	990.877	3.85938
959.206	38.9745	0.375145	1.4443
3.08049	4.24314	0.705584	991.971
15.5572	2.68498	0.597109	981.161
979.685	0.441925	2.64528	17.2275
372.459	28.4574	403.587	195.497
92.9949	682.203	100.835	123.967
103.13	522.168	231.711	142.992
194.271	158.404	247.437	399.888
>swissregulon__mm__Dmbx1
1804	1024	2221	1575
1541	2404	1874	804
1572	1083	6623	441
943	374	6623	560
6623	682	527	116
17	0	265	6623
685	683	343	6623
6623	0	296	223
2547	641	2135	1300
1226	1997	1819	1580
>swissregulon__mm__Gsc
471.765	155.805	130.216	242.214
336.226	217.033	236.748	209.992
397.939	127.567	45.1552	429.339
262.638	456.883	100.119	180.36
277.939	114.1	520.395	87.5666
69.7183	401.925	12.565	515.792
26.0363	1.11529	0.373845	972.475
985.609	0.280512	9.33951	4.77117
992.498	1.75122	1.64091	4.11013
3.04769	0.588603	9.25951	987.104
5.3382	968.427	1.00165	25.233
1.73573	954.156	2.7821	41.3259
30.1029	441.404	400.145	128.348
83.4952	360.697	75.5268	480.281
219.244	119.908	236.702	424.146
256.872	229.901	124.714	388.513
313.903	308.509	263.518	114.07
>swissregulon__mm__Obox1
239.477	131.084	243.507	385.932
217.543	106.254	206.114	470.089
647.326	113.122	157.767	81.7851
447.787	111.541	372.093	68.5797
248.541	17.7869	686.924	46.748
88.7701	8.79581	883.034	19.3997
49.6626	3.28724	945.325	1.72549
3.56916	0.420489	960.584	35.4264
967.192	29.8831	0.248179	2.67722
1.72138	5.92744	1.06321	991.288
8.38872	11.6784	0.27972	979.653
946.957	0.662696	2.32851	50.0518
711.018	17.9417	52.6009	218.44
234.125	619.719	73.8707	72.2847
255.026	148.239	159.856	436.879
448.611	200.869	92.1235	258.397
182.337	333.505	182.092	302.066
>swissregulon__mm__Obox3
265.987	173.377	153.926	406.71
129.561	268.972	350.646	250.821
342.885	208.848	334.291	113.975
153.24	164.565	582.521	99.6742
258.413	31.7265	629.457	80.4036
111.288	35.1585	768.619	84.9351
83.0206	4.06029	905.853	7.06574
12.1078	2.69273	970.145	15.0548
982.328	9.67069	1.69852	6.30289
3.5723	2.81863	6.01977	987.589
12.0658	6.45451	3.57402	977.906
954.56	1.99524	9.18967	34.2553
716.184	15.547	126.758	141.512
137.277	673.851	87.2146	101.657
282.699	56.8936	162.378	498.029
432.159	290.288	109.507	168.046
260.601	267.351	69.6758	402.372
>swissregulon__mm__Obox5
281.264	188.968	136.609	393.16
344.028	38.2655	328.422	289.284
266.627	234.29	328.022	171.062
393.172	142.839	379.282	84.7064
110.94	63.2102	811.347	14.5022
89.0508	2.92036	905.749	2.27967
8.41068	0.553853	984.833	6.20212
987.567	4.99536	0.89627	6.5415
3.97215	1.26095	3.05838	991.709
7.5677	4.77302	0.490854	987.168
974.587	0.828456	1.59763	22.9868
799.844	4.9263	20.9776	174.252
383.707	178.162	82.155	355.976
74.3434	81.3689	30.8202	813.467
182.973	309.007	180.9	327.119
274.045	191.53	121.366	413.06
286.677	377.63	141.803	193.89
>swissregulon__mm__Obox6
505.449	243.908	109.355	141.288
297.413	206.507	201.51	294.571
691.3	37.2943	141.216	130.19
680.73	92.2573	36.8526	190.16
348.071	118.125	345.388	188.416
140.809	605.582	189.427	64.1816
39.008	1.84835	956.724	2.41964
3.77129	0.569645	983.421	12.2376
969.153	28.9178	0.574008	1.35508
3.10644	2.39627	1.47856	993.019
9.02586	12.4378	0.392723	978.144
969.731	0.460071	2.03427	27.7744
444.629	20.6961	76.1998	458.475
254.738	341.763	53.3514	350.148
119.131	226.982	464.626	189.261
>swissregulon__mm__Otx2
3.601778656	2.53458498	10.96541502	7.763833992
7.683794466	5.015810277	2.988142292	9.177865613
5.869565217	2.027667984	7.897233202	9.071146245
13.87351779	7.043478261	3.948616601	0
10.77865613	3.948616601	2.988142292	7.150197628
6.936758893	5.976284585	9.924901186	2.027667984
1.920948617	3.948616601	17.92885375	1.067193676
2.988142292	0	21.87747036	0
23.79841897	1.067193676	0	0
0	0	0	24.86561265
0.9604743083	0	0	23.90513834
24.86561265	0	0	0
12.16600791	2.134387352	8.644268775	1.920948617
11.73913043	3.948616601	5.976284585	3.201581028
4.162055336	3.948616601	8.537549407	8.217391304
>swissregulon__mm__Pitx1
1356	2315	2275	2155
2863	3459	1373	8101
465	3	3	8101
8101	12	289	64
8101	0	22	0
143	37	903	8101
408	8101	284	553
291	8101	263	1967
1869	2782	1161	2289
>flyfactorsurvey__Bcd_Cell_FBgn0000166
1	6	10	5
3	5	3	11
0	0	0	22
20	0	0	2
22	0	0	0
0	0	1	21
0	22	0	0
0	21	0	1
>flyfactorsurvey__Bcd_SOLEXA_FBgn0000166
26	61	27	100
22	3	1	189
216	0	0	0
213	3	0	0
0	2	20	194
1	189	3	23
23	112	15	31
>flyfactorsurvey__Gsc_Cell_FBgn0010323
8	8	5	1
4	5	4	9
0	0	0	22
22	0	0	0
22	0	0	0
0	0	0	22
0	22	0	0
0	14	2	6
>flyfactorsurvey__Oc_Cell_FBgn0004102
5	2	1	11
0	0	0	19
19	0	0	0
19	0	0	0
0	0	2	17
0	19	0	0
0	17	1	1
>flyfactorsurvey__Oc_SOLEXA_FBgn0004102
98	171	77	200
12	0	24	510
514	26	0	6
494	52	0	0
0	0	51	495
3	508	0	35
23	334	18	96
36	116	89	56
>flyfactorsurvey__bcd_NAR_FBgn0000166
2	6	2	9
4	2	0	13
18	0	0	1
19	0	0	0
1	0	5	13
0	17	0	2
0	9	0	10
>hocomoco__CRX_HUMAN.H11MO.0.B
124	82	76	218
267	52	131	50
287	23	138	52
86	46	283	85
249	82	131	38
96	3	388	13
16	5	468	11
382	109	8	1
0	0	0	500
11	29	12	448
440	2	17	41
135	33	263	69
117	162	172	49
>hocomoco__GSC_HUMAN.H11MO.0.D
585	148	283	225
461	148	357	275
221	414	446	160
66	79	1091	5
41	4	1192	4
1238	3	0	0
0	0	0	1241
0	0	0	1241
1234	1	2	4
411	116	492	222
178	429	388	246
>hocomoco__OTX2_HUMAN.H11MO.0.A
222	70	128	80
190	30	209	71
167	41	264	28
105	1	386	8
16	20	462	2
418	76	2	4
1	3	2	494
7	10	4	479
442	2	11	45
214	25	201	60
104	179	178	39
>hocomoco__OTX2_MOUSE.H11MO.0.A
124	74	84	218
231	72	130	67
264	50	130	56
162	65	204	69
253	30	183	34
72	1	419	8
9	5	486	0
430	67	0	3
4	0	3	493
15	7	4	474
429	1	11	59
226	35	130	109
>hocomoco__PITX1_HUMAN.H11MO.0.D
187	72	175	66
114	12	285	89
29	0	466	5
18	4	474	4
296	195	2	7
1	2	1	496
2	33	9	456
334	1	8	157
229	31	184	56
>hocomoco__PITX1_MOUSE.H11MO.0.C
94	10	62	30
52	0	114	30
31	0	165	0
3	0	192	1
133	63	0	0
0	2	0	194
4	4	1	187
141	1	5	49
85	10	76	25
38	76	57	25
>hocomoco__PITX2_HUMAN.H11MO.0.D
1	4	3	9
2	1	8	6
2	0	14	1
0	0	17	0
14	3	0	0
0	0	0	17
0	0	1	16
12	1	0	4
7	5	4	1
6	3	3	5
>hocomoco__RHXF1_HUMAN.H11MO.0.D
1013	1111	872	572
1153	527	1449	439
389	405	2003	771
97	39	3396	36
6	5	3540	17
2784	657	112	15
27	16	23	3502
536	1312	195	1525
2664	142	223	539
1277	397	851	1043
577	1540	1014	437
>taipale__DPRX_DBD_NNGGATTANN
2272	1422	2165	1243
1478	2347	2143	1134
2475	805	7101	653
589	283	7101	1403
7101	355	14	0
0	0	118	7101
1026	1454	481	7101
7101	0	217	466
1896	762	2298	2145
1019	3151	1655	1277
>taipale__Otx1_DBD_NTAATCCN
1260	1057	584	1626
213	201	0	4527
4527	259	344	195
4527	5	35	0
0	154	595	4527
292	4527	212	121
158	4527	493	1193
614	1015	1604	1294
>taipale__PITX1_DBD_NYTAATCCN_repr
801	900	727	561
727	1455	337	1533
220	0	6	2989
2989	16	82	82
2989	0	2	0
131	56	445	2989
130	2989	89	116
100	2989	71	457
536	1510	380	562
>taipale__PITX1_full_NTAATCCN
600	842	338	1335
162	23	0	3116
3116	155	210	49
3116	0	0	17
70	59	467	3116
222	3116	42	235
164	3116	138	612
711	1275	430	700
>taipale__RHOXF1_full_NTRAKCCN
1463	1699	856	2362
1705	252	300	6380
3332	0	3048	806
6380	0	0	60
0	0	1813	4567
155	6380	0	76
0	6380	44	970
1643	3128	784	825
>nitta__Ptx1_TAAGCG20NCGA_KH_NTAATCCN_m1_c2
7158	8272	6305	8837
0	74	0	30571
30571	222	2551	132
30571	0	0	0
0	0	5266	30571
1748	30571	2837	0
1761	30571	2052	3863
7411	9130	5621	8409
>nitta__Ptx1_TGGAAT20NGA_KD_NTAATCCN_m1_c3
3276	5552	3879	2922
1352	631	53	15629
15629	253	3654	523
15629	0	0	0
0	0	3237	15629
1671	15629	2122	1041
1570	15629	1362	1783
4014	6161	2701	2753
>nitta__bcd_TTGCCG20NTA_KD_NNNTAATCCNN_m1_c2
1610	3087	1480	1532
1716	2512	2365	1117
1131	2841	1029	2709
532	99	10	7710
7710	8	519	19
7710	0	72	0
7	0	771	7710
33	7710	0	0
387	7710	172	1241
1446	2961	2125	1177
1160	3441	1316	1793
>nitta__oc_TATATT40NTGC_KK_NTAATCCN_m1_c2
2075	3181	911	2482
0	0	0	8649
8649	0	0	0
8649	0	0	0
0	0	199	8649
0	8649	0	0
0	8649	232	798
769	3379	2890	1611
>taipale_cyt_meth__CRX_NTAATCCN_FL
1009	1755	888	889
0	0	0	4540
4540	0	173	0
4540	0	0	0
0	0	870	4540
0	4540	342	0
234	4540	575	105
794	1206	1683	857
>taipale_cyt_meth__CRX_NTAATCCN_FL_meth
3788	9070	2382	3910
0	0	0	19150
19150	0	0	0
19150	0	0	0
0	0	632	19150
82	19150	250	282
510	19150	186	2177
3196	7812	4100	4041
>taipale_cyt_meth__DMBX1_NTAATCCN_eDBD
822	1467	1111	794
0	0	0	4194
4194	0	922	0
4194	0	0	0
0	0	896	4194
447	4194	1167	0
343	4194	1545	896
675	1087	1602	830
>taipale_cyt_meth__DMBX1_NTAATCCN_eDBD_meth
3001	8877	1873	4007
0	0	0	17758
17758	0	103	0
17758	0	0	0
0	0	175	17758
388	17758	346	15
473	17758	628	1965
2246	7042	4429	4041
>taipale_cyt_meth__GSC2_YTAATCCN_eDBD
1165	1624	902	1396
294	0	0	3019
3019	20	93	515
3019	0	164	0
257	70	746	3019
911	3019	1459	1044
1249	3019	1253	1534
472	685	1123	739
>taipale_cyt_meth__GSC2_YTAATCCN_eDBD_meth_repr
1246	2623	870	1238
516	601	0	3861
3861	236	513	217
3861	0	0	0
213	831	550	3861
582	3861	756	511
599	3861	594	1142
650	1321	1050	839
>taipale_cyt_meth__GSC_YTAATCCN_FL
3924	9121	1991	3780
0	0	0	12901
12901	0	0	0
12901	0	0	0
0	0	0	12901
518	12901	445	969
409	12901	1113	851
1981	4862	3998	2059
>taipale_cyt_meth__GSC_YTAATCCN_FL_meth
5407	10398	2485	5473
251	0	0	15871
15871	0	266	171
15871	0	0	0
0	0	426	15871
1651	15871	1420	1911
1666	15871	1322	3569
2158	6455	4012	3246
>taipale_cyt_meth__GSC_YTAATCCN_eDBD
11901	17246	6550	11665
784	0	0	28912
28912	0	653	0
28912	0	0	0
0	0	984	28912
1818	28912	1936	2500
1169	28912	4884	5309
3447	8421	12149	4895
>taipale_cyt_meth__GSC_YTAATCCN_eDBD_meth
3637	7735	870	4153
0	0	0	11888
11888	0	0	0
11888	0	0	0
0	0	0	11888
114	11888	0	189
173	11888	21	1033
1200	4209	4579	1901
>taipale_cyt_meth__OTX1_NTAATCCNYN_FL
2619	3537	1611	3992
75	773	0	11759
11759	0	111	0
11759	0	0	0
0	0	460	11759
0	11759	160	576
109	11759	419	1081
1693	3797	4167	2102
3748	6560	2464	5199
2748	2647	2112	4251
>taipale_cyt_meth__OTX1_NTAATCCNYN_FL_meth_repr
1269	2162	655	1742
43	0	0	5828
5828	0	104	73
5828	0	3	0
0	0	284	5828
155	5828	65	149
268	5828	124	945
778	2314	1152	1584
1333	3331	910	2497
1160	1530	857	2281
>taipale_cyt_meth__OTX1_NTAATCCN_eDBD
1476	1851	1121	1180
0	0	0	5627
5627	0	308	0
5627	0	0	0
0	0	820	5627
0	5627	114	0
103	5627	493	204
943	1503	2175	1006
>taipale_cyt_meth__OTX1_NTAATCCN_eDBD_meth
1236	3034	1359	1252
0	0	0	6881
6881	0	127	0
6881	0	0	0
0	0	711	6881
91	6881	445	60
274	6881	449	903
1260	2387	1520	1714
>taipale_cyt_meth__OTX2_NTAATCCN_FL
2421	2827	1427	1815
0	0	0	8490
8490	0	148	71
8490	0	0	0
0	0	743	8490
107	8490	188	119
274	8490	353	908
1681	2852	2356	1601
>taipale_cyt_meth__OTX2_NTAATCCN_FL_meth
3418	7016	2189	3705
0	0	0	16328
16328	0	0	0
16328	0	0	0
0	0	490	16328
271	16328	134	155
303	16328	159	2135
2182	7294	3511	3341
>taipale_cyt_meth__PITX1_NTAATCCN_eDBD
2121	8090	2222	4450
0	0	0	16883
16883	0	0	0
16883	0	0	0
0	0	443	16883
189	16883	0	334
142	16883	53	0
3605	7684	2980	2615
>taipale_cyt_meth__PITX1_NTAATCCN_eDBD_meth
354	650	400	517
25	0	0	1921
1921	0	270	0
1921	0	0	0
0	0	694	1921
106	1921	215	0
35	1921	54	138
486	473	517	445
>taipale_cyt_meth__PITX1_YTAATCCN_FL_meth
4701	15980	2074	7768
0	0	0	23747
23747	0	0	0
23747	0	0	0
0	0	0	23747
0	23747	0	0
0	23747	0	615
4414	11896	3151	4288
>taipale_cyt_meth__PITX2_NTAATCCN_eDBD
812	1735	1402	841
107	0	0	4790
4790	0	798	71
4790	0	0	0
0	0	2065	4790
328	4790	857	33
371	4790	602	946
1104	1547	1065	1074
>taipale_cyt_meth__PITX2_NTAATCCN_eDBD_meth
3376	8932	2000	5500
0	0	0	19807
19807	0	0	0
19807	0	0	0
0	0	624	19807
0	19807	0	0
0	19807	0	661
3735	9767	2807	3499
>taipale_cyt_meth__PITX2_YTAATCCN_FL_meth
3205	13724	1238	9691
0	0	0	23415
23415	0	0	0
23415	0	0	0
0	0	0	23415
0	23415	0	679
0	23415	0	0
2708	14818	2345	3544
>taipale_cyt_meth__PITX3_NTAATCCN_eDBD
3843	7515	2953	5247
0	0	0	19557
19557	0	235	0
19557	0	0	0
0	0	3353	19557
215	19557	715	0
125	19557	274	476
3877	8260	3909	3510
>taipale_cyt_meth__PITX3_NTAATCCN_eDBD_meth
4825	11501	3890	7060
400	0	0	27276
27276	0	662	0
27276	0	0	0
0	0	5220	27276
755	27276	793	208
756	27276	174	3643
5578	11506	4712	5479
>taipale_cyt_meth__RHOXF2_NTAATCCN_FL
2269	5219	2134	4247
0	0	0	13870
13870	0	345	0
13870	0	0	0
0	0	1453	13870
110	13870	307	0
0	13870	242	664
2970	5364	2476	3059
>taipale_cyt_meth__RHOXF2_NTAATCCN_FL_meth
2111	6088	1896	3059
30	0	0	13154
13154	0	242	0
13154	0	0	0
0	0	1801	13154
58	13154	128	0
112	13154	0	1177
2497	5662	2252	2743
>bergman__oc
29.62962963	29.62962963	22.22222222	18.51851852
22.22222222	55.55555556	14.81481481	7.407407407
22.22222222	33.33333333	33.33333333	11.11111111
18.18181818	50	4.545454545	27.27272727
0	0	0	100
100	0	0	0
100	0	0	0
0	0	18.51851852	81.48148148
0	100	0	0
7.407407407	88.88888889	3.703703704	0
3.703703704	37.03703704	48.14814815	11.11111111
22.22222222	29.62962963	18.51851852	29.62962963
22.22222222	18.51851852	18.51851852	40.74074074
>idmmpmm__bcd
24.83102209	2.953261428	69.13745506	3.078261428
7.447162301	1.889124294	88.44796482	2.215748588
72.7597265	24.1971302	0.7415254237	2.301617874
0.6355932203	0.6355932203	0.6355932203	98.09322034
2.080925783	0.4237288136	0.4237288136	97.07161659
81.34919106	1.05049435	5.212345917	12.38796867
32.26223035	8.390312018	49.31908064	10.02837699
>idmmpmm__oc
18.62373737	37.14225589	31.58670034	12.6473064
3.977272727	5.829124579	84.78535354	5.408249158
0	2.272727273	97.72727273	0
86.1952862	13.8047138	0	0
0	0	0	100
0	0	0	100
100	0	0	0
38.38383838	4.124579125	38.72053872	18.77104377
>homer__GCTAATCC_CRX
14.8	24.5	44.5	16.2
13.2	52.8	6.2	27.8
2.2	0.4	0.1	97.3
89	0.3	2.3	8.4
97.5	1.1	0.6	0.8
0.0999000999	0.5994005994	18.28171828	81.01898102
0.1	97.8	1.6	0.5
1.198801199	75.32467532	1.298701299	22.17782218
>homer__NYTAATCCYB_Otx2
19.58041958	27.07292707	33.56643357	19.78021978
15.8	34.8	7.8	41.6
9.3	0.1	0.1	90.5
96.9	0.1	0.1	2.9
99.7	0.1	0.1	0.1
4.1	0.1	8.9	86.9
0.7	92.4	0.1	6.8
1	78.1	0.7	20.2
15.88411588	40.45954046	8.191808192	35.46453546
12.41241241	28.32832833	23.62362362	35.63563564
>homer__RGGATTAR_GSC
28.3	18.9	38.3	14.5
26.1	3.1	61.4	9.4
11.9	1.6	83.5	3
90.8	4.6	3.3	1.3
0.2	0.1	0.1	99.6
5.5	0.1	0.1	94.3
94.2	0.5	0.8	4.5
31.6	13.6	37.7	17.1
>cisbp__M00274
27.44094985	27.19990476	27.77723426	17.58191113
19.76024559	60.23436773	10.00269334	10.00269334
0.0117870458	0.0117870458	0.0117870458	99.96463886
99.96463886	0.0117870458	0.0117870458	0.0117870458
99.96463886	0.0117870458	0.0117870458	0.0117870458
0.0117870458	0.0117870458	0.0117870458	99.96463886
0.0117870458	99.96463886	0.0117870458	0.0117870458
0.0117870458	99.96463886	0.0117870458	0.0117870458
7.429875918	38.27645691	46.86379126	7.429875918
34.3630693	25.70112295	24.92671404	15.00909371
>cisbp__M00275
25.14135195	24.80030847	34.94228028	15.11605931
27.15093787	57.8420553	7.503503413	7.503503413
0.0121540797	0.0121540797	0.0121540797	99.96353776
99.96353776	0.0121540797	0.0121540797	0.0121540797
99.96353776	0.0121540797	0.0121540797	0.0121540797
0.0121540797	0.0121540797	0.0121540797	99.96353776
0.0121540797	99.96353776	0.0121540797	0.0121540797
0.0121540797	99.96353776	0.0121540797	0.0121540797
9.896094773	30.57443827	49.63337219	9.896094773
27.20578315	27.79744375	27.48812243	17.50865067
>cisbp__M00310
14.46290944	16.87138728	10.85019268	57.8155106
2.71073487	0.009005763689	0.009005763689	97.2712536
99.97298271	0.009005763689	0.009005763689	0.009005763689
99.07240634	0.009005763689	0.009005763689	0.9095821326
0.009005763689	0.009005763689	9.014769452	90.96721902
2.735368957	93.61141403	0.9178480553	2.735368957
3.200765632	69.13015738	0.01063377286	27.65844322
19.3584784	38.70083817	16.13475177	25.80593166
>cisbp__M00396
24.31374322	25.56033549	17.30580086	32.82012043
18.07514311	5.076071753	2.813805073	74.03498007
75.40941542	2.983007861	9.142484179	12.46509253
94.85027756	2.018388909	1.636074252	1.49525928
6.192113486	1.452485845	23.41264974	68.94275093
14.46167677	64.81273871	6.969212049	13.75637247
11.21983113	50.28379454	11.44648675	27.04988758
17.384306	30.13140084	27.81478866	24.6695045
>cisbp__M00411
24.06814246	25.30214251	27.96319207	22.66652296
22.72185398	31.29089597	18.23471494	27.75253512
15.26288079	4.372888562	3.239515524	77.12471512
78.12714142	2.40689496	10.89536553	8.570598084
94.66286321	2.034645845	1.897091212	1.405399736
7.936886584	4.312514224	12.44751594	75.30308325
12.46748155	61.13739926	9.053249721	17.34186947
10.83490379	53.13164781	13.77386223	22.25958617
18.63458614	31.03201222	27.79953584	22.5338658
>cisbp__M00415
21.48194857	27.58336796	16.56369051	34.37099296
15.64680353	3.15903515	2.916156986	78.27800434
81.29888859	1.81871889	9.282513361	7.599879154
97.01135111	0.5298443442	1.849338475	0.6094660666
3.350520591	2.052617348	19.47469117	75.12217089
8.459854941	77.89268349	4.929965683	8.717495881
5.473542495	67.35155756	6.889000639	20.2858993
20.33479216	35.59956143	21.59222548	22.47342092
22.65196135	29.3780102	21.12054877	26.84947968
>cisbp__M00428
21.40801644	28.0437405	18.6112354	31.93700766
17.30780398	4.225584089	3.93990849	74.52670344
77.00167802	2.396063577	11.63278279	8.969475615
95.72589305	0.795717407	2.641874828	0.8365147109
4.333165033	3.442845224	24.44188427	67.78210547
9.836887404	74.15365356	6.463295586	9.546163446
6.592872173	65.10420183	8.297788982	20.00513702
19.65149771	35.80736343	22.60460292	21.93653594
>cisbp__M00440
19.93341499	25.59501149	14.33060512	40.1409684
12.02510719	1.457899542	1.146824398	85.37016887
86.87141358	0.90885385	6.989639777	5.230092796
98.57733424	0.07142133538	1.21026744	0.1409769835
2.583947719	1.362496056	16.26992567	79.78363055
7.264646047	82.51825777	3.643772608	6.573323573
4.164231657	71.27401264	5.137321231	19.42443447
17.82507391	38.11493167	20.70978125	23.35021316
>cisbp__M00441
21.28583139	29.90547752	16.41247405	32.39621705
15.37975719	3.830717709	3.074222971	77.71530213
77.7780101	3.138857076	8.969758432	10.11337439
94.58349171	1.446986265	1.461528718	2.50799331
4.541355421	2.810115311	15.69316894	76.95536033
11.97730556	68.92463461	7.120754266	11.97730556
7.669256442	56.66856607	11.44118617	24.22099131
15.77835603	31.45755351	28.75003916	24.01405129
21.94365321	29.62083356	22.16419059	26.27132264
>cisbp__M00490
30.89227522	21.12603487	18.0024194	29.97927051
17.63279877	6.95708618	4.617071984	70.79304306
72.10074441	2.134141311	11.9181729	13.84694138
96.21150704	1.193092848	1.181221375	1.41417874
5.168202955	2.186987524	14.18982328	78.45498624
14.44519677	72.26659257	4.438701843	8.849508812
8.973246007	56.50038679	8.883960718	25.64240648
18.44371391	29.80641393	30.10597337	21.64389878
23.69132121	28.36366111	22.53588185	25.40913583
>cisbp__M00515
29.07327275	19.88208927	15.17757926	35.86705872
14.48244689	3.167483287	2.27717891	80.07289092
82.95041606	1.14825458	7.910911688	7.990417672
98.58623515	0.2700715513	0.7717702705	0.3719230317
2.704316715	1.329561621	9.922940308	86.04318136
12.8861503	80.33080043	1.946734036	4.836315231
6.526085317	61.91777351	8.548939768	23.0072014
15.00675009	45.08276874	17.96634177	21.94413939
20.90637337	34.12581235	18.9168689	26.05094538
22.8807996	27.94667174	19.49773126	29.6747974
>cisbp__M00529
33.31946755	8.361064892	0.04159733777	58.27787022
0.03328894807	0.03328894807	0.03328894807	99.90013316
99.90013316	0.03328894807	0.03328894807	0.03328894807
99.90013316	0.03328894807	0.03328894807	0.03328894807
0.03328894807	0.03328894807	0.03328894807	99.90013316
0.03328894807	96.57123835	0.03328894807	3.362183755
0.03840245776	88.3640553	0.03840245776	11.55913978
18.76558603	49.93765586	6.296758105	25
>cisbp__M00536
21.26474804	27.30447696	17.06536003	34.36541497
18.54366134	4.221236202	3.525872855	73.70922961
76.25934017	2.840953975	11.1801502	9.71955565
93.42068392	2.132111443	2.630339109	1.816865524
5.369581112	3.192326305	23.35357086	68.08452172
11.70602348	68.04052858	7.316291227	12.93715671
8.082728424	57.95863066	9.676782811	24.28185811
20.13338725	33.52795251	22.47445867	23.86420158
22.94663719	28.02708595	21.82751649	27.19876038
>cisbp__M00562
37.49593598	27.44836607	17.52784897	17.52784897
14.78845969	24.72113579	5.094293989	55.39611053
0.00881087544	0.00881087544	0.00881087544	99.97356737
99.97356737	0.00881087544	0.00881087544	0.00881087544
99.97356737	0.00881087544	0.00881087544	0.00881087544
0.00881087544	0.00881087544	0.00881087544	99.97356737
0.00881087544	99.97356737	0.00881087544	0.00881087544
0.00881087544	99.97356737	0.00881087544	0.00881087544
7.480961901	57.6304384	17.46729623	17.42130346
19.91451689	30.25487219	19.91451689	29.91609403
>cisbp__M00673
21.1066814	28.49103979	17.62978224	32.77249657
19.95790845	6.577307575	4.497966827	68.96681715
74.68050468	2.727046286	11.86056554	10.7318835
91.68207801	1.219360961	6.100232707	0.9983283182
3.050344486	1.925632587	20.19135475	74.83266818
16.75563145	68.63031915	5.69013747	8.92391193
9.132310393	55.2472584	11.04324267	24.57718854
16.86313812	33.95819005	27.52597388	21.65269795
>cisbp__M00674
32.7532736	15.52377671	12.07787733	39.64507236
1.294208098	0.01281394157	0.01281394157	98.68016402
99.96155818	0.01281394157	0.01281394157	0.01281394157
98.68016402	0.01281394157	0.01281394157	1.294208098
0.01281394157	1.294208098	2.575602255	96.1173757
1.311007269	98.66303219	0.01298026999	0.01298026999
0.01491646778	74.59725537	0.01491646778	25.37291169
15.56394316	31.10568384	24.44493783	28.88543517
>cisbp__M02035
22.45106036	22.45106036	38.76427406	16.33360522
24.6577218	27.39594743	10.96659365	36.97973713
0.01063377286	0.01063377286	0.01063377286	99.96809868
99.96809868	0.01063377286	0.01063377286	0.01063377286
99.96809868	0.01063377286	0.01063377286	0.01063377286
0.01063377286	0.01063377286	0.01063377286	99.96809868
0.01074806535	99.9677558	0.01074806535	0.01074806535
0.01448435689	69.53939745	0.01448435689	30.43163384
>cisbp__M02120
20.74479722	32.53431826	14.18656626	32.53431826
7.050015206	4.678744356	8.190949078	80.08029136
82.39005674	4.143184767	6.497807156	6.968951335
80.09018911	4.541027754	8.526281751	6.842501383
7.833691198	4.172159704	9.85948382	78.13466528
8.496069726	69.38034895	8.931672536	13.19190879
10.13557763	57.74586652	13.27724638	18.84130947
14.88798724	34.83263246	29.9807246	20.2986557
>cisbp__M02123
19.17795984	27.21482046	14.20738209	39.39983761
17.32452233	5.485580784	2.591204885	74.598692
74.02359376	4.827766206	9.625192475	11.52344755
89.70218153	0.8750231725	3.21071961	6.212075689
4.830950546	3.370439829	17.72619074	74.07241889
14.04661863	70.27258135	5.378350345	10.30244968
8.735326993	62.63820386	7.983487752	20.64298139
20.64941354	34.38728655	22.36924264	22.59405727
20.81383677	28.95138357	20.40169519	29.83308447
>cisbp__M02144
25.3185543	34.32053168	24.85349258	15.50742144
9.891887228	28.92470719	9.891887228	51.29151836
0.01632662314	0.01632662314	0.01632662314	99.95102013
99.95102013	0.01632662314	0.01632662314	0.01632662314
99.95102013	0.01632662314	0.01632662314	0.01632662314
0.01632662314	0.01632662314	0.01632662314	99.95102013
0.01632662314	99.95102013	0.01632662314	0.01632662314
0.01632662314	99.95102013	0.01632662314	0.01632662314
9.508905185	30.68510664	19.88021762	39.92577055
36.06411698	24.02576997	15.12443939	24.78567365
>cisbp__M02195
19.09381709	29.945066	29.64710762	21.31400929
21.42601461	33.6026798	12.36173507	32.60957052
10.9513365	4.871790379	2.443573468	81.73329965
78.67230143	2.625551955	9.538069843	9.164076775
97.88888471	0.2217583523	1.512604511	0.3767524294
1.58205903	0.5704824814	13.18035129	84.6671072
8.403300313	83.81605052	3.122470525	4.658178646
4.303232694	65.32445897	6.816638962	23.55566938
14.91591349	31.26279282	35.6029558	18.21833788
22.2629353	33.54618686	20.5512795	23.63959834
>cisbp__M05872
20.57417943	26.79427321	9.569390431	43.06215694
0	0	0	100
100	0	0	0
100	0	0	0
0	0	0	100
0	100	0	0
0	72.2488	0	27.7512
