>jaspar__MA0541.1
662	738	194	612
589	391	811	415
580	799	166	661
352	314	875	665
92	1150	893	71
61	22	2123	0
11	2192	3	0
0	0	2206	0
0	1239	967	0
133	628	1445	0
2096	55	18	37
2011	26	156	13
1424	137	177	468
696	214	171	1125
319	389	352	1146
>swissregulon__hs__E2F2
0.918582	10.156214	5.230244	431.169229
3.46081	25.329755	7.636968	411.046736
0	3.227924	0	444.246345
0.828972	174.064174	269.220764	3.360359
0	84.324077	363.150192	0
2.598057	444.00102	0.875192	0
0.815621	0.854397	434.249419	11.554832
0	417.607644	25.638194	4.228431
>swissregulon__hs__E2F5
1.611570248	4.785123967	3.991735537	1.611570248
0	1.289256198	10.7107438	0
0	12	0	0
0	0	12	0
0	10.21487603	1.785123967	0
0	6.396694215	5.603305785	0
12	0	0	0
12	0	0	0
12	0	0	0
3.198347107	4.785123967	1.611570248	2.404958678
>swissregulon__sacCer__SWI4
194.96	49.44	41.79	60.75
0.49	330.02	2.66	6.79
90.72	2.95	248.88	0.4
0	338.47	0	1.08
2.95	36.31	300.89	0
328.36	1.08	2.15	8.89
326.65	4.4	5.11	4.24
266.95	15.3	14.38	45.4
116.95	16.65	3.71	36.9
>swissregulon__sacCer__SWI6
77.3	9.23	63.38	27.97
88.78	35.74	16.1	35.06
0.49	158.75	2.66	6.79
65.03	2.95	103.3	0.4
0	167.2	0	1.08
2.95	36.31	129.62	0
157.09	1.08	2.15	8.89
165.66	0.98	1.69	0.82
160.77	1.6	0.68	6.01
116.95	16.65	3.71	36.9
>hocomoco__E2F2_HUMAN.H11MO.0.B
1	1	5	1
0	0	8	0
0	6	2	0
0	0	8	0
0	6	1	1
0	0	8	0
5	2	1	0
7	1	0	0
5	0	1	2
1	6	0	1
>hocomoco__E2F5_HUMAN.H11MO.0.B
2	4	4	2
0	1	11	0
0	12	0	0
0	0	12	0
0	10	2	0
0	6	6	0
12	0	0	0
12	0	0	0
12	0	0	0
3	5	2	2
>transfac_public__M00050
0	0	0	12
0	0	0	12
0	0	0	12
0	6	6	0
0	2	10	0
0	12	0	0
0	0	12	0
0	11	1	0
>transfac_public__M00516
2	3	2	22
1	1	2	25
0	1	2	26
1	13	15	0
0	3	26	0
0	29	0	0
0	0	29	0
0	22	7	0
1	8	17	3
15	9	3	2
13	1	7	8
13	4	9	3
>homer__GGCGGGAAAH_E2F4
17.3	30.3	50.8	1.6
1.5	5.1	93.3	0.1
3.2	96.6	0.1	0.1
0.1	15.3	84.5	0.1
0.9	32.3	66.7	0.1
10.3	15	69.8	4.9
81.5	7.9	3.6	7
71.9	7.3	12.2	8.6
55	10.1	16.5	18.4
26	26.4	8.7	38.9
>homer__VDTTTCCCGCCA_E2F7
20.8	35	27.6	16.6
29.02902903	17.11711712	21.52152152	32.33233233
10.4	10.5	17.9	61.2
0.1	15.2	0.1	84.6
0.1	3.7	0.1	96.1
0.1	99.7	0.1	0.1
0.1	73	26.8	0.1
0.1	99.7	0.1	0.1
0.1	0.1	98.7	1.1
0.1	97.8	2	0.1
0.1	65.3	28.4	6.2
41	22.2	14	22.8
>cisbp__M08197
12.35291235	40.00004	32.35293235	15.29411529
0	0	100	0
0	100	0	0
0	0	100	0
0	57.6471	42.3529	0
13.5294	22.9412	63.5294	0
87.6471	12.3529	0	0
85.2941	0	14.7059	0
73.5294	0	0	26.4706
48.2353	8.2353	0	43.5294
>cisbp__M09029
15.53030303	14.01515152	68.56060606	1.893939394
0	0	100	0
0	78.78787879	21.21212121	0
0	0	100	0
0	78.78787879	13.63636364	7.575757576
0	3.787878788	96.21212121	0
66.66666667	19.6969697	13.63636364	0
87.87878788	12.12121212	0	0
66.66666667	0	7.575757576	25.75757576
4.166666667	73.86363636	4.166666667	17.8030303
