>jaspar__MA0040.1
4	4	3	7
13	1	3	1
5	2	0	11
3	0	0	15
0	0	18	0
0	0	0	18
0	0	0	18
0	0	0	18
17	0	1	0
0	1	4	13
6	0	3	9
>jaspar__MA0317.1
51	16	25	8
27	8	4	61
67	32	1	1
95	5	0	0
100	0	0	0
1	86	0	13
95	2	2	2
57	17	11	14
>swissregulon__hs__FOXF1
3.323529412	1.205882353	1.205882353	2.264705882
0	0	0	8
1.058823529	0	6.941176471	0
0	0	0	8
0	0	0	8
0	0	0	8
5.882352941	0.5294117647	1.588235294	0
0	1.058823529	0	6.941176471
0.1470588235	1.205882353	1.205882353	5.441176471
2.117647059	1.352941176	0	4.529411765
3.470588235	0	0.2941176471	4.235294118
>swissregulon__hs__FOXI1
6	1	14	10
4	8	12	7
11	4	8	8
0	0	0	31
13	0	18	0
0	0	0	31
0	0	0	31
0	0	0	31
15	0	16	0
0	0	7	24
8	1	4	18
2	1	4	24
>hocomoco__FOXF1_HUMAN.H11MO.0.D
3	2	1	2
0	0	0	8
1	0	7	0
0	0	0	8
0	0	0	8
0	0	0	8
5	1	2	0
0	1	0	7
1	1	1	5
2	1	0	5
3	1	0	4
>hocomoco__FOXG1_HUMAN.H11MO.0.D
111	48	57	94
47	34	38	191
10	11	10	279
32	6	266	6
0	1	3	306
0	0	72	238
1	0	29	280
213	51	34	12
12	109	9	180
96	30	90	94
59	22	37	192
113	19	55	123
19	17	7	267
97	13	98	102
16	23	27	244
74	18	24	194
26	42	61	181
>hocomoco__FOXO4_HUMAN.H11MO.0.C
1	3	3	21
0	0	0	28
0	0	28	0
0	0	0	28
0	0	0	28
0	0	4	24
20	0	1	7
1	10	5	12
0	3	10	15
>hocomoco__FOXQ1_HUMAN.H11MO.0.C
4	4	1	4
9	1	3	0
1	2	0	10
0	0	0	13
0	0	13	0
0	0	0	13
0	0	0	13
0	0	0	13
13	0	0	0
0	0	1	12
2	0	3	8
0	4	0	9
>nitta__slp1_TATCAT20NACG_KG_WANRTAAACANN_m1_c3
306	64	32	317
623	85	161	144
69	168	14	372
342	0	282	8
24	130	0	623
623	17	0	0
623	1	20	0
623	22	2	0
0	623	0	181
623	4	0	0
411	54	11	147
362	62	57	142
>taipale_cyt_meth__FOXI1_NANGTAAACAAN_FL_meth
158	9	1	16
185	21	14	11
26	83	6	69
116	20	185	4
28	0	20	185
185	11	7	4
185	0	1	20
185	11	0	5
32	185	7	21
185	10	12	10
185	11	5	23
49	21	8	107
>transfac_public__M00129
2	3	3	6
10	1	2	1
4	2	0	8
2	0	0	12
0	0	14	0
0	0	0	14
0	0	0	14
0	0	0	14
13	0	1	0
0	1	3	10
5	0	2	7
1	2	0	11
>transfac_public__M00130
9	3	14	6
21	2	0	9
15	1	0	16
1	2	0	29
10	0	21	1
0	0	0	32
1	0	0	31
5	0	5	22
11	0	14	7
5	5	1	21
1	2	4	25
1	10	0	21
>transfac_public__M00131
0	3	4	6
1	0	9	4
8	5	5	6
15	5	2	2
11	4	2	7
0	1	0	23
12	0	12	0
0	0	0	24
0	0	0	24
1	0	3	20
11	1	9	3
2	10	1	11
3	1	3	17
1	5	0	17
8	0	1	5
>transfac_public__M00268
3	1	0	2
2	1	1	2
2	0	0	4
5	0	1	0
0	0	0	6
6	0	0	0
6	0	0	0
6	0	0	0
0	5	0	1
6	0	0	0
2	0	1	3
2	1	1	2
1	2	2	1
3	0	2	1
>transfac_public__M00293
7	1	4	11
10	4	2	7
6	3	6	8
13	4	4	2
4	10	2	7
21	0	2	0
0	2	0	21
22	1	0	0
23	0	0	0
23	0	0	0
0	14	0	9
21	1	1	0
9	4	2	8
7	3	9	4
10	3	5	5
7	4	4	8
>transfac_public__M00294
13	18	11	6
16	8	11	13
13	4	10	21
0	0	0	48
7	0	41	0
0	0	0	48
0	0	0	48
0	0	0	48
39	0	9	0
0	6	0	42
20	1	11	16
5	14	1	28
18	4	22	4
>transfac_public__M00422
14	10	2	15
14	9	3	15
14	10	8	9
15	7	3	16
28	10	3	0
26	3	7	5
32	0	9	0
0	15	0	26
41	0	0	0
41	0	0	0
41	0	0	0
0	27	0	14
40	0	1	0
12	9	6	14
11	10	2	18
11	12	7	11
16	11	7	7
18	5	6	12
>transfac_public__M00473
33	36	14	17
49	18	30	3
33	3	0	64
74	10	0	16
100	0	0	0
100	0	0	0
0	100	0	0
100	0	0	0
54	24	11	11
33	19	31	28
>yetfasco__YCR065W_570
51.3075	16.0895	24.8858	7.7172
27.2549	7.678	4.1351	60.932
67.01056701	31.58453158	0.6581006581	0.7468007468
94.6809	5.3191	0	0
100	0	0	0
0.7021	85.5953	0.4388	13.2638
95.0104	1.7114	1.5356	1.7426
58.03075803	17.06741707	10.86971087	14.03211403
>cisbp__M00163
30.94671741	14.29590866	54.73358706	0.02378686965
29.50524246	0.01638269987	0.01638269987	70.46199214
61.95101351	29.57488739	0.01407657658	8.460022523
88.85341477	6.954469739	0.01388117712	4.178234314
99.95835647	0.01388117712	0.01388117712	0.01388117712
0.01388117712	95.79400333	0.01388117712	4.178234314
99.95716733	0.01427755568	0.01427755568	0.01427755568
66.00678733	13.21644042	5.674962293	15.10180995
>cisbp__M09097
53.01204819	36.14457831	10.84337349	0
43.37349398	18.07228916	34.93975904	3.614457831
25.30120482	3.614457831	0	71.08433735
85.14056225	14.85943775	0	0
100	0	0	0
100	0	0	0
0	100	0	0
100	0	0	0
74.69879518	10.84337349	10.84337349	3.614457831
>cisbp__M10556
23	16	6	55
77	13	3	7
58	13	3	26
77	0	23	0
0	52	0	48
100	0	0	0
100	0	0	0
100	0	0	0
0	58	0	42
100	0	0	0
27	27	12	34
23	39	26	12
32	45	3	20
