>hocomoco__ZIC2_HUMAN.H11MO.0.D
78	64	161	107
118	60	188	44
89	175	65	81
42	194	38	136
78	156	45	131
6	374	12	18
19	371	1	19
34	78	0	298
33	10	343	24
3	326	45	36
46	9	46	309
10	23	367	10
137	48	74	151
13	23	302	72
144	121	58	87
>hocomoco__ZIC2_MOUSE.H11MO.0.C
96	63	191	150
110	72	298	20
79	301	61	59
48	241	27	184
137	193	33	137
2	494	1	3
28	460	1	11
23	82	1	394
32	8	454	6
2	434	39	25
46	10	34	410
5	0	492	3
207	43	103	147
4	34	397	65
210	142	38	110
>hocomoco__ZIC3_HUMAN.H11MO.0.B
28	26	77	38
28	39	90	12
37	84	27	21
17	78	21	53
37	64	16	52
0	168	1	0
14	153	0	2
10	22	0	137
8	10	148	3
0	155	14	0
8	1	2	158
2	5	162	0
55	5	34	75
1	5	148	15
63	43	24	39
>homer__GGCCYCCTGCTGDGH_Zic3
17.9	17.3	44.1	20.7
20.8	21.5	51.1	6.6
17	49.4	17.8	15.8
13.3	55.2	11	20.5
15	43.6	7.4	34
0.1	99.5	0.3	0.1
8.9	89.4	0.1	1.6
13.3	23.5	0.2	63
6.4	1	92.5	0.1
0.1	94.9	4.8	0.2
14.5	2	6.1	77.4
0.1	0.3	99.5	0.1
23.82382382	12.31231231	28.72872873	35.13513514
0.1	8.7	81.5	9.7
27.52752753	35.63563564	13.51351351	23.32332332
