>cisbp__M06834
29.6108	13.7056	25.3807	31.3029
25.04232504	15.90521591	18.78171878	40.27074027
27.242	24.1963	11.1675	37.3942
25.5499	12.8596	15.736	45.8545
16.0745	15.9052	17.9357	50.0846
8.121808122	22.84262284	4.737704738	64.2978643
26.9036	10.8291	7.445	54.8223
63.1134	13.0288	22.5042	1.3536
0	100	0	0
0	1.0152	0	98.9848
0	0	0	100
0	0	0	100
17.9357	1.0152	3.7225	77.3266
4.9069	8.6294	5.753	80.7107
16.7513	31.6413	29.1032	22.5042
24.53467547	20.13537986	16.75128325	38.57866142
21.8274	21.1506	12.0135	45.0085
18.4433	18.9509	9.3063	53.2995
16.07448393	16.41288359	13.36718663	54.14544585
19.2893	25.8883	12.6904	42.132
21.489	16.9205	8.4602	53.1303
