>jaspar__MA0066.1
3	8	14	3
3	0	0	25
19	0	9	0
0	1	27	0
1	0	26	1
0	1	4	23
2	23	3	0
26	1	0	1
5	15	4	4
5	7	10	6
4	2	18	4
1	0	2	25
2	5	20	1
22	5	0	1
1	27	0	0
0	25	0	3
3	12	0	13
22	5	0	1
5	12	6	5
7	0	1	20
>jaspar__MA0258.2
5410	96	2563	174
429	0	7170	644
59	0	8143	41
74	147	989	7033
0	7621	533	89
8098	1	57	87
502	4202	2738	801
2092	3235	1688	1228
1808	2510	2173	1752
1602	975	533	5133
1121	398	6658	66
3278	2056	1391	1518
434	6469	363	977
1111	5854	0	1278
834	2708	606	4095
>swissregulon__hs__ESR1
275.8675715	53.47817594	168.8393593	26.51082346
69.48754239	14.18792616	381.2401534	59.78030826
9.274891512	7.459524932	503.3384991	4.623014652
7.311827555	19.55818879	64.33683741	433.4890765
1.44074838	480.2522881	28.8330803	14.16981347
475.0438587	14.19867567	8.406819945	27.04657593
38.37450436	210.5666159	207.0380031	68.71680697
104.8402158	136.8716866	208.7472724	74.23675539
75.87018763	133.2624525	222.8056139	92.75767621
43.37751196	67.77687514	16.58671907	396.9548241
40.75179824	60.67385571	411.8738739	11.39640236
274.1703411	128.6340631	68.34955195	53.54197407
19.70588616	426.7929238	33.58766806	44.60945222
17.46907411	452.0457798	18.34450886	36.83656746
66.22435951	130.0751067	12.28965455	316.1068095
58.1416489	113.5821898	238.2377754	114.7343161
151.8089968	87.04320313	207.9565835	77.88714679
91.1016031	170.5575374	190.5407056	72.49608409
>swissregulon__hs__PPARG
12.329049	65.264852	61.403114	12.621223
37.499221	13.245553	6.752266	94.121198
74.348869	0	75.506939	1.76243
1.956079	6.460643	141.572377	1.629139
6.719642	5.083165	136.630354	3.185077
2.136019	16.976807	22.863889	109.641523
3.879884	127.62685	18.470582	1.640922
127.857013	9.340177	0.615612	13.805436
18.345864	87.272255	34.703133	11.296986
44.329041	26.048389	50.849771	30.391037
21.145907	9.73743	105.56923	15.165671
13.940761	0	20.673735	117.003742
12.757462	38.038009	87.774686	13.048081
104.739784	37.63047	1.830005	7.417979
9.383142	138.277368	3.957728	0
0	126.916684	1.303178	23.398376
18.779525	81.635088	5.312164	45.891461
67.41668	59.795453	6.596178	17.809927
19.866813	64.194912	50.043799	17.512714
46.012153	1.890087	20.237049	83.478949
>swissregulon__mm__Esr1
134	70	151	102
118	87	125	126
94	110	102	148
81	205	77	92
101	203	48	103
310	20	93	32
4	0	379	72
0	0	450	6
14	0	50	391
0	424	25	7
433	3	10	10
56	206	119	75
107	163	99	87
93	172	115	75
34	59	3	359
54	0	400	1
251	102	37	65
18	366	16	54
32	369	0	54
15	167	31	244
>hocomoco__ESR1_HUMAN.H11MO.0.A
319	24	130	27
37	3	404	56
23	9	454	14
47	36	89	328
1	444	24	31
428	3	56	13
54	221	156	69
198	302	0	0
91	188	143	78
52	39	22	387
27	17	454	2
309	99	35	57
20	442	7	31
45	411	4	40
29	165	33	273
>hocomoco__ESR1_MOUSE.H11MO.0.A
279	23	153	45
47	3	384	66
49	36	402	13
121	35	54	290
1	425	59	15
464	3	23	10
37	281	141	41
219	281	0	0
84	238	123	55
38	26	7	429
13	14	469	4
275	79	37	109
33	397	22	48
52	409	0	39
35	188	27	250
>hocomoco__ESR2_HUMAN.H11MO.0.A
246	48	180	23
57	6	393	41
23	13	427	34
48	58	114	277
8	397	26	66
309	17	123	48
46	254	132	65
0	332	0	165
61	210	133	93
20	119	15	343
41	13	443	0
259	136	43	59
12	420	11	54
41	421	6	29
36	177	18	266
>hocomoco__RARG_HUMAN.H11MO.0.B
288	9	194	9
88	3	378	31
70	3	423	4
32	5	67	396
7	444	18	31
460	6	26	8
93	165	188	54
215	146	121	18
149	93	220	38
103	63	54	280
47	83	343	27
204	110	115	71
114	308	48	30
148	296	21	35
70	113	73	244
89	82	228	101
135	56	240	69
156	117	170	57
>taipale_cyt_meth__ESR1_NAGGTCANNNYGACCTN_FL
1111	639	667	438
2854	606	1369	45
35	12	2854	400
8	3	2854	6
11	13	102	2854
1	2854	42	99
2854	0	38	6
471	1316	381	686
239	1192	1149	274
662	360	1349	483
7	401	4	2454
113	41	2854	1
2854	218	7	56
24	2854	0	17
378	2854	2	37
150	1459	582	2854
516	644	614	1081
>taipale_cyt_meth__ESR1_NAGGTCANNNYGACCTN_FL_meth
175	111	204	91
580	113	271	15
10	0	580	95
5	1	580	0
5	0	14	580
4	580	19	22
580	5	79	0
120	297	82	82
48	281	200	51
61	82	352	85
0	277	0	304
11	4	580	3
580	36	1	15
3	580	0	6
92	580	4	2
25	245	51	580
101	143	162	173
>dbtfbs__ESR1_representative_N1
346	23	100	26
16	0	445	34
0	0	495	0
8	0	59	428
0	493	0	2
475	0	20	0
21	235	174	65
112	207	90	86
86	148	162	99
47	90	13	345
45	16	434	0
284	124	38	49
13	439	7	36
44	423	3	25
12	208	18	257
>transfac_public__M00515
18	3	0	2
21	0	0	6
3	7	15	2
1	1	0	26
21	0	7	0
0	0	28	0
0	1	27	0
0	0	3	25
1	23	4	0
28	0	0	0
4	17	3	4
6	7	9	6
3	3	19	3
0	0	0	28
2	5	20	1
24	3	1	0
0	28	0	0
0	28	0	0
0	11	0	17
25	1	0	2
4	15	6	2
7	0	1	19
2	0	0	22
>homer__AAGGTCACNGTGACC_ERE
35.33533534	25.72572573	22.12212212	16.81681682
66.4	1.6	26.8	5.2
6	0.1	80.1	13.8
2.8	0.4	95	1.8
5.705705706	3.303303303	15.41541542	75.57557558
0.1	92.8	3.1	4
93.4	0.7	2.6	3.3
14.4	42.1	26.2	17.3
21.9	30.8	25.1	22.2
16.6	28.3	38.7	16.4
3.7	1.5	0.7	94.1
4.2	2.4	93.3	0.1
72.9	16.4	3.8	6.9
2.197802198	93.30669331	0.4995004995	3.996003996
15.8	76.3	0.1	7.8
>cisbp__M00984
33.73993444	18.51686862	29.04023069	18.70296625
22.09167317	30.12034201	20.80515428	26.98283054
6.760769976	10.28963199	8.424438148	74.52515989
2.241966801	1.25527355	96.28894515	0.2138144956
56.76944139	6.104328915	8.076819571	29.04941012
2.658769494	97.30626921	0.01496357178	0.01999772864
0.02182638159	98.0388788	1.265369435	0.6739253865
41.37736614	15.37486479	29.74717054	13.50059853
>cisbp__M07988
54.9738	6.8063	32.4607	5.7592
7.8534	0	82.199	9.9476
3.9267	0	95.288	0.7853
5.7592	6.8063	20.6806	66.7539
0	85.0785	6.5445	8.377
79.05752094	1.832498168	12.04188796	7.068092932
11.5183	49.4764	28.2723	10.733
46.3351	53.6649	0	0
29.5812	25.3927	29.8429	15.1832
11.7801	11.7801	2.8796	73.5602
6.5445	2.0942	91.3613	0
62.82726283	24.34552435	5.497405497	7.32980733
3.1414	87.9581	1.3089	7.5916
7.5916	84.555	0	7.8534
7.32980733	35.07853508	3.926703927	53.66495366
>cisbp__M07989
21.4123	37.5854	19.3622	21.6401
21.8679	39.8633	13.8952	24.3736
62.87013713	4.1001959	24.82917517	8.2004918
4.5558	0.2278	75.8542	19.3622
0	0	100	0
1.3667	1.3667	5.6948	91.5718
0	96.35530364	2.961297039	0.6833993166
98.6333	0	1.3667	0
10.9339	41.2301	31.8907	15.9453
26.8793	31.8907	25.0569	16.1731
21.6401	33.2574	27.5626	17.5399
9.795	14.123	1.3667	74.7153
12.52848747	2.961297039	83.82681617	0.6833993166
51.48065148	25.51252551	7.517107517	15.48971549
5.922594077	79.72662027	3.872396128	10.47838952
3.4169	87.4715	0	9.1116
1.822301822	33.02963303	6.605906606	58.54215854
17.76768223	17.76768223	30.97946902	33.48516651
22.77902278	20.5011205	37.12983713	19.59001959
>cisbp__M08217
16.23038377	21.98947801	25.65447435	36.12566387
17.2775	51.8324	8.377	22.5131
25.6545	37.1728	15.1832	21.9895
65.9685	6.8063	21.466	5.7592
1.5707	0	75.3927	23.0366
0	0	98.4293	1.5707
0	0.5236	14.6597	84.8167
0	94.2408	5.7592	0
94.2408	0	0	5.7592
13.08901309	43.45554346	23.03662304	20.41882042
24.0838	30.8901	23.0366	21.9895
18.32461832	40.31414031	27.22512723	14.13611414
8.377	8.9005	3.1414	79.5811
10.4712	0	89.5288	0
50.2618	20.9424	14.1361	14.6597
5.7592	79.5811	3.1414	11.5183
2.0942	86.911	0	10.9948
1.5707	41.8848	1.0471	55.4974
