>swissregulon__hs__FOXL1
7	1	4	11
10	4	2	7
6	3	6	8
13	4	4	2
4	10	2	7
21	0	2	0
0	2	0	21
22	1	0	0
>swissregulon__mm__Pou1f1
150.777426	44.611516	32.472352	130.560797
187.054076	97.571089	2.239735	71.557191
7.133202	2.617048	0	348.671841
1.213245	19.709869	29.801076	307.697901
5.21749	344.674792	0	8.529809
276.185996	13.988609	2.991762	64.449095
34.55509	8.675708	6.585533	307.799131
233.719791	13.739452	59.091893	51.064326
186.751895	61.34396	3.437396	106.082211
148.372995	1.29093	9.184175	198.767362
2.435858	61.026678	27.551359	266.601567
266.658566	22.301906	63.723678	4.931312
59.842112	31.483195	8.371251	257.918904
200.493977	35.790009	13.080357	108.251119
89.746905	113.31144	22.930034	131.627083
164.661626	97.103343	12.78659	83.063903
70.065297	144.853788	19.843026	122.853351
229.463483	52.751705	6.064243	69.336031
>swissregulon__sacCer__NHP6A
13.42	66.15	6.29	42.12
43.47	16.71	9.16	58.64
62.87	32.08	8.23	24.81
14.6	3.08	0.82	109.48
115.69	1.37	3.41	7.5
16.2	3.79	1.07	106.92
108.48	2.08	5.61	11.81
7.31	5.47	3.65	111.55
95.5	2.15	2.66	27.67
83.2	3.85	19.61	21.32
>swissregulon__sacCer__NHP6B
50.4	8.94	3.35	65.29
74.05	11.5	6.64	35.79
21.64	8.4	2.06	95.88
103.39	4.19	8.58	11.81
11.81	8.58	4.19	103.39
95.88	2.06	8.4	21.64
35.79	6.64	11.5	74.05
65.29	3.35	8.94	50.4
59.04	12.36	15.59	41
47.67	13.65	14.31	52.36
59.63	10.77	43.03	14.55
>taipale_cyt_meth__ZBTB20_NYAAYGTATRKN_eDBD_meth
4292	3124	4278	7304
4150	7615	4100	11383
18998	1081	4745	2800
18998	592	888	1645
31	8110	936	10888
2801	5047	18998	623
37	2099	94	18998
18998	6	308	232
3043	3419	93	18998
12245	69	6753	526
546	5443	10713	8284
6366	4795	4345	3492
>bergman__bab1
27.27272727	0	9.090909091	63.63636364
50	20	10	20
66.66666667	0	0	33.33333333
60	0	0	40
33.33333333	11.11111111	0	55.55555556
70	0	0	30
22.22222222	0	0	77.77777778
60	0	0	40
55.55555556	0	0	44.44444444
20	10	10	60
11.11111111	11.11111111	33.33333333	44.44444444
0	0	66.66666667	33.33333333
>stark__WHWWWWWWWWKK
50	0	0	50
33.33333333	33.33333333	0	33.33333333
50	0	0	50
50	0	0	50
50	0	0	50
50	0	0	50
50	0	0	50
50	0	0	50
50	0	0	50
50	0	0	50
0	0	50	50
0	0	50	50
>yetfasco__YBR089C-A_792
18.20424842	30.44196762	9.93512956	41.41865441
21.70119964	22.52090113	21.6550274	34.12287184
13.55529252	10.89317638	10.79835263	64.75317847
37.66443644	20.88329346	7.788196239	33.66407387
19.53583346	31.6233783	11.18973202	37.65105622
15.47737165	31.7516273	14.32663056	38.44437048
39.38109061	6.989805705	2.620291055	51.00881263
57.85213088	8.990260458	5.195215647	27.96239301
16.90713558	6.566026693	1.613655689	74.91318204
80.77961529	3.279957255	6.707916008	9.232511444
9.232511444	6.707916008	3.279957255	80.77961529
74.91318204	1.613655689	6.566026693	16.90713558
27.96239301	5.195215647	8.990260458	57.85213088
51.00881263	2.620291055	6.989805705	39.38109061
46.12686769	9.659349103	12.1821589	32.03162431
37.24459488	10.66530464	11.1806958	40.90940468
46.58697189	8.420231125	33.62420756	11.36858943
20.2821375	16.03533936	30.26879034	33.41373281
28.78013001	12.03173773	33.91726926	25.270863
28.7291139	25.74495197	25.28748071	20.23845342
>yetfasco__YPR052C_879
28.43380164	9.685134837	28.93969942	32.9413641
22.43202273	31.47104326	14.73160641	31.3653276
43.44826516	12.41527337	15.48886029	28.64760118
29.98191085	17.22319773	11.1032025	41.69168891
34.63551946	13.88635835	13.8822291	37.59589309
34.838829	13.74056812	13.65745685	37.76314603
16.65726757	15.32774714	3.010865121	65.00412017
21.62305189	2.08194794	1.681888072	74.61311209
87.15106165	2.857938279	4.278565476	5.712434599
9.232342647	4.38665678	1.626323719	84.75467685
83.5328806	0.8363685044	2.967465409	12.66328549
5.866456141	2.67003931	1.073607413	90.38989714
85.53479532	0.6468066984	2.407245437	11.41115254
19.38279922	6.433173612	25.06462585	49.11940131
45.81385239	7.159479325	13.05928453	33.96738375
32.90703139	4.916329895	51.68633997	10.49029874
28.14526499	9.946988516	33.38624584	28.52150065
25.57639759	15.15309818	21.22930149	38.04120274
29.89587191	31.15274634	15.31875595	23.63262581
45.63908479	8.347911248	21.73377048	24.27923349
20.01286004	21.42349134	27.94282084	30.62082778
>scertf__zhu.NHP6A
10	52	5	33
34	13	7	46
49	25	6	19
11	2	1	85
90	1	3	6
13	3	1	83
85	2	4	9
6	4	3	87
74	2	2	21
65	3	15	17
>scertf__zhu.NHP6B
13	10	10	64
37	20	7	33
19	31	10	37
15	32	14	38
39	7	3	51
57	9	5	28
16	6	2	74
81	3	7	9
9	7	3	81
74	2	6	16
28	5	9	57
51	3	7	39
46	10	12	32
37	11	11	41
47	8	34	11
>cisbp__M00244
22.50158918	22.50158918	22.50158918	32.49523245
22.50158918	22.50158918	22.50158918	32.49523245
30.09682396	19.96984426	29.96348752	19.96984426
47.52319821	7.514128236	7.514128236	37.44854532
89.94240176	9.980077056	0.03876059133	0.03876059133
69.81557711	20.17178694	0.03876059133	9.973875361
30.29876664	9.906044327	0.03876059133	59.75642844
79.78325077	0.03876059133	0.03876059133	20.13922804
12.40445514	12.40949402	2.537171407	72.64887943
92.38848578	2.537171407	2.537171407	2.537171407
5.068916331	5.068916331	5.068916331	84.79325101
37.5588192	17.52463236	17.52463236	27.39191609
>cisbp__M00285
37.2420208	17.50020221	17.50020221	27.75757478
50.06899397	9.923402947	20.18077551	19.82682757
13.01955773	12.33819176	2.434767135	72.20748338
62.74115535	2.434767135	2.434767135	32.38931038
20.29571154	0.0323535597	0.0323535597	79.63958134
80.30832942	0.0323535597	19.62696346	0.0323535597
19.74958345	10.28972613	0.0323535597	69.92833687
10.28972613	0.0323535597	0.0323535597	89.64556675
27.67288933	17.34595661	7.53215135	47.4490027
25.55850332	24.71860491	15.10895061	34.61394115
32.20724073	22.59758642	22.59758642	22.59758642
32.20724073	22.59758642	22.59758642	22.59758642
>cisbp__M01103
31.56054808	22.81315064	22.81315064	22.81315064
31.56054808	22.81315064	22.81315064	22.81315064
37.13547552	18.03904235	18.03904235	26.78643979
70.07975941	9.973413529	9.973413529	9.973413529
33.38231279	0.009750776414	0.009750776414	66.59818566
80.68543115	0.009750776414	0.009750776414	19.2950673
17.77885651	0.009750776414	0.009750776414	82.20164194
43.17801	0.009750776414	0.009750776414	56.80248845
93.41019959	2.196600136	2.196600136	2.196600136
93.41019959	2.196600136	2.196600136	2.196600136
6.970708428	6.970708428	6.970708428	79.08787472
32.47937332	15.03633725	15.03633725	37.44795218
>cisbp__M01684
31.92411965	22.69196012	22.69196012	22.69196012
29.56748268	20.33532315	29.76187103	20.33532315
44.78908844	15.32625067	15.32625067	24.55841021
75.95007675	8.016641082	8.016641082	8.016641082
23.48817264	0.01642169179	0.01642169179	76.47898397
81.97872423	0.01642169179	0.01642169179	17.98843239
9.613275391	0.01642169179	9.944995143	80.42530777
40.79050942	0.01642169179	0.01642169179	59.1766472
83.60006739	11.75100946	2.324461575	2.324461575
85.95670436	4.681098546	4.681098546	4.681098546
9.690171017	9.690171017	9.690171017	70.92948695
16.99978061	16.99978061	16.99978061	49.00065817
>cisbp__M02595
33.51176551	22.16274483	22.16274483	22.16274483
41.30233313	19.56588896	19.56588896	19.56588896
32.22973323	12.08242763	22.16279119	33.52504796
85.26470679	4.911764404	4.911764404	4.911764404
29.95521679	0.02137147756	0.02137147756	70.00204025
90.04189118	0.02137147756	0.02137147756	9.915365865
18.95491733	0.02137147756	0.02137147756	81.00233971
19.08902962	0.02137147756	0.02137147756	80.86822743
50.61648751	2.858626647	2.858626647	43.6662592
63.30694304	15.53584608	5.455482521	15.70172836
22.1126076	12.93894385	12.93894385	52.0095047
29.42493294	20.10960707	20.10960707	30.35585291
