>jaspar__MA0162.4
7087	11610	6621	5280
3997	14749	7211	4641
14508	10303	3854	1933
642	28403	756	797
5110	1131	22237	2120
227	29338	665	368
1440	27321	1455	382
314	28958	698	628
22297	5420	2122	759
153	29507	699	239
4696	2806	20544	2552
969	25196	2157	2276
8903	10441	6345	4909
3809	13686	7852	5251
>swissregulon__hs__EGR2
168	179	179	250
88	141	527	20
123	428	27	198
1	1	773	1
1	1	106	668
43	1	731	1
1	1	773	1
1	1	773	1
123	456	1	196
25	1	739	11
71	51	399	255
192	149	277	158
>swissregulon__mm__Egr2
5.172413793	2.643678161	7.816091954	5.057471264
1.034482759	0	19.65517241	0
4.942528736	8.620689655	4.252873563	2.873563218
0	0	20.68965517	0
1.034482759	0.5747126437	5.977011494	13.10344828
0	0	20.68965517	0
0	0	20.68965517	0
0	0	20.68965517	0
1.034482759	14.82758621	0	4.827586207
0	0	17.70114943	2.988505747
2.816091954	0.7471264368	13.50574713	3.620689655
>swissregulon__mm__Egr3
4.550724638	0.1449275362	0.1449275362	3.15942029
2.086956522	0	4.753623188	1.15942029
5.101449275	1.739130435	0	1.15942029
0.9275362319	0	7.072463768	0
0	0.2898550725	1.449275362	6.260869565
0	0	8	0
0	0	7.072463768	0.9275362319
0	0	8	0
0	3.826086957	0	4.173913043
0	0	7.072463768	0.9275362319
0.1449275362	1.304347826	1.304347826	5.246376812
>flyfactorsurvey__klu_SANGER_10_FBgn0013469
2	2	2	12
3	0	16	0
1	10	0	9
0	0	20	0
0	0	7	13
1	0	19	0
0	0	20	0
0	0	20	0
2	0	0	18
0	0	20	0
0	2	11	7
>flyfactorsurvey__klu_SOLEXA_5_FBgn0013469
75	54	138	156
33	5	360	54
37	230	10	226
7	1	493	2
14	6	168	315
26	0	472	5
10	5	485	3
9	0	491	3
71	48	6	378
3	0	491	9
26	24	298	155
101	64	204	134
95	85	188	135
79	90	168	156
91	82	152	132
>flyfactorsurvey__klu_SOLEXA_F2-4
368	75	2023	401
251	1223	148	1244
0	0	2869	0
110	59	1093	1606
393	5	2457	12
0	5	2863	0
0	0	2869	0
749	1253	56	809
57	27	2726	59
180	128	1459	1100
603	442	1069	753
>flyfactorsurvey__sr_SANGER_5_FBgn0003499
4	1	9	5
2	1	5	11
6	1	10	2
0	8	5	6
0	0	19	0
1	0	7	11
0	0	19	0
0	1	18	0
0	0	19	0
2	14	0	3
1	0	16	2
0	1	9	9
1	4	9	5
5	0	8	5
>flyfactorsurvey__sr_SOLEXA_5_FBgn0003499
436	340	851	560
309	483	588	933
362	230	1380	366
218	1078	320	722
0	0	2330	8
59	6	697	1576
352	0	1947	39
0	0	2338	0
0	0	2300	38
287	1194	91	766
134	90	1915	199
208	163	1114	853
552	351	874	561
424	461	716	605
>hocomoco__EGR1_HUMAN.H11MO.0.A
116	124	205	55
160	64	159	117
139	90	230	41
118	56	177	149
56	15	404	25
118	253	23	106
28	17	435	20
16	2	205	277
46	1	446	7
8	2	479	11
12	16	465	7
110	238	2	150
44	5	421	30
55	11	348	86
169	64	203	64
156	41	228	75
132	91	218	59
>hocomoco__EGR1_MOUSE.H11MO.0.A
112	95	232	53
67	85	167	173
25	19	441	7
76	330	6	80
1	0	486	5
2	1	268	221
17	1	474	0
0	2	487	3
0	0	492	0
73	301	0	118
0	3	487	2
12	14	383	83
129	42	270	51
108	48	284	52
>hocomoco__EGR2_HUMAN.H11MO.1.A
97	72	228	101
140	86	226	46
94	50	186	168
31	33	423	11
122	182	29	165
3	9	483	3
6	5	173	314
81	2	405	10
12	5	460	21
12	9	475	2
160	178	6	154
16	3	454	25
34	14	355	95
149	47	229	73
110	40	261	87
94	82	257	65
>hocomoco__EGR2_MOUSE.H11MO.0.A
69	71	209	151
47	67	364	22
111	199	34	156
10	6	475	9
4	7	148	341
31	2	463	4
1	2	492	5
1	9	490	0
124	209	7	160
14	8	462	16
36	4	365	95
126	48	271	55
94	54	264	88
112	85	250	53
>hocomoco__EGR2_MOUSE.H11MO.1.A
178	74	205	42
95	39	229	136
42	29	412	16
155	178	21	145
21	22	441	15
17	11	203	268
79	2	394	24
15	3	453	28
15	7	475	2
222	132	7	138
24	1	449	25
31	19	365	84
159	67	215	58
144	28	239	88
96	67	282	54
133	63	199	104
87	52	293	67
100	64	265	70
>hocomoco__EGR3_HUMAN.H11MO.0.D
5	0	0	3
2	0	5	1
5	2	0	1
1	0	7	0
1	0	1	6
0	0	8	0
0	0	7	1
0	0	8	0
0	4	0	4
0	0	7	1
1	1	1	5
>nitta__klu_TCTGCT40NTGT_KK_NCCACCCACGCAN_m1_c3
5667	9151	2715	7769
2703	25303	154	15
59	25303	67	45
25303	137	12258	1969
64	25303	62	30
47	25303	209	47
79	25303	76	66
25303	6039	93	33
61	25303	110	61
0	66	25303	74
97	25303	137	35
25303	751	368	78
4419	13752	1432	5699
>taipale_cyt_meth__EGR1_NMCGCCCACGCMN_eDBD
1507	2433	966	1192
2701	3396	1023	1031
801	6097	507	883
3902	1084	6097	1408
97	6097	12	61
195	6097	113	129
438	6097	82	1257
6097	3439	434	281
2	6097	13	70
1773	1324	6097	940
593	6097	408	1034
3594	2504	2151	1563
1561	2482	929	1126
>taipale_cyt_meth__EGR1_NMCGCCCACGCMN_eDBD_meth
780	1621	639	897
1485	2452	545	722
385	3937	129	593
2518	635	3937	1388
104	3937	38	103
208	3937	120	105
213	3937	225	736
3937	2333	448	458
7	3937	0	158
2119	1295	3937	1977
493	3937	487	1041
1970	1967	1328	918
781	1758	576	821
>dbtfbs__EGR1_representative_N1
74	370	22	27
0	493	0	0
42	0	411	40
0	493	0	0
0	493	0	0
0	460	0	33
226	267	0	0
0	493	0	0
18	0	437	38
3	446	24	20
>homer__MCTCCCMCRCAB_WT1
39.7	45	4.2	11.1
3.3	93	0.1	3.6
2.5	1.3	4.9	91.3
0.1	99.7	0.1	0.1
0.1	99.7	0.1	0.1
0.1	92.9	0.1	6.9
55.4	43.8	0.7	0.1
0.5	97.9	0.1	1.5
45.05494505	0.7992007992	39.06093906	15.08491508
0.1	80.2	13.2	6.5
48.9	21.8	7.7	21.6
10.81081081	27.62762763	29.02902903	32.53253253
>homer__TGCGTGGGYG_Egr1
12.8	7.2	14.2	65.8
7.8	3.6	88.2	0.4
15.4	52.3	2.3	30
0.1	0.1	99.7	0.1
0.1	0.1	28.2	71.6
2.7	0.1	97.1	0.1
0.1	0.2	97.3	2.4
0.1	0.1	99.7	0.1
15.3	41.5	1	42.2
3.4	0.2	94	2.4
>kznf__EGR2_Barrera2016.5_PBM
17.7413878	50.19423622	11.65692244	20.40745354
25.62787088	8.114726242	43.97760228	22.2798006
11.14005422	80.6845495	2.182666079	5.992730201
0.9973599617	95.33113571	2.99623491	0.6752694185
5.345894442	71.97572229	2.262179824	20.41620344
49.21700378	40.29547457	5.453399466	5.03412219
2.945232479	90.03403393	1.915900514	5.104833082
21.4636983	11.20503305	49.22310155	18.10816709
12.47534982	47.16983895	14.20728247	26.14752875
35.93935679	19.52768075	21.15408401	23.37887845
>kznf__EGR2_Schmitges2016_RCADE
0.07396450481	99.77810649	0.07396450481	0.07396450481
23.15088507	0.07396445229	55.69526408	21.0798864
0.07396450481	99.77810649	0.07396450481	0.07396450481
0.07396450481	99.77810649	0.07396450481	0.07396450481
0.07396455251	84.09765971	0.07396455251	15.75441119
37.943789	61.90828205	0.07396447855	0.07396447855
0.07396450481	99.77810649	0.07396450481	0.07396450481
28.47628163	0.07396445229	45.93197037	25.51778354
0.07396447855	89.12717415	10.72489689	0.07396447855
>kznf__EGR3_Schmitges2016_RCADE
0.06476679974	99.8056996	0.06476679974	0.06476679974
21.82640725	0.0647668215	49.02851628	29.08030965
0.06476679974	99.8056996	0.06476679974	0.06476679974
0.06476679974	99.8056996	0.06476679974	0.06476679974
0.06476677824	73.63987526	0.06476677824	26.23059119
18.19949388	81.67097256	0.06476677824	0.06476677824
0.06476679974	99.8056996	0.06476679974	0.06476679974
29.59840983	0.0647668215	40.22021335	30.11661
0.06476684301	75.71245027	24.15801604	0.06476684301
>cisbp__M00138
16.05751513	49.70855106	13.82083135	20.41310246
24.26916304	12.4187389	44.22129824	19.09079981
7.194065209	85.90623487	2.492425692	4.407274229
0.9280165839	97.05660097	1.945062916	0.07031953239
3.36856903	77.05257904	2.213307569	17.36554436
42.19229012	43.91419015	7.70783625	6.185683482
4.490106808	81.60385381	4.864074638	9.04196474
10.37386876	19.28427553	43.78494446	26.55691125
12.99700457	51.6618146	15.56023954	19.78094129
33.96652796	22.54189478	19.79393481	23.69764244
>cisbp__M00375
24.39079382	12.7331109	41.02598959	21.85010569
13.63341419	74.62859204	2.78020233	8.957791439
2.502468504	84.54446811	9.182299341	3.770764048
7.736200867	67.08166265	3.728144748	21.45399173
48.44526678	40.46488823	5.157410648	5.932434338
2.104083061	91.27525953	0.4248070436	6.195850361
20.83120449	12.13934801	48.73766201	18.29178549
15.23726082	46.69998287	13.92580784	24.13694847
34.28375466	21.003133	23.918964	20.79414834
>cisbp__M00645
21.31724571	46.970343	17.27942354	14.43298775
26.10360816	20.94863625	30.02629653	22.92145906
5.069823499	93.0657287	0.8810032223	0.9834445771
1.359242804	94.3421231	4.04276063	0.2558734694
4.249408519	74.20116128	1.727680576	19.82174963
48.67410314	42.31523242	2.423340902	6.587323537
0.8540831865	95.80101859	1.366528139	1.978370088
12.67136072	11.23848878	54.56236639	21.52778411
8.428741428	64.17716511	7.475623028	19.91847044
53.32945446	13.96408666	19.81598222	12.89047666
>cisbp__M00776
28.03433063	40.18243071	12.22434987	19.5588888
15.91930666	56.12226577	9.276948139	18.68147943
23.95533232	8.724986695	49.21463029	18.10505069
8.00056937	89.07802846	0.007442955321	2.913959212
1.934173871	91.80624233	5.582743348	0.6768404509
3.064384306	79.03151284	1.296731244	16.60737161
62.2598446	27.69679408	5.372625287	4.670736039
2.169237381	92.2383205	2.257765638	3.334676484
21.98752665	7.032029268	55.17308932	15.80735475
14.4570551	46.11704111	13.34554388	26.08035991
>cisbp__M00778
10.14278317	65.8093835	5.566477427	18.4813559
18.79381231	3.201206224	63.65817052	14.34681094
2.985055498	95.92995966	0.2550280702	0.8299567725
0.07899367132	99.64485945	0.2373101034	0.03883678015
0.7799780713	91.97442284	0.2062864642	7.03931262
73.03941556	25.30492991	0.8361052601	0.8195492667
0.05291203838	99.57146238	0.04246290544	0.333162674
12.76178517	4.333845143	74.1770773	8.727292389
6.829336027	62.25429035	8.014300069	22.90207355
42.80183113	16.06400228	21.90206414	19.23210245
>cisbp__M05860
22.4	32.3	22.9	22.4
21	31.8	19.3	27.9
32.6	51.5	8.6	7.3
1	93.5	0.9	4.6
22.2	0.7	69.5	7.6
0.1	99.7	0.1	0.1
0.0999000999	99.7002997	0.0999000999	0.0999000999
0.1	92.1	0.1	7.7
64.56456456	35.13513514	0.2002002002	0.1001001001
0.0999000999	99.7002997	0.0999000999	0.0999000999
12.78721279	3.196803197	70.92907093	13.08691309
3.496503497	71.52847153	7.492507493	17.48251748
41	22.3	22.2	14.5
>cisbp__M07927
13.0705	48.1328	22.6141	16.1826
16.18258382	49.58505041	22.82157718	11.41078859
11.6183	44.1909	25.1037	19.0871
17.01241701	45.85064585	18.46471846	18.67221867
13.9004	38.1743	30.7054	17.2199
13.07051307	49.79254979	20.53942054	16.5975166
12.6556	47.3029	17.4274	22.6141
12.0332	41.0788	21.9917	24.8963
15.76761577	76.34857635	2.48960249	5.394205394
1.0373	97.5104	0.2075	1.2448
19.2946	0	71.5768	9.1286
0	100	0	0
0	100	0	0
0	94.6058	0	5.3942
43.5685	56.0166	0.4149	0
0	100	0	0
5.6017	0	85.6846	8.7137
0	92.1162	4.3568	3.527
37.1369	28.8382	18.6722	15.3527
10.3734	45.8506	24.2739	19.5021
>cisbp__M07928
10.2828	46.7866	17.7378	25.1928
13.88171388	40.1028401	19.79431979	26.22112622
14.91	76.3496	2.5707	6.1697
0.7712	98.7147	0	0.5141
7.455	0	88.1748	4.3702
0	100	0	0
0	100	0	0
0	94.0874	0	5.9126
37.018	61.9537	1.0283	0
0	100	0	0
3.856003856	0	88.68898869	7.455007455
0.2571	93.3162	1.7995	4.6272
33.419	28.5347	22.108	15.9383
10.2828	47.0437	23.1362	19.5373
12.0823	43.4447	23.6504	20.8226
>cisbp__M07929
13.93941394	46.26264626	24.44442444	15.35351535
15.15148485	45.65655434	22.62627737	16.56568343
12.72728727	46.06055394	25.65657434	15.55558444
16.9697	44.2424	23.0303	15.7576
17.1717	48.2828	17.7778	16.7677
18.1818	35.5556	29.4949	16.7677
10.101	48.8889	25.0505	15.9596
16.9697	44.4444	18.7879	19.798
13.53538646	39.99996	21.61617838	24.84847515
18.3838	73.9394	0.8081	6.8687
0.404	97.9798	0	1.6162
19.7979802	0	69.6969303	10.50508949
0	100	0	0
0	99.798	0.202	0
0	95.1515	0	4.8485
51.51514848	47.67675232	0.8080991919	0
0	99.798	0.202	0
7.0707	0.6061	80.202	12.1212
0	90.3030903	4.242404242	5.454505455
40.6061	29.2929	17.1717	12.9293
