>flyfactorsurvey__sens_SOLEXA_5_FBgn0002573
66	35	120	183
52	8	354	27
17	361	10	84
65	188	4	215
10	42	394	26
80	4	0	388
17	0	449	6
467	5	0	0
12	0	1	459
7	0	0	465
21	21	81	349
202	66	138	66
60	132	118	162
91	103	134	143
70	102	144	148
>flyfactorsurvey__sens_SOLEXA_F1-3
218	2112	156	502
622	1044	98	1224
9	495	2327	156
511	35	28	2414
2	4	2954	29
2862	106	8	13
0	11	13	2965
6	9	29	2945
145	334	656	1852
930	588	910	560
448	653	747	1138
>transfac_public__M00250
6	3	3	3
6	6	4	3
10	7	4	4
11	6	8	3
11	6	9	5
10	9	7	7
6	14	4	16
32	6	4	2
54	0	0	0
54	0	0	0
0	0	0	54
0	54	0	0
35	2	1	13
6	26	13	4
21	0	9	18
4	4	36	4
3	26	3	14
17	10	6	11
8	9	9	14
11	6	10	9
4	10	4	11
4	8	10	4
7	8	3	5
4	7	5	5
>cisbp__M00239
32.24215449	22.5859485	22.5859485	22.5859485
24.88614601	15.20293019	25.01706872	34.89385507
92.32329655	2.55890115	2.55890115	2.55890115
99.9437295	0.01875683452	0.01875683452	0.01875683452
99.9437295	0.01875683452	0.01875683452	0.01875683452
0.01875683452	0.01875683452	0.01875683452	99.9437295
0.01875683452	99.9437295	0.01875683452	0.01875683452
29.98711405	0.01875683452	0.01875683452	69.97537228
2.43280833	22.6185385	72.51584484	2.43280833
29.52625863	9.815826642	40.80736919	19.85054554
22.45985568	22.45985568	32.62043295	22.45985568
>cisbp__M00240
32.42340479	22.52553174	22.52553174	22.52553174
15.07537199	25.04088782	24.89916938	34.98457082
92.49706134	2.500979553	2.500979553	2.500979553
99.94151921	0.01949359538	0.01949359538	0.01949359538
99.94151921	0.01949359538	0.01949359538	0.01949359538
0.01949359538	0.01949359538	0.01949359538	99.94151921
0.01949359538	99.94151921	0.01949359538	0.01949359538
29.68601666	0.01949359538	0.01949359538	70.27499615
2.493961859	32.16048492	62.85159136	2.493961859
30.03071216	9.944121609	39.92098271	20.10418352
22.51851404	22.51851404	32.44445787	22.51851404
>cisbp__M02668
16.98113208	37.73584906	16.98113208	28.30188679
52.83018868	30.18867925	13.20754717	3.773584906
100	0	0	0
100	0	0	0
1.886792453	0	1.886792453	96.22641509
1.886792453	98.11320755	0	0
58.49056604	13.20754717	3.773584906	24.52830189
15.09433962	52.83018868	20.75471698	11.32075472
35.8490566	20.75471698	3.773584906	39.62264151
13.20754717	24.52830189	52.83018868	9.433962264
>cisbp__M07346
80.00008	2.352902353	10.58821059	7.058807059
84.11768412	1.764701765	0	14.11761412
0.5882005882	8.823508824	0	90.58829059
1.1765	48.2353	46.4706	4.1176
62.3529	0	37.6471	0
100	0	0	0
0	100	0	0
0	0	100	0
0	0	100	0
1.176498824	37.64706235	0	61.17643882
1.176498824	34.70586529	14.70588529	49.41175059
25.29412529	20.00002	52.35295235	2.352902353
72.94112706	3.529396471	15.88238412	7.647092353
2.352902353	4.117604118	89.41188941	4.117604118
97.6471	0.5882	1.7647	0
10	0	1.7647	88.2353
3.5294	12.3529	8.2353	75.8824
24.1176	25.2941	24.7059	25.8824
45.88235412	15.88238412	23.52937647	14.70588529
35.2941	13.5294	4.7059	46.4706
5.882394118	37.64706235	4.705895294	51.76464824
8.2353	43.5294	28.8235	19.4118
