>cisbp__M01137
8.219188999	15.90242387	56.06274679	19.81564034
39.90516449	49.23012591	6.53064525	4.334064354
0.01352772445	0.03789204677	3.695019983	96.25356025
0.6287839605	6.334636632	32.33119175	60.70538766
93.68959648	0.04200305834	5.473877071	0.7945233958
3.209560943	54.38748919	25.69083079	16.71211908
20.30110282	12.19072249	29.39060927	38.11756542
42.93293002	15.48139733	4.261576368	37.32409628
72.47226774	9.236878234	9.053975791	9.236878234
38.50351459	11.59703573	20.50665618	29.3927935
>cisbp__M01149
14.94848218	14.79974229	52.17532948	18.07644606
37.92816962	47.73639466	8.547972309	5.787463415
6.190692209	0.8049677277	6.2529097	86.75143036
0.9614699681	3.458061081	39.27970803	56.30076092
87.46324646	0.326677663	7.855537248	4.354538633
5.791829106	56.62486214	21.68125689	15.90205187
25.96765415	17.75827656	23.262711	33.01135828
45.91871084	18.48339345	10.1439014	25.4539943
63.5165494	11.95680405	12.5698425	11.95680405
