>cisbp__M06853
48	11	10	31
44.1667	11.8333	12.1667	31.8333
29.83332983	9.833309833	24.83332483	35.5000355
18.8333	8.8333	21.1667	51.1667
10.3333	19.1667	8	62.5
36.33333633	22.83332283	4.333304333	36.5000365
53.16664683	25.999974	12.66668733	8.166691833
0	100	0	0
0	0.1667	0	99.8333
0	0	0	100
0	0	0	100
17.5	0.3333	0	82.1667
6.833306833	11.000011	3.333303333	78.83337883
20	27.5	27.5	25
23.999976	27.66667233	13.16668683	35.16666483
18.6667	28.8333	10.1667	42.3333
16.1667	21.3333	11.6667	50.8333
12.6667	19.3333	9.1667	58.8333
13.1667	21.3333	7.6667	57.8333
19.99998	11.16668883	8.166691833	60.66663933
20.6667	13.8333	8.3333	57.1667
