>kznf__ZNF17_Imbeault2017_OM_RCADE
4.264711706	66.02942641	23.08820924	6.617652647
1.323530212	1.911760306	0.7352941176	96.02941536
0.7352940441	2.50000015	76.02940456	20.73530124
1.323530397	83.08822493	6.617651985	8.970592691
10.14709188	81.91173447	5.441175647	2.499998
7.205885765	3.088242471	13.08821047	76.61766129
0.1470590603	7.794123196	86.61763551	5.441182231
3.088240031	63.67650064	0.1470590015	33.08820033
0.1470590324	0.1470590324	1.911760421	97.79412151
1.911759809	73.67649263	16.0293984	8.382349162
26.02940156	53.08820319	0.7352940441	20.14710121
17.20591721	16.61761662	26.61762662	39.55883956
4.264709574	10.14709899	69.55879304	16.0293984
12.5	48.3824	13.0882	26.0294
26.02937397	23.67647632	18.38238162	31.91176809
30.7353	31.3235	23.6765	14.2647
20.1471	30.7353	34.8529	14.2647
21.9118	24.2647	29.5588	24.2647
