>jaspar__MA0449.1
1	2	30	1
3	7	17	7
1	31	1	1
22	1	10	1
1	30	1	2
2	1	30	1
1	10	1	22
1	1	31	1
7	17	7	3
1	30	2	1
>jaspar__MA0616.2
775	1193	8483	798
1501	1107	8483	1581
118	8483	85	73
6455	0	2028	0
0	8483	0	129
0	0	8483	0
0	1098	0	8483
53	15	8483	0
512	4634	1289	3849
966	4464	1735	1319
>jaspar__MA0649.1
107	99	1800	101
651	305	620	224
84	1800	83	58
1800	0	128	0
7	1800	0	0
27	72	1800	0
36	120	0	1800
0	34	1800	30
50	1047	128	753
285	869	382	264
>jaspar__MA0821.2
2390	2209	8459	1455
4529	2601	6320	358
212	10849	113	74
9037	204	1812	146
49	10849	193	472
467	164	10849	68
159	1804	199	9045
66	121	10849	231
339	6325	2606	4524
1439	8460	2240	2389
>jaspar__MA0823.1
437	761	1788	352
1373	656	1199	110
1	3338	3	15
3338	30	123	21
0	3338	0	0
0	18	3338	0
0	474	10	3338
32	19	3338	22
333	1762	380	863
475	2172	373	318
>jaspar__MA0956.1
256	253	236	255
211	229	342	218
136	722	38	104
893	0	33	74
23	820	0	157
157	0	820	23
74	33	0	893
104	38	722	136
218	342	229	211
255	236	253	256
>jaspar__MA0988.1
250	272	222	256
208	231	392	169
106	844	12	38
923	0	10	66
22	940	0	39
39	0	940	22
66	10	0	923
38	12	844	106
169	392	231	208
256	222	272	250
>jaspar__MA1011.1
264	238	308	190
210	181	272	337
69	849	17	64
806	0	106	87
55	800	0	146
146	0	800	55
87	106	0	806
64	17	849	69
337	272	181	210
190	308	238	264
>jaspar__MA1099.2
3321	3492	18526	4239
5858	2072	18526	8007
464	18526	0	18
9446	0	9081	232
0	18526	0	791
21	0	18526	0
253	4057	0	18526
1	0	18526	53
1126	6203	6360	4837
2742	12513	6013	3216
>swissregulon__hs__HES1
80.808972	11.249773	39.061469	14.995038
28.440603	26.754599	81.409208	9.510842
12.650727	41.486412	90.262995	1.715118
1.960487	76.171917	57.730483	10.252365
8.504523	130.471667	6.342192	0.79687
5.639195	2.041314	69.816369	68.618374
0.638095	99.942533	4.960445	40.574179
0	0.703482	141.426946	3.984824
3.537357	5.713856	1.797543	135.066496
0.730541	0	145.384711	0
3.586287	56.014524	78.905086	7.609355
4.923562	83.816842	39.205761	18.169087
5.412505	93.915447	16.853385	29.933915
45.718707	59.418477	29.946477	11.031591
22.070148	21.922053	98.546611	3.57644
>swissregulon__hs__HEY2
10	38	82	28
62	25	52	20
0	158	0	1
158	6	4	6
3	158	5	0
0	3	158	0
0	42	3	158
0	6	158	0
30	158	15	57
14	158	32	14
>swissregulon__mm__Hes1
1.516666667	4.433333333	11.66666667	10.38333333
3.966666667	2.916666667	15.98333333	5.133333333
0	4.783333333	13.65	9.566666667
1.05	24.73333333	0	2.216666667
2.566666667	3.266666667	8.75	13.41666667
4.9	20.18333333	2.916666667	0
0	3.5	20.41666667	4.083333333
0.5833333333	0	0	27.41666667
0	0	28	0
1.983333333	6.65	11.9	7.466666667
1.516666667	19.6	5.366666667	1.516666667
1.983333333	0.9333333333	13.3	11.78333333
3.091666667	6.125	9.975	8.808333333
>swissregulon__mm__Hey2
0	0	7.03030303	0.9696969697
0	1.939393939	4	2.060606061
0	2.060606061	3.03030303	2.909090909
0	2.060606061	4.96969697	0.9696969697
1.090909091	0	6.909090909	0
0	6.909090909	0	1.090909091
4	0	0.9696969697	3.03030303
0	7.03030303	0.9696969697	0
0	0.9696969697	7.03030303	0
0	0.9696969697	0	7.03030303
0	0	8	0
0.9696969697	1.939393939	5.090909091	0
0.9696969697	5.939393939	1.090909091	0
2.909090909	2.060606061	0.9696969697	2.060606061
0	2.060606061	0.9696969697	4.96969697
0	2.060606061	2.909090909	3.03030303
2.939393939	2.090909091	1.96969697	1
>swissregulon__mm__Hif1a
33.824288	54.671922	331.115412	15.161029
79.142787	253.880633	59.924887	41.824344
47.02329	109.11977	257.827899	20.801692
8.319895	133.638655	172.005177	120.808924
412.736203	2.718149	17.557761	1.760538
6.001117	414.469595	0.768439	13.5335
1.586441	9.980218	420.608474	2.597518
0	3.4906	0	431.282051
0	0	434.772651	0
16.818793	322.633932	82.137487	13.182439
48.91639	75.238315	253.898711	56.719235
9.712206	113.253031	265.745792	46.061622
11.569316	244.170926	141.883305	37.149104
67.553202	188.898655	96.723373	81.597421
>swissregulon__sacCer__PHO4
8.67	47.31	95.13	7.99
8.28	138.46	1.6	9.67
123.54	3.22	31.05	0.15
0.01	136.99	0.09	20.59
19.41	0.18	138.5	0.01
1.25	26.3	5.08	125.96
2.93	0.18	136.85	18.67
0.25	26.78	20.77	4.98
>flyfactorsurvey__HLHm5_SANGER_5_FBgn0002631
6	3	9	0
4	2	13	0
0	19	0	0
16	0	2	1
0	19	0	0
0	0	19	0
0	0	0	19
0	0	19	0
0	19	0	0
0	18	0	1
19	0	0	0
>flyfactorsurvey__Hey_SANGER_5_FBgn0027788
0	7	0	3
4	4	0	2
3	1	4	2
0	6	4	0
0	7	0	3
0	1	8	1
7	0	3	0
0	10	0	0
9	0	0	1
0	10	0	0
0	0	10	0
0	0	0	10
0	0	10	0
3	4	0	3
2	8	0	0
3	4	3	0
3	7	0	0
>flyfactorsurvey__dpn_SANGER_10_FBgn0010109
2	0	17	0
4	1	13	2
0	20	0	0
14	0	6	0
0	20	0	0
0	0	20	0
0	0	0	20
0	0	20	0
0	14	6	0
0	20	0	0
10	3	7	0
>hocomoco__HEY1_HUMAN.H11MO.0.D
29	32	83	110
16	10	195	33
93	12	122	27
5	237	7	5
244	0	7	3
0	243	8	3
0	0	253	1
1	0	4	249
6	5	235	8
7	87	66	94
12	186	35	21
51	31	106	66
>hocomoco__HEY2_HUMAN.H11MO.0.D
0	0	7	1
0	2	4	2
0	2	3	3
0	2	5	1
1	0	7	0
0	7	0	1
4	0	1	3
0	7	1	0
0	1	7	0
0	1	0	7
0	0	8	0
1	2	5	0
1	6	1	0
3	2	1	2
0	2	1	5
0	2	3	3
3	2	2	1
>hocomoco__MYCN_MOUSE.H11MO.0.A
6	243	168	83
40	443	10	7
297	6	139	58
1	490	5	4
69	11	412	8
1	0	1	498
1	1	496	2
21	62	323	94
>nitta__HLHmbeta_TGGACC40NAAC_KM_NGGCACGTGCCN_m1_c4b0
31	43	14	117
15	3	204	0
25	5	204	2
11	204	3	2
204	0	13	0
6	204	0	5
6	5	204	0
6	16	6	204
4	1	204	7
4	204	6	27
0	204	9	12
108	10	56	30
>nitta__Side_TAACGG20NGCA_KH_NGGCACGTGCCN_m1_c3
491	655	255	1032
273	369	2433	195
654	496	2433	148
17	2433	3	10
2433	10	608	12
0	2433	4	11
13	0	2433	0
14	566	25	2433
8	13	2433	16
154	2433	471	709
157	2433	303	250
992	261	670	509
>nitta__dpn_TATATG40NCTA_KAD_NGRCACGYGYCN_m1_c2
1107	1726	918	2623
1241	1291	6375	997
1926	2017	4449	780
81	6375	15	25
6375	71	163	257
1	6375	0	82
517	28	6375	9
150	4176	65	2199
65	40	6375	409
1850	3642	750	2733
1827	6375	1761	1679
2750	1105	1404	1116
>nitta__h_TCTTCT20NGA_KH_NGNCACGCGNCN_m1_c4
25	94	16	86
0	30	221	32
29	96	86	9
0	221	8	0
221	0	0	0
11	221	3	0
44	0	221	0
0	221	6	55
5	0	221	40
101	112	0	14
73	221	48	27
138	32	0	53
>taipale_cyt_meth__HES5_GGCACGTGYY_eDBD
1327	2111	26849	1045
4534	6030	26849	270
20	26849	0	24
26849	0	1421	31
15	26849	3	0
42	0	26849	5
71	3348	68	26849
10	1	26849	20
184	12126	3809	14723
2404	20375	5236	6474
>taipale_cyt_meth__HES5_GGCACGTGYY_eDBD_meth
147	243	1875	152
367	471	1875	69
39	1875	6	13
1875	6	223	23
34	1875	63	159
157	63	1875	28
46	318	22	1875
3	7	1875	44
30	902	366	973
159	1371	377	504
>taipale_cyt_meth__HES7_GGCACGTGYN_eDBD
477	584	3959	311
861	1453	3959	775
47	3959	2	0
3959	0	1037	31
3	3959	0	0
0	0	3959	2
117	2362	43	3959
9	0	3959	8
277	2159	1282	1801
679	1247	1273	760
>taipale_cyt_meth__HES7_GGCACGTGYN_eDBD_meth
15	18	75	23
20	47	75	32
15	75	6	11
75	2	18	1
2	75	4	24
19	0	75	0
4	57	3	75
6	3	75	0
13	40	30	35
20	21	23	11
>taipale_cyt_meth__HEY1_NGCACGTGYN_FL_meth
58	119	159	99
77	178	434	99
49	434	65	143
434	13	378	37
0	434	45	122
39	43	434	33
30	267	37	434
57	67	434	27
90	167	35	267
75	151	121	87
>taipale_cyt_meth__HEY1_NGCACGTGYN_FL_repr
228	500	830	495
333	727	2053	529
94	2053	77	151
2053	16	704	63
49	2053	76	107
82	35	2053	0
81	736	37	2053
111	26	2053	59
200	873	353	1180
382	927	461	283
>taipale_cyt_meth__HEY1_NGCACGTGYN_eDBD
168	299	653	355
298	554	1475	581
0	1475	48	48
1475	21	284	34
29	1475	52	76
0	31	1475	0
0	381	0	1475
19	13	1475	41
247	507	226	968
242	681	287	264
>taipale_cyt_meth__HEY1_NGCACGTGYN_eDBD_meth
18	139	174	187
89	191	518	191
73	518	48	91
518	15	208	25
23	518	0	84
46	32	518	0
0	362	0	518
15	8	518	0
94	191	29	327
88	206	113	112
>taipale_cyt_meth__HEY2_NGCACGTGYN_FL
779	1105	2162	1077
826	1804	5124	1280
122	5124	159	226
5124	60	1418	80
3	5124	21	184
151	43	5124	43
65	1578	84	5124
99	60	5124	139
549	2142	930	2981
874	2216	1207	826
>taipale_cyt_meth__HEY2_NGCACGTGYN_FL_meth
210	336	521	294
189	616	1362	293
83	1362	250	124
1362	8	488	47
25	1362	103	162
215	0	1362	17
36	686	35	1362
131	38	1362	49
124	614	280	747
242	505	376	239
>taipale_cyt_meth__HEY2_NGCACGTGYN_eDBD
443	573	1027	615
443	983	2659	959
69	2659	113	121
2659	23	909	0
32	2659	2	132
78	4	2659	0
41	1034	0	2659
153	71	2659	71
341	967	486	1692
478	986	664	531
>taipale_cyt_meth__HEY2_NGCACGTGYN_eDBD_meth
117	246	309	204
206	383	876	376
138	876	168	203
876	49	422	35
0	876	16	177
220	40	876	36
44	625	18	876
154	53	876	26
149	338	197	539
180	308	265	124
>taipale_cyt_meth__MYCN_NKCACGTGGN_eDBD
942	797	1894	934
1032	1431	3311	1255
275	4566	297	125
4566	0	1258	0
98	4566	250	211
345	0	4566	0
425	655	157	4566
147	248	4566	289
980	1685	4566	3175
648	1379	785	1755
>taipale_cyt_meth__SOHLH2_NGCACGTGCN_eDBD_meth
34	27	18	25
54	68	103	73
42	103	0	23
103	15	0	21
21	103	0	18
16	0	103	0
28	15	5	103
41	0	103	42
46	103	51	49
48	17	15	23
>dbtfbs__MGA_K562_ENCSR710WLO_merged_N1
26	213	92	43
0	374	0	0
235	0	84	55
0	365	0	9
66	0	308	0
0	0	0	374
0	0	374	0
23	180	119	52
>dbtfbs__MYC_representative_N1
3	456	0	0
459	0	0	0
0	456	0	3
62	0	397	0
31	87	0	341
0	0	456	3
1	62	364	32
>bergman__h
20	30	35	15
26.26262626	30.3030303	26.26262626	17.17171717
12	16	56	16
19	15	58	8
0	96	0	4
80.1980198	11.88118812	0	7.920792079
0	100	0	0
3.03030303	0	93.93939394	3.03030303
0	83	7	10
0	12	71	17
36	41	18	5
4.95049505	61.38613861	23.76237624	9.900990099
47	21	11	21
15.15151515	15.15151515	31.31313131	38.38383838
>idmmpmm__h
8.784493284	16.11416361	69.61050061	5.490842491
23.4029304	21.22466422	50.00976801	5.362637363
3.247252747	91.09157509	2.913919414	2.747252747
91.07387057	2.762515263	2.440781441	3.722832723
3.324786325	91.94627595	2.531135531	2.197802198
6.606837607	2.991452991	87.2039072	3.197802198
2.697802198	73.6043956	3.813186813	19.88461538
5.241758242	6.523809524	79.63492063	8.5995116
25.02380952	50.2039072	9.955433455	14.81684982
12.86691087	63.40964591	11.87973138	11.84371184
>yetfasco__YFR034C_2222
27.29833727	23.49589664	27.29833727	21.90742882
27.10835761	27.10835761	28.49823283	17.28505196
21.77117784	28.51946902	38.11420234	11.59515081
10.42605755	89.5062277	0.02292122839	0.04479351996
99.54782483	0.04418535765	0.3718138996	0.03617591114
0.2512193487	86.36402205	1.219658837	12.16509977
6.851375651	1.830244303	90.41855105	0.8998289917
17.55512297	19.01723769	12.2477937	51.17984564
8.710504391	6.990343514	63.08794458	21.21120752
15.01051707	26.54260275	35.8287661	22.61811408
>cisbp__M00119
29.89640805	9.278856722	28.43834302	32.38639221
15.72817075	78.6850692	2.960781992	2.625978058
67.12666952	9.550384588	14.68140056	8.641545332
0.5940695356	89.05383692	2.433282324	7.918811223
4.649874901	2.30905954	92.46593585	0.5751297086
6.392261246	5.613015394	2.787340955	85.2073824
0.009606428958	0.01433110797	99.95072124	0.02534122604
46.064166	40.44873369	5.64085324	7.846247074
15.79550008	40.43618669	24.28175133	19.48656189
>cisbp__M00755
31.74213834	18.34189934	33.36042133	16.55554099
19.08170314	21.23069989	22.15445234	37.53314463
6.518904469	84.28206425	3.92093194	5.278099336
67.36318032	6.956975821	11.07448022	14.60536364
2.002924792	79.88185372	3.888125364	14.22709613
14.22709613	3.888125364	79.88185372	2.002924792
14.60536364	11.07448022	6.956975821	67.36318032
5.278099336	3.92093194	84.28206425	6.518904469
37.53314463	22.15445234	21.23069989	19.08170314
16.55554099	33.36042133	18.34189934	31.74213834
>cisbp__M01059
20.25431708	23.29801025	26.53243535	29.91523732
15.60451007	13.43092629	45.49306876	25.47149489
45.33312168	48.13636537	6.449727801	0.08078515378
2.385172068	94.56347167	0.195786846	2.855569414
93.40158603	0.4615837939	5.295769671	0.8410605087
5.106699773	70.84917759	20.29862924	3.745493405
6.721495496	19.99156978	71.90247403	1.384460695
13.00639925	10.75576066	2.873243372	73.36459672
31.6958708	28.67960989	28.96784476	10.65667455
31.15312404	15.47018357	26.02127651	27.35541588
>cisbp__M01116
20.59689536	32.95491298	23.45632905	22.99186261
9.912136566	74.7209062	7.49143166	7.875525575
51.56046528	23.87316924	14.05186606	10.51449943
4.857393022	77.51735744	3.321783637	14.3034659
9.570843866	11.92600583	78.15713719	0.3460131082
1.393014654	0.1606495836	3.674695286	94.77164048
0.09841870309	0.4545149734	97.65839051	1.788675816
49.34536588	27.35348268	12.29071204	11.01043939
12.98975602	40.61595819	18.61859939	27.7756864
>cisbp__M01716
27.10890126	21.75540285	32.78142794	18.35426796
13.43561075	78.8785005	0.1633122447	7.522576512
73.75134108	0.3297894627	22.66221906	3.256650391
0.03803943107	85.70130056	9.401488254	4.859171751
17.60689273	0.03467592831	80.50267851	1.855752841
14.0330747	5.938265113	0.07741436068	79.95124583
10.55055792	4.740671262	78.74216192	5.966608897
18.72334869	32.77845166	22.19287603	26.30532362
29.26005513	22.33652609	24.68567905	23.71773973
>cisbp__M01721
21.34895177	31.53199174	29.10769701	18.01135948
12.09174108	70.98883875	7.407719739	9.511700424
53.23393411	9.250670659	24.64800718	12.86738805
1.859355688	87.37681936	2.916050182	7.847774773
21.44541513	5.081014141	73.36968764	0.1038830924
1.846793036	0.003459783174	5.070556832	93.07919035
0.005664386127	0.006988028888	97.16817552	2.81917206
35.77827087	27.04063542	19.05521372	18.12587998
21.50873891	28.45885368	15.61855005	34.41385736
25.3280278	34.8799303	18.20892031	21.58312158
>cisbp__M01722
27.37398821	10.80050862	52.43599206	9.389511113
2.037812542	96.72548827	0.2043087293	1.032390461
82.50433407	1.165151157	14.62673219	1.703782581
1.276056814	90.35756185	2.926405006	5.439976327
5.72751192	1.484801683	91.40326648	1.384419913
2.678810197	15.88495983	1.168093275	80.26813669
4.602009896	5.035400882	85.32718834	5.035400882
18.91794724	21.97951891	21.76081904	37.3417148
14.57005724	58.49659509	14.13944698	12.79390069
>cisbp__M01727
18.94841614	20.73286966	44.33260217	15.98611203
24.51214713	24.26824719	41.64447871	9.575126974
1.991470021	96.43537255	0.4910904611	1.082066967
88.66215146	2.148635729	4.640550938	4.548661873
0.4320507895	94.7069957	1.700271374	3.160682136
12.20843292	2.539905654	82.44463156	2.807029863
16.04232575	52.20773106	8.291497472	23.45844572
2.295044477	3.356008171	79.89811199	14.45083536
15.95171654	33.76978418	15.48027207	34.79822721
19.95753298	39.78964349	17.52461852	22.72820501
>cisbp__M01736
22.65727147	31.51554249	21.76886715	24.05831889
10.12407795	78.64283629	5.841084854	5.39200091
42.30711648	13.53062061	19.00981283	25.15245008
2.839591052	71.06962607	6.914772366	19.17601052
22.85877069	9.481427467	65.97889257	1.680909275
9.88055693	3.74555154	8.851340174	77.52255136
0.2761300629	1.142383327	95.88185123	2.699635376
60.58534428	14.35434983	14.21152167	10.84878422
9.486996982	40.85062504	10.80406143	38.85831655
22.54822158	28.95248961	20.40247459	28.09681422
>cisbp__M01747
21.68824522	22.31996161	38.4442459	17.54754727
34.55943009	22.03367253	34.80342289	8.6034745
7.088841174	89.82715605	1.80349919	1.280503584
58.78813902	8.678975547	23.70397562	8.828909815
2.263229375	82.11840908	5.259275495	10.35908605
10.35908605	5.259275495	82.11840908	2.263229375
8.828909815	23.70397562	8.678975547	58.78813902
1.280503584	1.80349919	89.82715605	7.088841174
8.6034745	34.80342289	22.03367253	34.55943009
17.54754727	38.4442459	22.31996161	21.68824522
>cisbp__M01753
19.43191205	32.68501336	30.47530446	17.40777013
0.008188328674	99.97843646	0.00175542292	0.0116197915
91.40046064	1.215615483	2.149532806	5.234391071
0.4391118124	65.82494033	4.744560478	28.99138738
11.93295382	6.748388943	79.78246958	1.53618766
11.53664327	31.35984775	8.895347087	48.20816189
5.450191179	8.462551185	67.06422124	19.02303639
18.34655196	21.52987817	39.22999577	20.8935741
18.46539917	28.3860738	24.18901649	28.95951053
>cisbp__M01763
23.45514339	26.71138303	25.66401472	24.16945885
18.31735944	65.22541628	7.084074337	9.373149948
48.54249213	6.504144188	30.03728793	14.91607575
1.01857296	88.97919587	2.010538484	7.991692691
23.76375166	1.171355214	75.050512	0.01438112612
4.56707647	1.838358913	0.009268564917	93.58529605
0.05095804559	0.004353598128	93.99554415	5.94914421
10.04956951	20.64616935	53.38499952	15.91926162
19.34680715	33.19925383	20.54314689	26.91079213
>cisbp__M01769
23.52443958	17.60248109	40.36809974	18.50497959
35.51156256	26.83906162	29.95985592	7.689519899
3.289947073	94.7149142	0.5020133719	1.493125356
87.65157151	1.327595673	8.528125137	2.49270768
0.9004967465	92.31358113	3.579385982	3.206536146
34.45304807	0.6767843951	63.40847144	1.461696098
10.14256652	57.21070746	5.622301359	27.02442466
7.678442213	3.81300156	76.58618358	11.92237265
9.742251304	56.06278541	7.976280747	26.21868254
17.32885311	40.13998309	16.15731555	26.37384824
>cisbp__M01779
20.55059496	18.59494729	28.3007949	32.55366285
12.02198542	14.24971765	40.72072155	33.00757538
39.75027415	54.19652206	5.94539362	0.1078101724
3.919176766	88.75516489	0.04019075134	7.285467591
89.60758873	1.278183607	4.329447832	4.784779836
9.177004779	65.80533238	17.57892734	7.438735499
13.57550016	16.91611485	65.25265329	4.255731699
8.14400527	10.35305978	8.73451228	72.76842267
29.82388827	32.96049398	26.98577006	10.2298477
37.16166637	10.86207926	31.98534266	19.99091172
