>jaspar__MA0084.1
5	5	10	8
8	3	4	13
15	0	3	10
18	3	3	4
25	0	0	3
0	26	0	2
28	0	0	0
27	0	1	0
7	0	2	19
>transfac_public__M00160
6	6	10	7
10	4	3	12
15	1	2	11
21	2	1	5
25	0	0	4
0	29	0	0
28	0	0	1
27	0	0	2
10	0	1	18
16	3	5	5
7	6	13	3
11	2	10	6
>bergman__dsx
8.695652174	26.08695652	39.13043478	26.08695652
13.04347826	26.08695652	13.04347826	47.82608696
48	8	44	0
42.30769231	26.92307692	11.53846154	19.23076923
14.81481481	33.33333333	22.22222222	29.62962963
100	0	0	0
3.03030303	87.87878788	3.03030303	6.060606061
87.87878788	0	0	12.12121212
100	0	0	0
18.18181818	0	3.03030303	78.78787879
3.03030303	6.060606061	84.84848485	6.060606061
0	3.125	0	96.875
45.16129032	9.677419355	19.35483871	25.80645161
26.66666667	10	26.66666667	36.66666667
0	51.85185185	22.22222222	25.92592593
26.92307692	19.23076923	23.07692308	30.76923077
19.23076923	26.92307692	23.07692308	30.76923077
>cisbp__M00205
21.97046938	34.80284897	9.11297526	34.11370639
58.81748396	3.722662572	7.059958387	30.39989508
0.03093171376	3.504425902	5.17596975	91.28867263
2.525157991	2.046853286	0.1971685429	95.23082018
15.83358103	11.61309181	70.2551114	2.298215762
11.31782457	3.805239294	2.904841648	81.97209449
10.99912579	29.30668937	16.40876751	43.28541733
21.80748	31.25730253	15.67791494	31.25730253
19.56216721	25.62574363	20.56514097	34.24694818
21.91418033	24.95649055	24.70816932	28.42115979
>cisbp__M00210
58.23125457	4.546793372	6.517052681	30.70489938
0.01661762898	2.698534475	4.27467826	93.01016964
0.06937272668	0.41968054	0.8451328235	98.66581391
16.22073632	11.20421945	71.25681355	1.318230681
6.288966567	2.072585288	0.8259647019	90.81248344
11.5258561	28.06695394	20.17799931	40.22919065
23.95908586	30.45796754	15.12497906	30.45796754
24.51905882	23.09117999	21.53007352	30.85968767
21.34322704	28.5236753	24.06442129	26.06867637
