>predrem__nrMotif2636
16.62	42.74	28.15	12.49
20.43	46.02	19.37	14.18
14.07859214	42.21577842	30.3669633	13.33866613
0.96	97.12	0.96	0.96
97.12	0.96	0.96	0.96
0.96	0.96	97.12	0.96
0.96	97.12	0.96	0.96
0.96	97.12	0.96	0.96
0.96	58.51	39.57	0.96
0.96	0.96	97.12	0.96
0.96	97.12	0.96	0.96
37.88	2.87	44.54	14.71
13.87	31.53	41.05	13.55
13.13	40.42	31.95	14.5
