>predrem__nrMotif477
18.52	42.35	21.45	17.68
21.35	41.81	19.63	17.21
18.52	44.06	17.51	19.91
18.56	25.99	11.76	43.69
0.96	0.96	97.12	0.96
0.96	97.12	0.96	0.96
0.96	97.12	0.96	0.96
0.96	97.12	0.96	0.96
0.9600960096	58.69586959	0.9600960096	39.38393839
0.96	97.12	0.96	0.96
0.96	97.12	0.96	0.96
97.12	0.96	0.96	0.96
19.7019702	41.63416342	22.26222622	16.40164016
21.11788821	45.33546645	16.30836916	17.23827617
