>predrem__nrMotif878
26.46	16.13	39.68	17.73
14.63853615	17.61823818	43.57564244	24.16758324
0.96	0.96	48.29	49.79
0.96	0.96	97.12	0.96
0.96	0.96	0.96	97.12
0.96	97.12	0.96	0.96
97.12	0.96	0.96	0.96
0.96	0.96	97.12	0.96
0.96	0.96	97.12	0.96
0.96	97.12	0.96	0.96
41.29	34.51	17.38	6.82
16.58	18.65	43.24	21.53
