>predrem__nrMotif2580
20.88208821	45.02450245	15.95159516	18.14181418
17.6	52.33	13.39	16.68
97.12	0.96	0.96	0.96
0.96	97.12	0.96	0.96
0.96	0.96	0.96	97.12
70.79	0.96	27.29	0.96
0.96	0.96	97.12	0.96
67.32	0.96	30.76	0.96
0.96	0.96	0.96	97.12
0.96	0.96	97.12	0.96
13.39	17.96	47.58	21.07
20.52205221	42.64426443	14.12141214	22.71227123
40.45	13.94	24.91	20.7
