>predrem__nrMotif2491
15.36	45.76	20.96	17.92
11.68	43.04	25.44	19.84
18.56	39.52	27.04	14.88
0.96	97.12	0.96	0.96
0.9600960096	0.9600960096	36.16361636	61.91619162
0.96	0.96	0.96	97.12
0.96	97.12	0.96	0.96
0.96	97.12	0.96	0.96
0.96	97.12	0.96	0.96
0.96	59.2	38.88	0.96
0.96	0.96	97.12	0.96
16	40	29.92	14.08
