>predrem__nrMotif2529
15.32846715	42.09579042	24.95750425	17.61823818
42.75427543	24.47244724	19.7319732	13.04130413
0.96	0.96	97.12	0.96
0.96	0.96	51.57	46.51
0.96	0.96	0.96	97.12
0.96	97.12	0.96	0.96
0.96	97.12	0.96	0.96
0.96	97.12	0.96	0.96
97.12	0.96	0.96	0.96
0.96	97.12	0.96	0.96
22.67	40.96	23.82	12.55
14.51	44.71	26.76	14.02
