>predrem__nrMotif2654
18.74	24.65	42.43	14.18
20.63	25.27	41.17	12.93
15.62	34.65	41.09	8.64
73.79	24.29	0.96	0.96
0.96	0.96	97.12	0.96
0.96	97.12	0.96	0.96
0.96	0.96	97.12	0.96
97.12	0.96	0.96	0.96
0.96	0.96	97.12	0.96
0.9600960096	42.69426943	55.38553855	0.9600960096
0.96	0.96	97.12	0.96
14.01140114	20.62206221	54.75547555	10.61106111
