>scertf__macisaac.AZF1
1	21	0	76
33	6	2	58
0	0	4	95
0	0	0	99
2	1	22	73
18	54	4	22
1	0	21	76
11	1	18	69
6	9	1	81
6	18	1	73
0	41	0	58
15	76	1	6
23	1	18	56
25	0	50	25
1	29	0	68
0	12	29	58
5	0	21	72
4	54	0	41
