>scertf__zhu.CEP3
9	18	57	15
24	15	48	13
23	43	6	27
13	31	48	8
41	15	21	23
11	56	17	15
3	36	8	51
1	3	1	95
1	96	2	1
1	28	70	1
1	1	97	1
78	4	14	3
89	1	3	7
66	14	10	10
21	32	11	36
34	27	14	22
12	16	19	53
20	16	43	20
42	11	30	17
17	13	56	13
