>tfdimers__MD00191
23.79082379	31.37253137	16.73201673	28.1046281
22.35292235	30.98043098	21.6993217	24.96732497
22.6144	28.1046	18.9542	30.3268
22.48367752	27.32027268	16.33988366	33.85616614
20.78432078	33.07193307	16.86271686	29.28102928
9.9346	42.7451	0	47.3203
0	100	0	0
0	58.0392	0	41.9608
55.9477	39.7386	4.3137	0
63.9216	36.0784	0	0
100	0	0	0
0	0	2.2222	97.7778
0	100	0	0
0	100	0	0
0	100	0	0
32.54903255	21.43792144	3.66010366	42.35294235
26.9281	18.4314	22.8758	31.7647
24.83657516	28.62747137	18.43138157	28.1045719
26.40522641	19.47711948	24.83662484	29.28102928
21.8301	28.4967	23.9216	25.7516
25.098	31.634	17.9085	25.3595
23.00652301	28.88892889	18.95421895	29.15032915
23.3987	30.9804	21.3072	24.3137
23.92157608	28.75817124	19.34638065	27.97387203
