>tfdimers__MD00286
25.6881	24.7706	29.3578	20.1835
25.68807431	29.35777064	19.26608073	25.68807431
33.945	16.5138	22.0183	27.5229
25.68807431	13.76148624	26.60547339	33.94496606
31.19266881	11.92658807	25.68807431	31.19266881
27.5229	21.1009	17.4312	33.945
30.2752	19.2661	22.9358	27.5229
37.6147	22.0183	11.0092	29.3578
33.945	6.422	23.8532	35.7798
0	0	100	0
0	0	100	0
0	0	100	0
84.4037	11.9266	0.9174	2.7523
1.8349	0.9174	0.9174	96.3303
2.7523	0	0	97.2477
98.1651	0	0	1.8349
96.3303	0.9174	2.7523	0
3.6697	87.156	9.1743	0
8.256891743	19.26608073	1.834898165	70.64212936
39.4495	6.422	31.1927	22.9358
58.7156	14.6789	18.3486	8.2569
38.5321	11.9266	21.1009	28.4404
43.1193	15.5963	22.0183	19.2661
18.3486	17.4312	30.2752	33.945
24.7706	21.1009	25.6881	28.4404
35.7798	20.1835	21.1009	22.9358
27.52292752	22.01832202	21.1009211	29.35782936
27.52292752	23.85322385	24.77062477	23.85322385
38.5321	21.1009	16.5138	23.8532
