>tfdimers__MD00268
29.9578	17.7215	25.7384	26.5823
26.58232658	21.0970211	21.0970211	31.22363122
30.8017	20.6751	24.8945	23.6287
25.3165	19.8312	27.0042	27.8481
27.8481	24.4726	24.8945	22.7848
42.1941	2.1097	24.0506	31.6456
0	0	100	0
0	0	100	0
67.0886	32.9114	0	0
0	0	0	100
0	0	0	100
100	0	0	0
0	0	100	0
0	0	100	0
19.4093	0.8439	42.1941	37.5527
30.3797	38.8186	25.3165	5.4852
89.4515	7.173	0.8439	2.5316
23.2068	10.1266	48.9451	17.7215
30.3797	15.6118	34.5992	19.4093
25.3165	17.2996	33.3333	24.0506
30.8017	24.8945	20.6751	23.6287
29.11392911	18.98731899	23.62872363	28.27002827
32.9114	13.5021	25.3165	28.27
