>tfdimers__MD00203
24.4275	29.3893	23.2824	22.9008
28.2443	21.374	23.6641	26.7176
27.0992	26.7176	19.8473	26.3359
24.8092	27.0992	20.229	27.8626
20.6107	24.4275	25.5725	29.3893
19.08398092	24.80917519	29.77097023	26.33587366
28.2443	29.771	33.5878	8.3969
34.35113435	21.75572176	18.7023187	25.19082519
18.3206	33.5878	33.2061	14.8855
34.3511	11.8321	26.7176	27.0992
4.5802	77.0992	6.4885	11.8321
0	100	0	0
95.03810496	4.58019542	0.3816996183	0
0	0	14.1221	85.8779
26.7176	34.7328	23.6641	14.8855
8.0153	3.4351	7.2519	81.2977
0	0	80.5344	19.4656
0	0	82.4427	17.5573
0	0	0.3817	99.6183
0.3817	0	99.6183	0
0	20.9924	0	79.0076
0	26.33587366	33.96946603	39.69466031
42.74805725	26.33587366	30.15266985	0.7633992366
23.28242328	20.61072061	23.28242328	32.82443282
25.5725	22.9008	25.9542	25.5725
21.7557	24.4275	25.1908	28.626
24.0458	19.8473	25.5725	30.5344
27.4809	29.0076	20.6107	22.9008
