>tfdimers__MD00109
34.66166534	13.23308677	15.78948421	36.31576368
31.72926827	17.06768293	18.42108158	32.78196722
33.0827	18.4211	15.0376	33.4586
32.9323	15.6391	16.9925	34.4361
29.5489	18.6466	17.594	34.2105
1.578901579	26.76692677	20.07522008	51.57895158
18.57141857	33.53383353	10.00001	37.89473789
35.4135	26.4662	8.3459	29.7744
56.0902	9.1729	22.5564	12.1805
0.4511004511	9.248109248	0.4511004511	89.84968985
99.1729	0.0752	0.3008	0.4511
99.54880045	0.1503998496	0.1503998496	0.1503998496
83.609	0.2256	3.3083	12.8571
23.6842	10.3759	10.1504	55.7895
48.8722	6.6165	23.985	20.5263
5.7143	4.3609	3.0827	86.8421
0	0	0	100
0	0	0	100
62.0301	10.5263	9.7744	17.6692
17.8947	0.9023	0.4511	80.7519
41.4286	10.6767	12.5564	35.3383
19.7744	21.7293	23.3083	35.188
36.6917	13.985	18.7218	30.6015
31.7293	18.0451	21.3534	28.8722
29.3233	17.594	18.1203	34.9624
31.0526	18.1955	18.2707	32.4812
33.30826669	16.76688323	15.86468414	34.06016594
