>tfdimers__MD00323
27.38592739	21.1025211	20.09482009	31.41673142
25.7261	22.4659	20.8062	31.0018
27.3859	22.6437	18.9686	31.0018
29.75697024	22.58447742	18.43508156	29.22347078
26.8524	22.8809	20.4505	29.8162
12.50741251	32.8986329	10.72911073	43.86484386
0	0	0	100
93.7167	0	6.2833	0
100	0	0	0
7.5874	4.5643	14.9378	72.9105
7.6467	60.9366	9.1879	22.2288
28.7493	27.1488	10.9662	33.1357
19.02788097	20.50977949	31.77236823	28.68997131
36.0403	30.8239	13.1595	19.9763
0.9483990516	0.3556996443	0.1185998814	98.57730142
0.3557	0.1778	10.7291	88.7374
19.9763	6.1648	38.8856	34.9733
1.4226	82.9283	14.9378	0.7113
34.5584	30.2312	4.6236	30.5868
24.36277564	33.25426675	6.52049348	35.86246414
47.00654701	29.16422916	8.595108595	15.23411523
59.3361	7.6467	12.5667	20.4505
30.05333005	20.09482009	22.22882223	27.62302762
26.3782	21.5768	21.6953	30.3497
29.6977	21.9917	19.9763	28.3343
29.51987048	21.04327896	19.73918026	29.6976703
27.5637	22.6437	20.8062	28.9864
