>tfdimers__MD00442
27.38852739	21.01912102	21.01912102	30.57323057
31.8471	22.9299	17.1975	28.0255
34.3949	18.4713	20.3822	26.7516
30.5732	20.3822	17.1975	31.8471
31.84713185	15.28661529	17.83441783	35.03183503
35.0318	18.4713	17.1975	29.2994
36.94266306	2.547797452	22.29297771	38.21656178
21.6561	5.0955	42.6752	30.5732
1.2739	5.7325	1.9108	91.0828
7.643307643	0	9.554109554	82.8025828
93.6306	1.9108	0.6369	3.8217
94.26759427	4.458604459	0.6369006369	0.6369006369
5.0955	0	1.2739	93.6306
5.7325	9.5541	74.5223	10.1911
79.6178	12.7389	4.4586	3.1847
31.84713185	3.184703185	26.11462611	38.85353885
19.74521975	30.57323057	0	49.68154968
98.0892	1.2739	0.6369	0
97.45229745	0.6369006369	0.6369006369	1.273901274
16.5605	75.1592	5.7325	2.5478
75.1592	21.6561	0	3.1847
42.67515732	40.76425924	3.821696178	12.73888726
59.8726	10.1911	23.5669	6.3694
36.9427	16.5605	17.8344	28.6624
52.86625287	7.643307643	14.01271401	25.47772548
33.121	14.6497	19.7452	32.4841
33.12096688	15.92358408	21.65607834	29.2993707
34.3949	22.9299	17.8344	24.8408
33.12103312	22.92992293	16.56051656	27.38852739
31.8471	14.6497	14.6497	38.8535
