>tfdimers__MD00176
25.9132	21.8037	17.9224	34.3607
24.88582489	20.66212066	19.06391906	35.38813539
22.7169	22.2603	17.2374	37.7854
20.4338	22.3744	17.4658	39.726
23.516	26.2557	16.895	33.3333
28.7671	33.2192	14.8402	23.1735
17.1233	30.5936	28.3105	23.9726
0.1141998858	11.3013887	0.1141998858	88.47021153
0	7.8767	0	92.1233
0	0	0.2283	99.7717
0	96.347	0	3.653
40.7534	25	1.0274	33.2192
1.2557	37.8995	30.7078	30.137
0.5708	1.7123	0.7991	96.9178
1.027401027	1.712301712	0.9132009132	96.34709635
0.6849006849	5.821905822	1.255701256	92.23749224
1.2557	63.9269	1.8265	32.9909
31.0502	40.8676	17.0091	11.0731
2.1689	90.0685	1.8265	5.9361
10.5023	13.6986	2.968	72.8311
9.4749	13.8128	1.8265	74.8858
13.24198676	21.8036782	8.78999121	56.16434384
19.4064	29.4521	14.9543	36.1872
27.968	23.516	17.3516	31.1644
23.28767671	27.3972726	17.57988242	31.73516826
26.0274	21.9178	17.1233	34.9315
25.1142	24.2009	18.379	32.3059
