>tfdimers__MD00233
32.8042328	22.22222222	18.51851852	26.45502646
37.03703704	12.6984127	18.51851852	31.74603175
30.68783069	22.75132275	20.63492063	25.92592593
30.68783069	19.04761905	20.10582011	30.15873016
23.28042328	17.46031746	22.22222222	37.03703704
67.7249	0	32.2751	0
31.74603175	20.63492063	32.27513228	15.34391534
0	4.7619	1.0582	94.1799
0	0	0	100
0	0	0	100
0	100	0	0
30.68783069	19.04761905	4.232804233	46.03174603
0	0	0	100
96.2963	0	3.7037	0
100	0	0	0
3.1746	6.3492	7.9365	82.5397
12.6984127	39.68253968	7.936507937	39.68253968
37.56613757	16.4021164	10.58201058	35.44973545
29.1005291	20.10582011	15.87301587	34.92063492
31.21693122	17.46031746	14.28571429	37.03703704
32.27513228	22.75132275	19.04761905	25.92592593
28.04232804	20.63492063	15.87301587	35.44973545
