>tfdimers__MD00412
35.0975	16.4345	15.5989	32.8691
36.7688	18.663	17.8273	26.7409
35.376	14.4847	19.2201	30.9192
33.4262	18.1058	18.663	29.805
35.6546	18.1058	16.7131	29.5265
30.3621	11.9777	20.6128	37.0474
28.96937103	13.92758607	28.41227159	28.69077131
37.0474	8.3565	33.4262	21.1699
34.2618	15.0418	33.9833	16.7131
31.4763	28.6908	17.2702	22.5627
100	0	0	0
30.0836	27.2981	35.9331	6.6852
72.1448	0	27.8552	0
100	0	0	0
100	0	0	0
100	0	0	0
0	0	0.5571	99.4429
0	0	100	0
10.8635	3.8997	0.5571	84.6797
13.92758607	11.6991883	25.90527409	48.46795153
11.6991883	67.96653203	15.5988844	4.735395265
27.85517214	12.81338719	0.2785997214	59.05284095
25.0696	15.3203	20.3343	39.2758
27.2980727	18.94148106	20.89137911	32.86906713
28.69082869	17.54871755	16.99161699	36.76883677
35.6546	16.4345	16.7131	31.1978
32.86906713	15.04178496	18.66298134	33.42616657
26.4624	19.4986	19.7772	34.2618
32.31196769	19.77718022	13.92758607	33.98326602
