>tfdimers__MD00253
25.704	24.4765	20.722	29.0975
27.87002787	26.28162628	18.26711827	27.58122758
24.6209	26.7148	18.8448	29.8195
25.6318	27.87	20.1444	26.3538
26.9314	25.7762	19.0614	28.231
28.73647126	29.24187076	23.03247697	18.98918101
18.91698108	42.67145733	16.46208354	21.94947805
54.36825437	28.23102823	10.18051018	7.22020722
5.4152	14.8014	0.7942	78.9892
7.653407653	91.11919112	0.5054005054	0.722000722
52.6354	44.6209	0.0722	2.6715
72.49092751	6.137193863	12.41878758	8.953091047
13.2852	8.8809	6.8592	70.9747
0.2888	83.8267	8.4477	7.4368
31.3357	0.0722	1.8773	66.7148
0	0	94.657	5.343
1.2274	22.0939	1.2996	75.3791
5.920594079	31.6967683	13.14078686	49.24185076
0	96.1733	3.8267	0
22.09387791	22.09387791	0.5775994224	55.23464477
21.444	26.5704	23.3935	28.5921
27.2202	25.8484	17.9783	28.9531
26.9314	23.7545	22.5993	26.7148
27.0036	22.8881	22.2383	27.87
25.6318	24.9819	19.3502	30.0361
