>tfdimers__MD00318
31.03446897	20.68967931	18.74998125	29.52587047
32.1121	19.6121	21.7672	26.5086
25	18.319	28.0172	28.6638
23.4914	20.0431	20.4741	35.9914
30.17236983	17.24138276	19.3965806	33.18966681
65.9483	5.819	25.431	2.8017
59.0517	14.4397	14.0086	12.5
58.8362	5.1724	10.7759	25.2155
54.0948	22.1983	8.6207	15.0862
66.1638	10.1293	5.819	17.8879
0	0	0.431	99.569
0.431000431	3.879303879	22.62932263	73.06037306
51.93964806	0.8620991379	45.04305496	2.155197845
64.6552	27.8017	3.8793	3.6638
0	93.9655	3.2328	2.8017
1.0776	54.7414	1.0776	43.1034
8.8362	32.5431	1.7241	56.8966
25.43102543	26.07762608	11.63791164	36.85343685
32.75863276	29.31032931	20.04312004	17.88791789
28.6638	32.5431	10.9914	27.8017
32.5431	20.6897	15.0862	31.681
25	24.569	21.1207	29.3103
20.47412047	39.87073987	19.18101918	20.47412047
23.4914	34.0517	9.6983	32.7586
35.34483534	31.68103168	12.93101293	20.04312004
36.4224	22.4138	13.7931	27.3707
25.64657435	35.77586422	15.73278427	22.84477716
31.8965681	39.43966056	4.956895043	23.70687629
23.06032306	27.8017278	6.465506466	42.67244267
8.18969181	63.57753642	12.28448772	15.94828405
63.3621	17.6724	1.2931	17.6724
8.8362	47.6293	15.7328	27.8017
26.93967306	31.8965681	9.698290302	31.46546853
13.36208664	51.50854849	19.3965806	15.73278427
5.387905388	49.13794914	15.3017153	30.17243017
24.13792414	23.92242392	17.67241767	34.26723427
26.2931	23.7069	22.1983	27.8017
28.8793	24.569	18.5345	28.0172
26.29307371	25.64657435	21.98277802	26.07757392
27.5862	27.1552	14.0086	31.25
