>tfdimers__MD00452
26.7961	24.0777	18.4466	30.6796
26.4078	24.1748	17.3786	32.0388
28.6408	24.9515	17.3786	29.0291
26.4078	24.6602	18.932	30
24.0777	27.767	17.5728	30.5825
13.59221359	31.16503117	7.767007767	47.47574748
14.75728524	34.17476583	13.88348612	37.18446282
29.3204	28.7379	12.9126	29.0291
14.6602	43.8835	9.8058	31.6505
1.3592	0.9709	0.0971	97.5728
84.27188427	2.038802039	6.99030699	6.699006699
97.96110204	1.067998932	0.2912997087	0.6795993204
9.5146	8.932	20.1942	61.3592
6.504893495	64.27173573	9.611690388	19.61168039
11.3592	66.0194	0.1942	22.4272
1.6505	56.7961	22.4272	19.1262
0.5825	33.2039	0	66.2136
0	18.73788126	0.1941998058	81.06791893
0	0.1942	0.0971	99.7087
0	95.3398	0.0971	4.5631
14.2718	39.4175	0.9709	45.3398
16.2136	34.9515	17.3786	31.4563
25.8252	24.6602	15.7282	33.7864
25.04852505	24.27182427	20.58252058	30.0971301
27.8641	22.5243	18.932	30.6796
23.8835	25.6311	22.9126	27.5728
28.2524	26.6019	17.9612	27.1845
