>tfdimers__MD00031
29.156	22.5064	18.4143	29.9233
23.0179	22.5064	19.1816	35.2941
27.10997289	16.36828363	21.48337852	35.03836496
24.8082	23.5294	18.6701	32.9923
26.34272634	21.22762123	19.94881995	32.48083248
25.3197	17.9028	21.2276	35.5499
0	4.3478	43.734	51.9182
0	0	100	0
0	0	0	100
0	0	0	100
0	0	0	100
0	99.4885	0.5115	0
89.5141	4.0921	1.023	5.3708
0	0	100	0
0	0	0.2558	99.7442
0.7672992327	0	0.2557997442	98.97690102
8.951391049	31.71356829	16.36828363	42.96675703
18.1586	33.5038	16.1125	32.2251
20.9719	23.0179	24.8082	31.202
25.83117417	26.08697391	19.18158082	28.9002711
26.5984734	19.18158082	14.83378517	39.38616061
21.73912174	19.94881995	16.87981688	41.43224143
29.156	20.4604	16.3683	34.0153
25.57542558	23.52942353	19.94881995	30.94633095
