>tfdimers__MD00319
27.82737217	21.42857857	29.46427054	21.27977872
27.9762	22.9167	31.6964	17.4107
24.7024	26.9345	25.8929	22.4702
26.19047381	24.4047756	31.1011689	18.3035817
25.5952256	20.38692039	31.3988314	22.61902262
27.6786	27.9762	35.119	9.2262
32.5893	29.0179	22.1726	16.2202
54.0179	11.3095	16.0714	18.6012
20.8333	55.2083	21.5774	2.381
74.8512	9.6726	6.3988	9.0774
0.1488	0	99.8512	0
0.2976	0.1488	99.5536	0
100	0	0	0
99.7024	0	0	0.2976
0.1488	0	99.8512	0
2.083302083	16.96431696	64.58336458	16.36901637
50.1488	3.5714	18.4524	27.8274
11.9048	52.0833	32.5893	3.4226
59.22614077	10.56548943	18.15478185	12.05358795
16.9643	19.0476	46.5774	17.4107
22.7679	4.3155	47.4702	25.4464
20.9821	21.131	37.3512	20.5357
28.5714	22.9167	28.869	19.6429
26.6369	21.875	29.4643	22.0238
26.4881	22.0238	28.5714	22.9167
26.7857	23.2143	29.9107	20.0893
