>tfdimers__MD00060
31.8519	17.037	24.0741	27.037
27.7778	9.6296	37.7778	24.8148
20.7407	15.1852	17.7778	46.2963
25.5556	18.1481	13.3333	42.963
65.1852	10	11.1111	13.7037
100	0	0	0
0	0	0	100
100	0	0	0
100	0	0	0
0	0	0	100
0	0	0	100
97.037	0	2.963	0
100	0	0	0
17.037	24.0741	7.037	51.8519
11.85188815	61.11103889	11.48148852	15.55558444
37.77776222	21.85187815	12.59258741	27.77777222
35.5556	13.7037	19.6296	31.1111
30	21.4815	20	28.5185
33.3333	16.2963	17.4074	32.963
28.5185	17.4074	18.5185	35.5556
