>tfdimers__MD00050
33.0162	18.411	23.1208	25.452
31.68406832	18.36348164	25.59467441	24.35777564
32.921	18.9819	23.4063	24.6908
32.68316732	21.07517892	22.83537716	23.40627659
37.8687	14.5576	24.4053	23.1684
30.5423	6.0419	44.8145	18.6013
38.4396	2.569	46.2892	12.7022
21.3606	0	78.6394	0
36.2512	15.6518	42.1503	5.9467
33.4443	50.7612	15.5566	0.2379
94.8145	0	0	5.1855
0	0	100	0
0	0	100	0
100	0	0	0
100	0	0	0
73.3111	9.9905	16.6508	0.0476
42.8164	16.2702	16.6508	24.2626
32.49293249	17.31681732	30.35203035	19.83821984
35.10943511	17.88771789	25.30922531	21.69362169
33.1113	18.7916	25.2141	22.883
32.77826722	19.45768054	21.64607835	26.11797388
32.5404	19.4577	22.6451	25.3568
