>tfdimers__MD00207
26.3231	18.5237	22.2841	32.8691
28.4123	19.7772	21.5877	30.2228
27.15877284	20.33427967	19.77718022	32.72976727
29.6657	18.663	20.8914	30.7799
26.0446	19.0808	20.6128	34.2618
21.72702173	13.09191309	43.45404345	21.72702173
5.2925	24.3733	24.5125	45.8217
9.1922	5.8496	5.2925	79.6657
0	0	0	100
0	0	0	100
94.429	5.571	0	0
94.429	0	0	5.571
0	0	0	100
0	0	0	100
100	0	0	0
48.468	23.5376	27.9944	0
36.9081	18.9415	17.1309	27.0195
28.6908	18.9415	21.727	30.6407
33.14763315	17.54871755	20.05572006	29.24792925
32.5905	18.2451	20.8914	28.273
31.6156	17.8273	18.3844	32.1727
