>tfdimers__MD00052
27.3279	23.7854	21.4069	27.4798
26.5182	21.8117	21.2551	30.415
26.3158	25.6073	20.0405	28.0364
28.2389	24.8482	18.8259	28.087
27.7328	24.6457	19.2814	28.3401
23.1275	29.7571	20.749	26.3664
25.5567	27.834	17.1053	29.504
42.4089	12.3988	11.5891	33.6032
99.8988	0.0506	0.0506	0
99.64579965	0.253000253	0.0506000506	0.0506000506
0.253000253	0.1012001012	24.39272439	75.25307525
0	99.9494	0	0.0506
6.4271	82.4393	0.0506	11.083
0.3543	97.9757	0	1.67
71.5081	1.7713	2.3279	24.3927
2.3785	1.417	10.3239	85.8806
7.2874	44.1802	15.6377	32.8947
15.2834	16.7004	5.7692	62.247
14.5243	24.1397	14.6255	46.7105
28.4413	26.5688	16.1437	28.8462
27.1255	23.7348	18.4211	30.7186
25.1012	25.253	18.5729	31.0729
28.3401	25.5567	19.3826	26.7206
27.73277227	23.43117657	21.30567869	27.53037247
