>tfdimers__MD00153
31.2303	18.2965	19.0852	31.388
28.8644	18.612	20.9779	31.5457
32.6498	18.2965	19.0852	29.9685
33.4385	18.7697	18.4543	29.3375
25.39432539	21.60882161	19.87381987	33.12303312
18.9274	25.5521	10.8833	44.6372
0	0	0	100
95.5836	0	4.4164	0
100	0	0	0
4.8896	3.3123	7.4132	84.3849
9.779190221	33.91166609	12.93378707	43.37535662
27.6025276	18.92741893	16.08831609	37.38173738
39.2744	18.4543	18.4543	23.817
45.26814527	14.51101451	13.09151309	27.12932713
0.4732	0.4732	0	99.0536
12.776	7.0978	5.5205	74.6057
53.94325394	6.309106309	0.6309006309	39.11673912
0.9464	8.3596	23.3438	67.3502
22.5552	13.7224	49.0536	14.6688
13.40691341	35.33123533	15.61511562	35.64673565
83.9117	14.1956	1.1041	0.7886
58.6751	10.7256	12.776	17.8233
32.4921	14.8265	22.7129	29.9685
30.91483091	17.19241719	18.92741893	32.96533297
34.7003	18.2965	17.5079	29.4953
32.9653	17.1924	21.2934	28.5489
33.5962336	20.03152003	18.92741893	27.44482744
