>tfdimers__MD00506
27.08037292	22.14387786	26.65727334	24.11847588
26.9394	20.7334	29.4781	22.8491
26.7983	21.5797	26.5162	25.1058
29.33712934	21.43862144	25.24682525	23.97742398
30.8886	15.5148	27.6446	25.952
26.37517362	8.321591678	46.96755303	18.33568166
32.7221	3.103	55.5712	8.6037
23.2722	0.4231	76.0226	0.2821
29.4781	22.1439	38.3639	10.0141
38.5049385	36.81243681	24.54162454	0.141000141
82.36958237	0.141000141	0	17.48941749
0.141	0.2821	99.5769	0
37.3766	13.3992	37.5176	11.7066
27.7856	0	59.9436	12.2708
0	0	100	0
99.2948	0.4231	0	0.2821
0	0	0.2821	99.7179
0.5642	0	0.4231	99.0127
70.6629	7.0522	21.5797	0.7052
23.13117687	19.04088096	35.68406432	22.14387786
34.9788	20.1693	29.055	15.7969
30.32443032	11.70661171	38.78703879	19.18191918
23.2722	23.8364	32.8632	20.0282
31.3117	18.8999	25.952	23.8364
29.3371	17.0663	27.7856	25.811
28.6319	19.323	27.5035	24.5416
28.914	18.7588	24.8237	27.5035
25.66997433	17.34838265	27.78557221	29.1960708
