>tfdimers__MD00270
29.6651	18.1818	22.0096	30.1435
29.18662919	21.05262105	19.61721962	30.14353014
28.7081	16.7464	13.8756	40.6699
34.4498	10.5263	16.7464	38.2775
30.622	15.7895	17.2249	36.3636
23.445	22.488	19.1388	34.9282
30.14353014	11.004811	16.26791627	42.58374258
28.2297	21.0526	22.0096	28.7081
48.32535167	19.61718038	5.263194737	26.79427321
59.33015933	10.04781005	6.22010622	24.4019244
28.70812871	10.04781005	10.52631053	50.71775072
17.2249	14.3541	1.4354	66.9856
83.2536	4.3062	3.3493	9.0909
91.38750861	0.4784995215	3.827796172	4.306195694
3.8278	0.4785	0.9569	94.7368
3.3493	1.4354	29.1866	66.0287
64.1148	1.4354	17.2249	17.2249
42.1053	2.8708	16.2679	38.756
1.9139	0	98.0861	0
0	28.2297	18.6603	53.11
100	0	0	0
100	0	0	0
46.89	0	0	53.11
33.01436699	1.435398565	14.35408565	51.1961488
0	28.22967177	12.91868708	58.85164115
32.0574	20.0957	15.7895	32.0574
38.756	12.4402	16.7464	32.0574
28.22967177	15.78948421	15.31098469	40.66985933
22.96652297	14.83251483	16.74641675	45.45454545
32.5359	16.7464	18.1818	32.5359
