>tfdimers__MD00151
21.96532197	19.43521944	40.61404061	17.98541799
20.79032079	18.8003188	42.94514295	17.46421746
20.0133	19.3784	41.9217	18.6866
19.38788061	20.98927901	41.62795837	17.99488201
19.0846	24.0216	35.118	21.7758
21.95582196	14.46031446	33.88613389	29.6977297
0	0	100	0
0	0	100	0
0	0	100	0
28.04892805	4.88010488	51.58725159	15.48371548
23.95527604	20.43017957	53.62454638	1.98999801
23.43407657	21.97477803	33.98086602	20.61027939
22.003222	12.41351241	42.84094284	22.74232274
0	0	100	0
0	0	100	0
0	0	100	0
34.4452	6.1973	43.0683	16.2892
27.8404	21.501	49.2656	1.393
24.2016242	20.46812047	37.9039379	17.42631743
21.5105	19.8048	41.211	17.4737
21.7758	19.7385	41.4005	17.0852
22.6002	20.7998	39.3916	17.2084
22.6002	21.6242	37.9418	17.8338
