>tfdimers__MD00460
24.6667	24.6667	25.3333	25.3333
21.3333	36.6667	20	22
25.33332533	32.000032	23.33332333	19.33331933
19.3333	30.6667	25.3333	24.6667
28	28	19.3333	24.6667
42.6667	1.3333	47.3333	8.6667
10.6667	44	44	1.3333
0	100	0	0
100	0	0	0
0	0	50	50
0.6666993333	86.66661333	3.999996	8.666691333
0	0	0	100
0	0	100	0
0	100	0	0
0	100	0	0
85.3333	0	14.6667	0
0	100	0	0
40.6667	18.6667	1.3333	39.3333
17.999982	30.66666933	28.66667133	22.66667733
26.66667333	25.999974	24.66667533	22.66667733
17.3333	27.3333	34.6667	20.6667
17.999982	26.66667333	26.66667333	28.66667133
33.3333	26.6667	21.3333	18.6667
30	25.3333	26	18.6667
27.3333	24	26	22.6667
21.3333	32	22	24.6667
24.66667533	29.99997	20.66667933	24.66667533
20	29.3333	22.6667	28
