>tfdimers__MD00292
32.76353276	18.23361823	19.78021978	29.22262922
33.6996337	18.31501832	17.41961742	30.56573057
34.14733415	17.5010175	19.41391941	28.93772894
33.74033374	18.43711844	18.3964184	29.42612943
33.86243386	20.06512007	17.90801791	28.16442816
42.002442	23.03622304	14.36711437	20.59422059
76.394	11.2739	1.1803	11.1518
26.3736	0.1221	12.9019	60.6024
12.6577	5.6573	72.2426	9.4424
21.7338	50.9972	12.4949	14.7741
92.6333	6.512	0.0407	0.814
79.7314	7.2853	3.9886	8.9947
83.5979	16.4021	0	0
0	100	0	0
65.9341	0	0	34.0659
0	0	0	100
25.11192511	7.855107855	22.66992267	44.36304436
0	0	32.0309	67.9691
31.37973138	20.06512007	21.28612129	27.26902727
32.6007326	19.29181929	15.75091575	32.35653236
36.38583639	17.09401709	17.94871795	28.57142857
32.27513228	18.96621897	16.68701669	32.07163207
33.45543346	18.19291819	17.46031746	30.89133089
29.38542939	18.55921856	20.06512007	31.99023199
30.76923077	19.6988197	19.29181929	30.24013024
