>tfdimers__MD00553
29.5652	20	20.8696	29.5652
28.6956713	24.78257522	18.26088174	28.26087174
42.6087	19.1304	13.4783	24.7826
34.3478	16.9565	12.6087	36.087
23.91302391	14.34781435	27.39132739	34.34783435
0.8696	99.1304	0	0
0.8695991304	88.6956113	0	10.43478957
67.82603217	0	6.086993913	26.08697391
50.4348	25.6522	19.5652	4.3478
92.6087	6.9565	0	0.4348
34.78263478	26.52172652	29.56522957	9.13040913
1.7391	98.2609	0	0
100	0	0	0
91.7391	5.6522	2.6087	0
100	0	0	0
0	79.5652	0	20.4348
100	0	0	0
56.08694391	8.260891739	20.86957913	14.78258522
50.86965087	21.3043213	16.52171652	11.3043113
34.3478	23.0435	14.7826	27.8261
34.78256522	20.43477957	18.6956813	26.08697391
36.5217	17.3913	16.087	30
33.04346696	15.65218435	23.04347696	28.26087174
33.91303391	19.13041913	17.39131739	29.56522957
