>tfdimers__MD00475
34.7458	17.7966	16.1017	31.3559
29.661	22.0339	16.9492	31.3559
30.50846949	14.40678559	14.40678559	40.67795932
26.2712	18.6441	19.4915	35.5932
29.66102966	21.18642119	13.55931356	35.59323559
100	0	0	0
0	0	0	100
0	0	0	100
100	0	0	0
0	0	0	100
0.8474991525	0	0.8474991525	98.30500169
0.8475	0	66.1017	33.0508
99.1525	0	0.8475	0
4.2373	72.8814	11.8644	11.0169
21.18642119	11.01691102	7.627107627	60.16956017
11.0169	44.0678	5.9322	38.9831
66.94913305	8.474591525	4.237295763	20.33897966
25.42372542	23.72882373	21.18642119	29.66102966
36.4407	14.4068	15.2542	33.8983
9.322	23.7288	36.4407	30.5085
14.4068	11.8644	27.1186	46.6102
24.5763	20.339	22.0339	33.0508
29.661	21.1864	16.9492	32.2034
27.9661	19.4915	16.1017	36.4407
27.11862712	11.01691102	15.25421525	46.61024661
33.0508	16.9492	20.339	29.661
33.8983	19.4915	17.7966	28.8136
