>tfdimers__MD00544
23.3009767	30.29126971	19.41748058	26.99027301
26.6019266	28.54372854	19.80581981	25.04852505
25.2427	26.7961	23.1068	24.8544
24.466	27.767	20	27.767
23.8835	27.5728	18.835	29.7087
18.05828194	30.67956932	27.96117204	23.3009767
19.2233	42.3301	9.5146	28.932
17.28158272	36.5048635	16.89318311	29.32037068
10.0971101	13.59221359	42.71844272	33.59223359
3.301	84.0777	6.0194	6.6019
0.1941998058	98.83490117	0.1941998058	0.7766992233
93.3980066	0.9708990291	0	5.631094369
3.495103495	0.5825005825	12.03881204	83.88358388
11.2621	31.6505	17.6699	39.4175
17.28158272	16.89318311	7.766992233	58.05824194
23.4951235	20.38832039	31.45633146	24.66022466
16.5049	76.5049	3.4951	3.4951
93.59229359	2.912602913	2.135902136	1.359201359
1.165	8.7379	0.9709	89.1262
10.0971	9.9029	12.8155	67.1845
4.271804272	75.53407553	12.03881204	8.155308155
4.2718	86.7961	0.9709	7.9612
30.0971	10.2913	3.4951	56.1165
4.6602	49.9029	36.699	8.7379
26.01942602	27.37862738	15.92231592	30.67963068
20.97087903	31.06796893	20.77667922	27.18447282
26.0194	26.2136	22.5243	25.2427
23.4951235	27.37862738	24.46602447	24.66022466
21.3592	27.1845	22.1359	29.3204
