>tfdimers__MD00096
25.4545	24.2424	18.7879	31.5152
33.3333	24.8485	21.2121	20.6061
21.2121	23.6364	23.0303	32.1212
17.57578242	24.84847515	24.84847515	32.72726727
21.2121	21.8182	19.3939	37.5758
10.3030103	50.3030503	19.39391939	20.00002
12.7273	41.2121	18.7879	27.2727
0	7.8788	0	92.1212
0	4.2424	0.6061	95.1515
0	0	1.2121	98.7879
0	98.7879	0	1.2121
54.5455	18.7879	2.4242	24.2424
21.2121	35.1515	14.5455	29.0909
83.0303	4.8485	6.0606	6.0606
3.0303	0	1.8182	95.1515
2.4242	1.8182	92.1212	3.6364
3.6364	76.3636	4.2424	15.7576
89.0909	3.0303	1.8182	6.0606
94.5455	0	5.4545	0
98.78780121	0	0.6060993939	0.6060993939
3.0303	3.0303	24.8485	69.0909
13.93941394	39.39393939	19.39391939	27.27272727
55.7576	26.0606	10.9091	7.2727
13.3333	35.7576	35.7576	15.1515
23.6364	27.2727	20	29.0909
28.48482848	25.45452545	21.81822182	24.24242424
28.4848	21.8182	23.0303	26.6667
29.697	21.8182	22.4242	26.0606
24.8485	25.4545	21.8182	27.8788
