>tfdimers__MD00413
27.6990277	18.75681876	20.06542007	33.47873348
27.4809	19.4111	18.8659	34.2421
25.2999	26.4995	16.0305	32.1701
35.1145	18.1025	15.7034	31.0796
28.46237154	23.77317623	17.55728244	30.20716979
27.59	19.6292	9.9237	42.8571
22.4646	32.4973	21.1559	23.8822
12.5409	0	1.7448	85.7143
0	0	92.1483	7.8517
0	10.9051	0.4362	88.6587
15.9215	21.0469	15.7034	47.3282
0	97.4918	2.5082	0
21.15592116	19.19301919	0.2181002181	59.43295943
24.6456	19.193	21.374	34.7874
26.6085	18.3206	18.9749	36.096
25.8451	17.9935	18.9749	37.1865
27.8081	17.8844	17.8844	36.4231
26.06322606	15.26721527	15.37621538	43.29334329
29.22572923	17.12101712	30.86153086	22.79172279
18.7568	20.1745	9.7056	51.3631
0.4361995638	1.1995988	0.3271996728	98.03700196
1.3086	0.1091	12.9771	85.6052
27.4809	4.7983	42.53	25.1908
1.3086	97.928	0.4362	0.3272
41.9847	25.0818	1.6358	31.2977
24.1003241	31.95203195	10.68701069	33.26063326
60.95963904	22.46457754	5.670694329	10.90508909
53.5442	6.9793	19.193	20.2835
16.2486	22.6827	23.2279	37.8408
22.46457754	24.86367514	15.04908495	37.62266238
31.0796	24.9727	9.0513	34.8964
29.2257	21.4831	16.7939	32.4973
30.2072	19.3021	16.7939	33.6968
30.75246925	19.52018048	17.66628233	32.06106794
27.699	19.9564	20.8288	31.5158
30.2072	20.2835	16.7939	32.7154
