>tfdimers__MD00485
26.14942615	22.7011227	27.01152701	24.13792414
29.023	23.5632	26.4368	20.977
30.4598	24.4253	22.7011	22.4138
21.26437874	24.13787586	27.2988727	27.2988727
25.8621	25.8621	32.7586	15.5172
0	100	0	0
100	0	0	0
9.195409195	24.13792414	44.54024454	22.12642213
0	44.5402	35.6322	19.8276
0	0	0	100
0	0	100	0
0	100	0	0
100	0	0	0
19.8276	35.6322	44.5402	0
22.12642213	44.54024454	24.13792414	9.195409195
0	0	0	100
0	0	100	0
15.5172	32.7586	25.8621	25.8621
27.2988727	27.2988727	24.13787586	21.26437874
22.4138	22.7011	24.4253	30.4598
20.977	26.4368	23.5632	29.023
24.13792414	27.01152701	22.7011227	26.14942615
