>tfdimers__MD00583
30.84113084	18.22431822	19.78191978	31.15263115
26.7913	18.2243	19.3146	35.6698
31.6199	19.1589	19.0031	30.2181
34.73516526	19.15888084	20.09347991	26.01247399
31.3084	18.2243	21.1838	29.2835
9.345790654	19.93768006	23.05297695	47.66355234
46.8847	7.9439	25.5452	19.6262
100	0	0	0
0	0	100	0
0	0	0	100
32.0872	0	67.9128	0
73.98757399	4.672904673	21.02802103	0.3115003115
54.2056	24.4548	7.3209	14.0187
38.16196184	1.401898598	11.21498879	49.22115078
55.919	16.9782	14.6417	12.4611
97.81939782	0.3115003115	0.7788007788	1.09030109
16.0436	0.9346	0.7788	82.243
13.8629	5.296	8.4112	72.4299
51.8692	5.919	18.0685	24.1433
45.32714533	26.94702695	18.53581854	9.19000919
25.0779	42.2118	20.8723	11.838
32.86603287	22.42992243	15.57631558	29.12772913
33.8006338	19.31461931	20.56072056	26.32402632
31.7757	17.757	22.7414	27.7259
30.3738	19.6262	21.3396	28.6604
33.4891	17.2897	22.8972	26.324
