>tfdimers__MD00481
24.5098	36.2745	24.5098	14.7059
21.5686	30.3922	21.5686	26.4706
16.66668333	30.39216961	27.45097255	25.49017451
31.3725	21.5686	28.4314	18.6275
14.7059	22.549	34.3137	28.4314
0	100	0	0
0	43.1373	0	56.8627
0	100	0	0
21.5686	78.4314	0	0
0	100	0	0
30.39216961	5.882394118	11.76468824	51.96074804
0	0	100	0
0.9804	0	96.0784	2.9412
0	0	100	0
0	0	100	0
91.1765	6.8627	1.9608	0
25.4902	37.2549	32.3529	4.902
30.39216961	23.52937647	27.45097255	18.62748137
27.451	23.5294	32.3529	16.6667
24.50982451	20.58822059	33.33333333	21.56862157
21.5686	18.6275	36.2745	23.5294
