>tfdimers__MD00529
22.8902	26.8064	24.1589	26.1445
21.1252	27.9647	24.9862	25.9239
21.7871	29.0678	21.5665	27.5786
22.9454	28.4611	22.1732	26.4203
22.1732	28.3508	23.8831	25.5929
22.2284	22.6696	21.8974	33.2046
18.9189	24.545	30.888	25.6481
20.51847948	18.86378114	34.1974658	26.42027358
20.6839	32.7634	27.1925	19.3602
21.84227816	32.1014679	10.97628902	35.07996492
5.681194319	0.0551999448	6.729193271	87.53441247
0	99.9448	0.0552	0
0.1103	99.8345	0	0.0552
0	99.9448	0	0.0552
25.4275	3.6955	2.8682	68.0088
12.3001	29.8952	31.1638	26.6409
2.7027	0.4964	1.4341	95.3668
0.9377	0.6619	96.4699	1.9305
17.87091787	13.51351351	3.585203585	65.03036503
7.115292885	29.17817082	24.87587512	38.83066117
9.156090844	66.2989337	14.56148544	9.983490017
20.0221	23.9934	0.717	55.2675
18.4777	27.6889	21.1252	32.7082
18.53281853	27.02702703	27.13732714	27.3028273
23.4969765	27.46827253	24.1036759	24.93107507
23.9382	27.027	21.9526	27.0822
23.3315	28.075	23.497	25.0965
22.7799	29.2333	19.7463	28.2405
23.2763	27.358	22.8902	26.4755
