>tfdimers__MD00278
31.5897	19.7949	21.7436	26.8718
28.2051	22.2564	18.0513	31.4872
28.1026	22.1538	18.9744	30.7692
30.15383015	21.74362174	18.46151846	29.64102964
28.4103	21.0256	18.0513	32.5128
12.3077	33.0256	10.0513	44.6154
0	0	0	100
93.3333	0	6.6667	0
100	0	0	0
7.282092718	4.102595897	11.38458862	77.23072277
8.9231	55.5897	9.8462	25.641
18.9744	72.2051	0	8.8205
61.8462	14.7692	0	23.3846
0	0	0	100
0	0	0	100
86.359	0	0	13.641
58.6667	7.0769	30.359	3.8974
28.41027159	15.48718451	20.82047918	35.28206472
28.8205	24.1026	18.0513	29.0256
28.8205	23.7949	18.2564	29.1282
31.5897	21.9487	18.6667	27.7949
29.23077077	21.84617815	19.79488021	29.12817087
