>tfdimers__MD00200
29.5413	18.8991	16.6972	34.8624
31.1927	15.9633	22.0183	30.8257
30.6422	18.7156	17.7982	32.844
35.7798	13.7615	21.1009	29.3578
31.74313174	18.34861835	18.34861835	31.55963156
20.9174	16.8807	19.2661	42.9358
51.37615138	10.09171009	12.29361229	26.23852624
47.7064	10.8257	24.5872	16.8807
21.2844	13.3945	15.7798	49.5413
21.4679	23.6697	11.7431	43.1193
60.18343982	9.541290459	12.47708752	17.7981822
51.55954844	5.871594128	19.26608073	23.3027767
7.706407706	5.321105321	4.770604771	82.2018822
14.1284	6.789	8.6239	70.4587
91.19279119	0.7339007339	6.055006055	2.018302018
65.8716	7.7064	4.2202	22.2018
11.3761	1.8349	3.6697	83.1193
73.945	8.2569	4.7706	13.0275
91.55969156	1.467901468	3.486203486	3.486203486
9.5413	4.7706	1.8349	83.8532
2.7523	0.7339	1.2844	95.2294
89.1743	1.8349	2.0183	6.9725
87.5229	2.3853	1.6514	8.4404
8.4404	15.4128	5.6881	70.4587
11.92658807	5.871594128	15.22938477	66.97243303
62.56873743	12.29358771	5.871594128	19.26608073
43.48624349	10.64221064	19.81651982	26.05502606
25.6881	22.3853	22.7523	29.1743
29.5413	14.6789	14.6789	41.1009
27.15597284	31.00916899	15.96328404	25.87157413
34.4954	17.6147	16.3303	31.5596
28.4404	15.7798	20.7339	35.0459
32.1101	18.8991	15.7798	33.211
29.5413	24.9541	16.8807	28.6239
33.76146624	19.08258092	15.96328404	31.19266881
