>tfdimers__MD00565
24.4898	23.9796	30.102	21.4286
31.63266837	18.87758112	28.57137143	20.91837908
27.551	23.4694	27.0408	21.9388
21.42857857	18.87758112	33.16326684	26.53057347
22.44897755	19.38778061	36.22446378	21.93877806
25	28.0612	22.9592	23.9796
32.65306735	27.55097245	20.40817959	19.38778061
17.85711786	29.59182959	41.83674184	10.71431071
16.83671684	1.02040102	14.7959148	67.34696735
2.0408	0	97.9592	0
71.93872806	2.040797959	18.87758112	7.142892857
1.0204	96.4286	2.551	0
100	0	0	0
2.040802041	5.102005102	91.32659133	1.530601531
47.449	20.9184	26.5306	5.102
13.77551378	0.5102005102	5.102005102	80.61228061
0	0	100	0
0	0	100	0
17.34691735	0	64.28576429	18.36731837
0	0	100	0
90.3061	0	0	9.6939
34.18366582	8.673491327	44.8979551	12.24488776
26.53057347	18.87758112	32.14286786	22.44897755
25.5102	18.8776	28.0612	27.551
31.12243112	16.32651633	29.08162908	23.46942347
25.5102	26.0204	27.551	20.9184
36.7347	15.3061	22.9592	25
