>tfdimers__MD00204
27.3897	23.3456	22.2426	27.0221
25.5515	22.9779	28.6765	22.7941
26.4706	21.3235	29.0441	23.1618
32.35293235	19.66911967	25.000025	22.97792298
30.6985	22.6103	26.6544	20.0368
30.5147	36.0294	19.6691	13.7868
35.47793548	28.49262849	13.6029136	22.42652243
9.007390993	45.03675496	30.33086967	15.62498438
27.94122794	22.97792298	15.99261599	33.08823309
19.66911967	51.65445165	22.97792298	5.698505699
96.6912	0	0.1838	3.125
71.875	0	27.5735	0.5515
3.492603493	0.7353007353	95.4044954	0.3676003676
81.6176	3.125	15.2574	0
0	0	100	0
0	0	100	0
100	0	0	0
99.4485	0	0	0.5515
25.18382518	16.72791673	58.08825809	0
28.125	18.5662	19.8529	33.4559
31.98526801	13.23528676	30.88236912	23.8970761
33.4559	18.1985	31.8015	16.5441
35.1103	15.8088	24.8162	24.2647
33.4559	18.75	25.9191	21.875
