>tfdimers__MD00362
30	20.8333	17.5	31.6667
34.1667	18.3333	18.3333	29.1667
27.5	18.3333	19.1667	35
31.66666833	19.99998	24.16667583	24.16667583
26.6667	14.1667	23.3333	35.8333
28.33332833	13.33331333	32.5000325	25.83332583
0.8333	23.3333	29.1667	46.6667
0	0	14.1667	85.8333
0	25	0.8333	74.1667
0.8333	50	0	49.1667
22.5	32.5	8.3333	36.6667
98.33339833	0	0.8333008333	0.8333008333
0	0	100	0
2.5	0	97.5	0
100	0	0	0
0.8333	0	0	99.1667
33.3333	0	0	66.6667
100	0	0	0
99.1667	0	0	0.8333
42.5	10	23.3333	24.1667
31.6667	20.8333	20.8333	26.6667
28.3333	21.6667	20.8333	29.1667
25	25.8333	24.1667	25
32.5	13.3333	21.6667	32.5
