>tfdimers__MD00148
20.8791	27.9121	31.6484	19.5604
19.7802	30.5495	28.3516	21.3187
21.75822176	27.69232769	28.57142857	21.97802198
20.4396	36.4835	23.5165	19.5604
24.3956	28.7912	23.2967	23.5165
27.4725	31.4286	38.2418	2.8571
27.9121	13.6264	42.1978	16.2637
28.7912	16.2637	47.033	7.9121
28.35162835	0.8791008791	57.58245758	13.18681319
20.43957956	54.28564571	3.736296264	21.53847846
0.4396	96.9231	0.6593	1.978
0.2198	98.4615	0.2198	1.0989
0.4395995604	92.52740747	0.2197997802	6.813193187
28.57142857	54.06595407	1.098901099	16.26371626
33.6264	9.4505	25.9341	30.989
0	0	100	0
0	0	100	0
0	0	100	0
47.91205209	2.197797802	38.24176176	11.64838835
30.10993011	36.26373626	32.96703297	0.6593006593
25.05492505	33.18683319	22.1978222	19.56041956
18.9011	26.5934	28.5714	25.9341
23.51647648	25.93407407	30.54946945	19.99998
22.4176	24.3956	29.6703	23.5165
21.3187	23.2967	32.3077	23.0769
