>tfdimers__MD00402
30.9677	23.2258	21.9355	23.871
30.3226	20	21.2903	28.3871
27.7419	23.871	21.2903	27.0968
33.5484	20	23.2258	23.2258
30.3226	15.4839	19.3548	34.8387
16.12901613	25.16132516	27.74192774	30.96773097
21.2903	30.3226	13.5484	34.8387
25.1613	15.4839	16.7742	42.5806
34.19353419	34.83873484	12.9032129	18.06451806
90.96779097	3.225803226	1.29030129	4.516104516
1.29029871	0.6451993548	0.6451993548	97.41930258
5.1613	10.3226	0	84.5161
23.871	0	0	76.129
18.0645	5.1613	74.8387	1.9355
12.2581	83.2258	1.9355	2.5806
97.41930258	0.6451993548	1.29029871	0.6451993548
9.0323	1.2903	3.2258	86.4516
76.77412323	0.6451993548	21.93547806	0.6451993548
50.32254968	29.03227097	3.225796774	17.41938258
36.7742	4.5161	20	38.7097
81.9355	7.7419	8.3871	1.9355
100	0	0	0
14.1935	0.6452	0	85.1613
20.64517935	5.806494194	13.54838645	59.99994
53.5484	7.0968	25.1613	14.1935
26.45162645	39.35483935	30.96773097	3.225803226
21.2903	45.1613	26.4516	7.0968
27.7419	23.871	18.0645	30.3226
21.2903	25.1613	23.2258	30.3226
19.3548	30.3226	18.7097	31.6129
23.871	27.7419	16.129	32.2581
25.80647419	27.0967729	20.64517935	26.45157355
