>tfdimers__MD00133
29.3144	21.2766	21.2766	28.1324
31.44206856	16.54848345	20.33097967	31.67846832
25.5319	21.513	21.9858	30.9693
34.27896572	16.54848345	21.27657872	27.8959721
31.4421	22.9314	24.5863	21.0402
100	0	0	0
0	0	0	100
100	0	0	0
100	0	0	0
0	0	0	100
4.2553	82.9787	3.0733	9.6927
0.4728004728	98.10879811	0	1.418401418
72.81327281	4.728104728	0.9456009456	21.51302151
4.4917	2.6005	8.2742	84.6336
12.0567	28.1324	18.6761	41.1348
13.7116	16.7849	8.0378	61.4657
18.2033	18.9125	10.6383	52.2459
30.7329	22.2222	19.3853	27.6596
30.0236	27.896	14.8936	27.1868
26.004726	23.16782317	17.02131702	33.80613381
27.896	24.3499	19.6217	28.1324
28.84162884	22.45862246	21.98582199	26.71392671
