>tfdimers__MD00350
32.23683224	19.2982193	19.73681974	28.72812873
29.1667	21.7105	22.3684	26.7544
31.57893158	19.07891908	22.36842237	26.97372697
29.82457018	17.98248202	23.02627697	29.16667083
35.52633553	19.2982193	20.17542018	25.000025
36.6228	16.886	33.7719	12.7193
37.0614	10.0877	26.0965	26.7544
38.1579	20.1754	26.7544	14.9123
40.78945921	17.32458268	12.71928728	29.16667083
67.1053	8.114	12.7193	12.0614
9.6491	3.5088	11.4035	75.4386
14.693	6.7982	74.1228	4.386
15.7895	58.9912	8.114	17.1053
76.5351	7.0175	3.9474	12.5
91.886	0.4386	6.5789	1.0965
89.0351	0.6579	3.9474	6.3596
5.921094079	2.631597368	38.37716162	53.07014693
20.61402061	39.25443925	19.07891908	21.05262105
65.5702	12.7193	14.0351	7.6754
5.482494518	11.62278838	77.41222259	5.482494518
66.2281	19.7368	5.0439	8.9912
0	0	0	100
0	7.4561	0	92.5439
100	0	0	0
50.6579	9.2105	30.2632	9.8684
30.92106908	18.64038136	26.97367303	23.46487654
28.9474	20.3947	20.3947	30.2632
30.4825	19.0789	21.7105	28.7281
33.5526	17.3246	23.4649	25.6579
34.2105	17.5439	21.2719	26.9737
