>tfdimers__MD00563
36.82863683	15.34531535	19.43731944	28.38872839
31.7136	14.578	21.7391	31.9693
30.4348	20.7161	20.4604	28.3887
32.73656726	16.87978312	15.85678414	34.52686547
32.22506777	18.15858184	18.15858184	31.45776854
31.2020312	13.81071381	27.87722788	27.11002711
38.87466113	11.50898849	15.08948491	34.52686547
37.85166215	14.06648593	13.55498645	34.52686547
35.2941	13.555	11.509	39.6419
22.7621	15.8568	23.5294	37.8517
7.928407928	2.046002046	2.557502558	87.46808747
3.324796675	12.02048798	83.37591662	1.278798721
14.3223	80.8184	0.5115	4.3478
14.32228568	3.324796675	1.278798721	81.07411893
9.974409974	7.672607673	75.19187519	7.161107161
76.72637673	2.046002046	8.184108184	13.04351304
14.57801458	40.40924041	25.06392506	19.94881995
23.2737	6.1381	19.6931	50.8951
13.0435	53.9642	13.2992	19.6931
100	0	0	0
0	0	89.0026	10.9974
0	100	0	0
62.9156	0	0	37.0844
41.9437	27.11	0.7673	30.179
43.9898	16.3683	0	39.6419
32.9923	23.2737	0	43.734
29.9233	19.1816	14.578	36.3171
26.8542	23.7852	14.578	34.7826
26.8542	18.6701	19.9488	34.5269
31.2020312	19.43731944	19.69311969	29.66752967
29.41177059	21.99487801	18.15858184	30.43476957
