>tfdimers__MD00324
27.027	23.5294	24.8808	24.5628
26.62957337	24.88077512	23.05247695	25.43717456
26.47057353	23.05247695	24.08587591	26.39107361
25.8347	23.4499	24.5628	26.1526
27.9014	23.6089	22.655	25.8347
23.6884	45.628	22.0191	8.6645
20.42927957	32.19396781	14.54688545	32.82986717
8.0286	37.8378	32.9094	21.2242
20.66772067	22.41652242	22.33702234	34.57873458
18.75991876	27.74242774	33.7043337	19.79331979
13.59298641	8.426091574	18.52148148	59.45944054
19.7933	16.6137	55.9618	7.6312
81.7965	8.0286	9.1415	1.0334
67.64703235	20.98567901	10.33388967	1.033398967
7.7107	76.2321	10.4928	5.5644
2.225797774	88.15571184	3.736096264	5.882394118
68.9189	29.4913	1.5898	0
0	100	0	0
100	0	0	0
53.1797	0	35.1351	11.6852
54.531	11.4467	3.5771	30.4452
18.75991876	0.0795000795	55.08745509	26.07312607
26.07312607	28.06042806	26.07312607	19.79331979
29.1733	26.5501	19.7138	24.5628
28.7758	24.8013	24.5628	21.8601
29.3323	24.1653	21.8601	24.6423
27.18597281	26.62957337	21.22417878	24.96027504
