>tfdimers__MD00515
36.14863615	14.52701453	22.2973223	27.02702703
38.8514	11.1486	22.6351	27.3649
35.81083581	17.22971723	20.94592095	26.01352601
42.9054	12.8378	22.2973	21.9595
41.21624122	11.14861115	29.39192939	18.24321824
92.2297	0	7.7703	0
100	0	0	0
67.2297	0	0	32.7703
59.4595	0	0	40.5405
100	0	0	0
97.2973	0	0	2.7027
21.9595	0	78.0405	0
0	0	100	0
79.0541	7.4324	7.7703	5.7432
60.473	1.0135	38.5135	0
0	0	100	0
41.21624122	15.54051554	15.2027152	28.04052804
50.33785034	14.52701453	16.89191689	18.24321824
35.13513514	11.14861115	32.43243243	21.28382128
30.7432	15.5405	27.3649	26.3514
36.14863615	14.52701453	25.67572568	23.64862365
