>tfdimers__MD00581
33.3333	20	20.6667	26
34	19.3333	18	28.6667
32	20	26.6667	21.3333
34.6667	18	23.3333	24
34.000034	11.33331133	27.33332733	27.33332733
48	1.3333	20.6667	30
91.3333	0	4	4.6667
95.3333	0	2	2.6667
16.6667	1.3333	62.6667	19.3333
12.6667	0.6667	85.3333	1.3333
41.3333	4	54	0.6667
76.6667	0	21.3333	2
0.6667	0	99.3333	0
96.66660333	0	2.666697333	0.6666993333
100	0	0	0
0	0	100	0
0	0	0	100
42	0	58	0
34.66666533	12.66668733	32.66666733	19.99998
30.6667	16.6667	31.3333	21.3333
40	14	21.3333	24.6667
29.3333	21.3333	26.6667	22.6667
35.33333533	23.33332333	18.000018	23.33332333
