>tfdimers__MD00570
20.23807976	29.16667083	27.38097262	23.21427679
22.0238	33.9286	22.619	21.4286
19.6429	30.9524	26.7857	22.619
22.619	36.9048	22.0238	18.4524
27.97617202	27.38097262	27.38097262	17.26188274
31.5476	12.5	38.6905	17.2619
16.6667	35.7143	47.0238	0.5952
27.381	28.5714	30.9524	13.0952
5.3571	72.0238	21.4286	1.1905
89.88091012	1.19049881	1.19049881	7.738092262
1.1905	4.7619	93.4524	0.5952
5.9524	92.8571	1.1905	0
61.9048	0.5952	0	37.5
1.19049881	1.19049881	93.45230655	4.166695833
4.1667	75.5952	14.2857	5.9524
2.9762	0	0	97.0238
0	0	100	0
0	25.5952	0	74.4048
2.380997619	41.07135893	19.64288036	36.9047631
0	99.4048	0.5952	0
20.8333	25	0	54.1667
18.4524	27.9762	35.7143	17.8571
20.23812024	25.5952256	25.5952256	28.57142857
20.23807976	29.16667083	30.95236905	19.64288036
17.2619	34.5238	26.1905	22.0238
26.7857	26.7857	22.0238	24.4048
