>tfdimers__MD00019
33.92856607	19.64288036	18.87758112	27.55097245
32.9082	18.4949	18.75	29.8469
28.3163	20.6633	18.2398	32.7806
32.14286786	19.13268087	15.68878431	33.03566696
34.4388	11.9898	24.3622	29.2092
13.26528673	19.64288036	44.8979551	22.19387781
7.1429	21.1735	24.6173	47.0663
25	19.2602	4.4643	51.2755
79.97442003	5.22959477	6.887793112	7.908192092
87.62751237	0.1275998724	1.658198342	10.58668941
0.5101994898	0.1275998724	0.3826996173	98.97950102
11.2245	11.0969	29.7194	47.9592
97.7040023	1.530598469	0.1275998724	0.6377993622
44.2602	5.7398	5.7398	44.2602
0.6377993622	0.1275998724	1.530598469	97.7040023
47.9592	29.7194	11.0969	11.2245
98.97950102	0.3826996173	0.1275998724	0.5101994898
10.58668941	1.658198342	0.1275998724	87.62751237
7.908192092	6.887793112	5.22959477	79.97442003
51.2755	4.4643	19.2602	25
47.0663	24.6173	21.1735	7.1429
22.19387781	44.8979551	19.64288036	13.26528673
29.2092	24.3622	11.9898	34.4388
33.03566696	15.68878431	19.13268087	32.14286786
32.7806	18.2398	20.6633	28.3163
29.8469	18.75	18.4949	32.9082
27.55097245	18.87758112	19.64288036	33.92856607
