>tfdimers__MD00070
27.73332773	15.73331573	24.8000248	31.73333173
28.7999712	15.46668453	33.06666693	22.66667733
29.3333	18.6667	26.9333	25.0667
27.4667	21.8667	26.1333	24.5333
36.8000368	13.33331333	23.73332373	26.13332613
25.86667413	8.266691733	47.46665253	18.3999816
33.0667	4	50.4	12.5333
20.8	0	79.2	0
40.2667	14.4	38.1333	7.2
27.2	47.2	25.3333	0.2667
100	0	0	0
0.5333	0	99.4667	0
82.1333	0.8	11.4667	5.6
0	0.2666997333	0.2666997333	99.46660053
100	0	0	0
100	0	0	0
76.8	10.4	9.0667	3.7333
50.6667	22.9333	23.4667	2.9333
23.7333	45.8667	17.6	12.8
35.73333573	22.4000224	18.13331813	23.73332373
29.6	20.5333	26.4	23.4667
31.4667	20	24	24.5333
29.06667093	20.26667973	25.5999744	25.06667493
31.4667	20.2667	21.3333	26.9333
