>tfdimers__MD00139
30.6968	17.7966	17.6083	33.8983
25.61207439	21.09227891	20.15067985	33.14496686
26.83617316	19.3973806	20.62147938	33.14496686
26.6478	17.6083	18.9266	36.8173
26.177	20.5273	17.7966	35.4991
32.76836723	16.38418362	12.99438701	37.85306215
28.2486	23.5405	16.7608	31.4501
9.604509605	5.838005838	6.403006403	78.15447815
34.7458	5.2731	50.3766	9.6045
2.636502637	1.412401412	0.9416009416	95.00949501
0.9416	1.2241	14.1243	83.71
0.8475	0.4708	10.1695	88.5122
36.72316328	4.990595009	45.85685414	12.42938757
4.1431	35.6874	6.6855	53.484
13.37101337	26.36532637	3.860603861	56.4030564
1.5066	16.29	0.6591	81.5443
1.7891	0	1.9774	96.2335
0.4708	0	98.7759	0.7533
1.7891	0.565	96.516	1.1299
14.6893	79.096	4.1431	2.0716
50	12.9944	4.4256	32.58
30.226	19.4915	25.8004	24.4821
26.4595	23.7288	27.307	22.5047
29.94347006	17.89078211	24.85877514	27.30697269
34.9341	12.5235	22.9755	29.5669
18.26741827	19.67981968	28.15442815	33.8983339
22.69302269	34.18083418	13.74761375	29.37852938
21.6573	41.7137	15.725	20.904
38.4181	19.9623	14.5951	27.0245
36.3465	15.8192	24.0113	23.823
29.8493	16.9492	24.6704	28.5311
27.0245	18.5499	20.4331	33.9925
28.9077	20.2448	17.1375	33.71
29.5669	19.6798	19.3032	31.4501
31.0734	20.339	18.3616	30.226
30.41433041	19.02071902	19.49151949	31.07343107
