>tfdimers__MD00088
32.46073246	21.98952199	22.25132225	23.2984233
34.81676518	20.15707984	25.13087487	19.8952801
35.34033534	17.8010178	23.2984233	23.56022356
35.07853508	23.82202382	21.98952199	19.10991911
44.5026	13.6126	19.8953	21.9895
35.0785	0	64.9215	0
0	25.39267461	60.99473901	13.61258639
100	0	0	0
100	0	0	0
96.8586	0	0	3.1414
70.68067068	0	17.8010178	11.51831152
0	99.7382	0	0.2618
0	99.21460079	0.2617997382	0.5235994764
88.74341126	1.832498168	8.376991623	1.047098953
0	99.7382	0	0.2618
67.5393	11.2565	4.9738	16.2304
26.178	14.3979	35.6021	23.822
28.0105	24.6073	23.2984	24.0838
22.25127775	30.89006911	25.39267461	21.46597853
31.6754	24.0838	22.2513	21.9895
29.5812	24.8691	23.2984	22.2513
25.9162	25.9162	22.7749	25.3927
25.9162	22.2513	21.2042	30.6283
28.53402853	21.98952199	21.98952199	27.48692749
32.1989678	18.58638141	25.13087487	24.08377592
28.7958288	20.68062068	25.91622592	24.60732461
