>tfdimers__MD00550
29.41177059	16.91178309	23.52937647	30.14706985
27.9412	25	19.8529	27.2059
36.76466324	18.38238162	16.17648382	28.67647132
33.0882	14.7059	25	27.2059
33.8235	15.4412	16.9118	33.8235
55.1471	13.2353	24.2647	7.3529
27.20587279	66.91173309	5.147094853	0.7352992647
99.2647	0	0	0.7353
0.7353	0.7353	1.4706	97.0588
9.5588	3.6765	8.8235	77.9412
4.4118	81.6176	5.1471	8.8235
3.676496324	77.94112206	2.205897794	16.17648382
29.41177059	5.147094853	3.676496324	61.76463824
16.17648382	39.70586029	25.73527426	18.38238162
37.4999625	16.17648382	16.91178309	29.41177059
30.88236912	13.97058603	29.41177059	25.73527426
41.9118	10.2941	25.7353	22.0588
21.3235	0	66.1765	12.5
0	0	99.2647	0.7353
75	25	0	0
1.4706	0	0	98.5294
7.3529	0	0	92.6471
67.64703235	0.7352992647	0.7352992647	30.88236912
36.0294	11.0294	25.7353	27.2059
50	26.4706	2.2059	21.3235
32.3529	18.3824	25	24.2647
34.55883456	8.823508824	23.52942353	33.08823309
30.1471	20.5882	22.0588	27.2059
29.4118	17.6471	19.1176	33.8235
26.4706	21.3235	16.1765	36.0294
