>tfdimers__MD00431
23.8806	27.2388	29.8507	19.0299
26.1194	23.8806	23.1343	26.8657
27.6119	19.0299	30.597	22.7612
30.22393022	17.91041791	30.97013097	20.8955209
23.8806	22.3881	33.9552	19.7761
37.3134	11.194	26.8657	24.6269
33.20896679	16.04478396	27.23877276	23.50747649
31.7164	36.5672	26.4925	5.2239
72.01497201	5.597005597	12.31341231	10.07461007
0.7463	0	99.2537	0
0.3731	0	99.6269	0
100	0	0	0
58.58215858	2.611902612	0.3731003731	38.43283843
23.13432313	0.3731003731	76.11947612	0.3731003731
10.0746	13.806	18.6567	57.4627
34.7015	1.4925	63.806	0
15.6716	9.7015	64.9254	9.7015
19.403	10.8209	65.6716	4.1045
0.7463	53.7313	2.2388	43.2836
18.28358172	0.7462992537	48.50745149	32.46266754
7.4627	50	13.0597	29.4776
14.9254	19.7761	42.9104	22.3881
0.3731	76.1194	11.5672	11.9403
38.806	0.7463	2.6119	57.8358
16.4179	17.5373	32.4627	33.5821
29.1044709	21.64177836	24.62687537	24.62687537
22.01492201	20.8955209	29.85072985	27.23882724
24.2537	19.7761	29.1045	26.8657
20.5224	25	28.7313	25.7463
27.6119	23.5075	23.5075	25.3731
