>tfdimers__MD00073
29.1339	25.1969	22.8346	22.8346
36.22053622	15.74801575	23.62202362	24.40942441
31.4961	22.8346	15.748	29.9213
40.15754016	15.74801575	22.04722205	22.04722205
35.4331	16.5354	25.1969	22.8346
37.7953	14.9606	17.3228	29.9213
29.9213	18.1102	27.5591	24.4094
48.81894882	13.38581339	17.32281732	20.47242047
51.96855197	8.661408661	18.8976189	20.47242047
38.5827	7.0866	40.9449	13.3858
30.7087	0	65.3543	3.937
3.1496	2.3622	89.7638	4.7244
81.1024	11.0236	3.1496	4.7244
0	1.5748	0	98.4252
1.5748	0.7874	0.7874	96.8504
87.4016	1.5748	0	11.0236
70.86617087	8.661408661	12.5984126	7.874007874
16.53541654	8.661408661	3.937003937	70.86617087
17.3228	56.6929	0	25.9843
91.3386	0.7874	0	7.874
0	0	0	100
0	0	0	100
85.8268	0	0	14.1732
65.35436535	7.086607087	21.25982126	6.299206299
28.3465	34.6457	14.9606	22.0472
25.98427402	26.77167323	15.74798425	31.4960685
39.3701	15.748	18.8976	25.9843
37.7953378	15.74801575	22.04722205	24.40942441
29.1339	18.8976	19.685	32.2835
