>tfdimers__MD00437
21.6049	33.0247	18.9815	26.3889
21.6049	34.5679	21.142	22.6852
21.2963	30.2469	22.5309	25.9259
24.6914	29.321	23.1481	22.8395
27.4691	17.9012	24.0741	30.5556
13.11728688	1.851898148	67.59253241	17.43828256
4.166695833	90.12340988	5.555594444	0.1542998457
0.3086003086	96.2963963	0.1543001543	3.240703241
86.11101389	11.57408843	1.851898148	0.462999537
0.463	10.1852	9.7222	79.6296
6.0185	57.0988	18.2099	18.6728
5.4012	2.6235	6.9444	85.0309
0.6173	35.8025	59.1049	4.4753
9.4136	52.4691	25.9259	12.1914
0.7716	98.7654	0	0.463
19.7531	35.9568	5.4012	38.8889
0.6173006173	96.6049966	1.08020108	1.697501698
21.9136	76.3889	0.3086	1.3889
11.8827	35.9568	14.8148	37.3457
11.7284	40.5864	32.0988	15.5864
7.716007716	61.72846173	21.45062145	9.104909105
21.75927824	36.72836327	18.05558194	23.45677654
20.679	31.6358	22.5309	25.1543
23.9198	30.8642	21.4506	23.7654
21.9136	32.4074	21.142	24.537
18.20988179	30.86416914	23.3024767	27.62347238
