>tfdimers__MD00273
25.64102564	20.51282051	26.4957265	27.35042735
26.9231	17.094	26.4957	29.4872
25.64102564	23.93162393	23.07692308	27.35042735
27.7778	18.3761	26.4957	27.3504
28.20512821	20.51282051	27.35042735	23.93162393
40.5982594	8.11969188	28.63247137	22.64957735
26.4957	20.0855	37.6068	15.812
26.0684	2.1368	23.0769	48.7179
0	0	99.5726	0.4274
13.6752	0	77.3504	8.9744
0.8547	0	90.5983	8.547
1.282098718	0.4273995726	97.86310214	0.4273995726
75.641	15.3846	7.6923	1.2821
1.282098718	15.38458462	0.4273995726	82.90591709
28.6325	2.5641	2.5641	66.2393
100	0	0	0
0	1.7094	0	98.2906
0	100	0	0
28.6325	24.359	0.8547	46.1538
20.0855	19.2308	32.4786	28.2051
22.6496	24.359	23.9316	29.0598
24.359	17.9487	26.4957	31.1966
22.2222	21.3675	25.2137	31.1966
27.77777222	22.64957735	22.64957735	26.92307308
