>tfdimers__MD00590
24.85447515	23.77967622	26.69057331	24.67527532
25.7053	20.9584	27.8101	25.5262
25.3471	21.3614	28.7953	24.4962
24.2723	19.2566	29.9597	26.5114
25.2575	21.3614	28.4371	24.944
28.4819	12.3153	31.9301	27.2727
24.2275	30.2732	26.5114	18.9879
40.97625902	17.55488245	29.24317076	12.22568777
27.13837286	3.493096507	50.38064962	18.98788101
14.3305	0.403	83.6991	1.5674
22.5258	12.4048	51.2315	13.8379
51.58974841	4.03049597	10.65828934	33.72146628
1.11959888	8.32959167	84.19161581	6.359193641
3.985696014	1.074798925	2.14959785	92.78990721
5.1948	1.7913	76.2203	16.7936
6.2248	2.687	28.6162	62.472
1.5674	10.0761	74.4738	13.8827
6.5383	2.7318	10.3896	80.3403
0.4926	8.6431	28.1236	62.7407
11.7331	2.06	45.768	40.4389
10.3	8.4192	12.4496	68.8312
5.2844	9.0013	55.0381	30.6762
13.74831375	14.73351473	37.93103793	33.58713359
15.67398433	17.1965828	32.64666735	34.48276552
11.4196	24.4514	26.0188	38.1102
23.3318	20.0179	27.0936	29.5567
23.2871	20.6001	25.6605	30.4523
24.36182436	18.36091836	27.004027	30.27323027
23.24227676	20.37617962	27.13837286	29.24317076
24.944	20.1075	26.4219	28.5266
