>tfdimers__MD00348
29.878	20.122	19.5122	30.4878
26.21952622	20.73172073	23.17072317	29.87802988
29.2683	24.3902	20.7317	25.6098
29.87802988	18.9024189	22.56102256	28.65852866
19.5122	23.1707	25	32.3171
23.78047622	10.36588963	39.02436098	26.82927317
1.829298171	24.999975	22.56097744	50.60974939
4.2683	4.878	5.4878	85.3659
0	0	0	100
0	0	0	100
100	0	0	0
1.2195	17.6829	0	81.0976
0	100	0	0
0	14.0244	0	85.9756
33.53656646	40.85365915	25.60977439	0
48.1707	51.8293	0	0
100	0	0	0
0	42.68294268	24.39022439	32.92683293
40.85365915	20.12197988	0	39.02436098
30.4878	23.1707	20.7317	25.6098
27.439	31.7073	14.0244	26.8293
29.2683	30.4878	14.6341	25.6098
24.999975	25.60977439	14.02438598	35.36586463
32.92683293	21.95122195	17.68291768	27.43902744
