>tfdimers__MD00556
19.9597	29.2339	28.629	22.1774
20.3629	28.0242	29.6371	21.9758
17.74191774	36.08873609	25.6048256	20.56452056
18.75001875	38.1048381	24.19352419	18.95161895
17.7419	36.8952	21.7742	23.5887
0	0	28.629	71.371
0	18.5484	81.4516	0
10.6855	58.871	30.4435	0
31.0484	17.5403	43.9516	7.4597
3.629	96.371	0	0
0	100	0	0
0	94.1532	5.8468	0
2.621	75.8065	8.4677	13.1048
15.3226	53.0242	26.8145	4.8387
0	0	0	100
0	1.2097	98.7903	0
19.95968004	30.84676915	29.03227097	20.16127984
1.6129	61.8952	18.75	17.7419
10.48388952	47.78225222	20.36287964	21.37097863
20.1613	30.8468	20.1613	28.8306
13.9113	34.6774	27.0161	24.3952
20.36292036	28.83062883	25.4032254	25.4032254
18.9516	31.0484	29.6371	20.3629
21.9758	32.0565	25.6048	20.3629
