>tfdimers__MD00290
28.8732	24.6479	19.0141	27.4648
16.1972	30.2817	27.4648	26.0563
26.0563	35.2113	23.2394	15.493
25.35207465	29.57747042	23.94367606	21.12677887
24.64787535	23.94367606	23.94367606	27.46477254
19.01411901	34.50703451	20.42252042	26.05632606
23.94367606	30.28166972	30.28166972	15.49298451
23.2394	19.0141	33.8028	23.9437
14.78871479	37.32393732	37.32393732	10.56341056
0	74.6479	14.0845	11.2676
51.40844859	23.94367606	1.408498592	23.23937676
3.5211	83.0986	5.6338	7.7465
0	0	0	100
0	0	0	100
0	100	0	0
0	100	0	0
0	0	0.7042	99.2958
0	0	99.2958	0.7042
9.1549	2.1127	0	88.7324
3.521103521	33.8028338	17.60561761	45.07044507
4.225395775	81.69001831	12.67608732	1.408498592
21.831	33.0986	0	45.0704
17.6056	27.4648	22.5352	32.3944
19.7183	30.2817	26.0563	23.9437
11.9718	39.4366	26.7606	21.831
20.42252042	28.87322887	19.71831972	30.98593099
19.01408099	33.0985669	23.94367606	23.94367606
14.08451408	37.32393732	20.42252042	28.16902817
21.1268	33.8028	17.6056	27.4648
