>tfdimers__MD00187
37.33333733	18.000018	19.33331933	25.33332533
31.3333	20	14	34.6667
26	21.3333	16	36.6667
28	19.3333	22.6667	30
30	21.3333	22.6667	26
56	0	4.6667	39.3333
0	0	100	0
100	0	0	0
0	0	0	100
58.6667	0	2	39.3333
44.66665533	8.666691333	36.66666333	9.99999
9.99999	36.66666333	8.666691333	44.66665533
39.3333	2	0	58.6667
100	0	0	0
0	0	0	100
0	100	0	0
39.3333	4.6667	0	56
26	22.6667	21.3333	30
30	22.6667	19.3333	28
36.6667	16	21.3333	26
34.6667	14	20	31.3333
25.33332533	19.33331933	18.000018	37.33333733
