>tfdimers__MD00206
25.5061	23.0769	26.3158	25.1012
25.9109	22.2672	24.2915	27.5304
25.1012	24.6964	24.2915	25.9109
31.1741	21.8623	20.6478	26.3158
30.7692	19.8381	22.6721	26.7206
46.15384615	27.12552713	26.72062672	0
0	2.834	15.7895	81.3765
0	0	100	0
0	0	0	100
0	0	0	100
0	0	0	100
0	0	100	0
0	93.5223	6.4777	0
21.4575	0.8097	0	77.7328
0	21.0526	61.5385	17.4089
87.8543	0	0	12.1457
24.2915	16.5992	35.6275	23.4818
25.1012	22.2672	29.9595	22.6721
27.9352	17.8138	24.2915	29.9595
29.55467045	23.48177652	21.45747854	25.50607449
30.7692	24.2915	22.2672	22.6721
