>tfdimers__MD00449
27.27272727	24.70862471	24.70862471	23.31002331
28.20512821	21.67832168	22.61072261	27.50582751
26.57342657	20.04662005	27.27272727	26.10722611
25.17482517	24.94172494	25.17482517	24.70862471
24.47552448	21.44522145	20.97902098	33.1002331
4.662004662	13.98601399	43.82284382	37.52913753
2.5641	0.4662	80.4196	16.5501
9.324	0.2331	81.5851	8.8578
22.3776	7.4592	57.1096	13.0536
36.5967366	22.14452214	23.07692308	18.18181818
25.8741	13.2867	5.1282	55.711
6.0606	0.6993	3.4965	89.7436
7.2261	4.1958	1.3986	87.1795
0.9324	80.4196	1.3986	17.2494
5.1282	93.9394	0	0.9324
4.1958	87.6457	0.2331	7.9254
0.4662	98.6014	0	0.9324
72.9604	1.3986	3.7296	21.9114
3.2634	3.4965	8.8578	84.3823
11.18881119	37.2960373	17.71561772	33.7995338
12.5874	18.4149	11.4219	57.5758
13.7529	23.0769	12.3543	50.8159
21.21212121	28.43822844	20.51282051	29.83682984
26.34032634	24.47552448	19.58041958	29.6037296
22.61072261	27.97202797	18.88111888	30.53613054
27.97202797	24.47552448	19.81351981	27.73892774
25.87412587	24.47552448	22.84382284	26.80652681
