>tfdimers__MD00249
29.34627065	21.27957872	25.86927413	23.5048765
24.4784	23.2267	28.0946	24.2003
28.23367177	21.83587816	25.73017427	24.2002758
27.67732768	20.02782003	27.53822754	24.75662476
27.9555	25.3129	24.8957	21.8359
30.3199	29.9026	27.2601	12.5174
29.06817093	28.92907107	19.33238067	22.67037733
41.8637	17.5243	16.2726	24.3394
27.5382	47.0097	24.3394	1.1127
64.9513	11.4047	6.3978	17.2462
0	0	100	0
0	0	100	0
100	0	0	0
27.6773	0	0	72.3227
11.4047	47.9833	38.8039	1.8081
91.3769	0.1391	1.2517	7.2323
1.251701252	8.623108623	88.87348887	1.251701252
1.2517	97.4965	1.1127	0.1391
53.12935313	14.46451446	1.390801391	31.01533102
14.7427	17.8025	51.8776	15.5772
27.6773	23.5049	26.0083	22.8095
24.6175	21.1405	27.5382	26.7038
26.0083	19.4715	28.9291	25.5911
23.64392364	24.33942434	26.00832601	26.00832601
27.53822754	21.41862142	23.5049235	27.53822754
