>tfdimers__MD00422
22.4	31.68	20.16	25.76
23.68	26.88	22.56	26.88
23.04	29.76	23.84	23.36
23.68	27.2	23.2	25.92
24.48	22.24	24.16	29.12
12.16	32.64	33.76	21.44
15.2	47.68	20	17.12
20.8	52.96	5.12	21.12
29.44	32	13.28	25.28
23.04	21.76	13.92	41.28
38.72	4	27.84	29.44
19.04	28.48	40.64	11.84
0.8	70.08	28.64	0.48
0.8	94.4	3.68	1.12
26.72	28.8	1.6	42.88
0.16	95.52	4	0.32
1.12	94.4	3.04	1.44
37.76	21.76	5.12	35.36
12.16	21.6	21.44	44.8
11.52	77.28	0.8	10.4
0	0.16	0.48	99.36
0.32	0.96	97.28	1.44
13.44	13.6	2.24	70.72
7.04	35.52	20.8	36.64
6.88	78.08	9.76	5.28
21.76	28.32	0.64	49.28
18.72	28.8	22.24	30.24
20.64	28.8	28.96	21.6
20.64	29.92	24.64	24.8
19.2	31.2	20.64	28.96
25.12	31.04	19.04	24.8
21.76	31.52	20	26.72
21.6	28.64	23.36	26.4
