>tfdimers__MD00122
32.8446	16.129	21.4076	29.6188
29.0323	24.3402	24.6334	21.9941
29.0323	22.2874	21.4076	27.2727
34.8974	22.5806	20.2346	22.2874
31.085	21.1144	20.2346	27.566
50.1466	7.3314	35.7771	6.7449
36.36363636	0.5865005865	61.29036129	1.75950176
44.28145572	0.8797991202	54.54544545	0.2932997067
6.744893255	83.28441672	8.504391496	1.466298534
78.5924	6.4516	2.0528	12.9032
49.5601	2.346	12.61	35.4839
5.5718	0	94.1349	0.2933
19.9413	24.0469	8.7977	47.2141
9.9707	51.9062	18.7683	19.3548
45.16125484	0.2932997067	12.60998739	41.93545806
0	2.346	97.654	0
45.7478	12.9032	32.2581	9.0909
77.4194	0	22.5806	0
4.6921	95.3079	0	0
87.68321232	2.052797947	0.2932997067	9.970690029
21.7009	17.5953	33.7243	26.9795
32.25806774	7.331392669	44.57475543	15.83578416
19.35481935	26.97952698	22.58062258	31.08503109
32.25806774	24.34017566	18.47508152	24.92667507
23.7537	23.7537	27.2727	25.2199
29.912	22.2874	24.0469	23.7537
31.3783	22.5806	22.2874	23.7537
