>tfdimers__MD00309
24.7475	28.7879	21.9697	24.4949
20.95957904	31.81816818	21.71717828	25.50507449
19.4444	30.8081	22.2222	27.5253
19.697	32.0707	28.0303	20.202
19.1919	28.2828	22.9798	29.5455
20.202	31.8182	26.5152	21.4646
14.6465	41.4141	11.6162	32.3232
17.1717	33.0808	25.5051	24.2424
15.404	16.9192	38.1313	29.5455
0.2525002525	93.43439343	3.282803283	3.03030303
0.5051	99.4949	0	0
91.9192	2.5253	0.2525	5.303
2.02019798	1.515198485	28.53537146	67.92923207
9.848490152	64.8989351	17.67678232	7.575792424
1.515198485	0	0.5050994949	97.97970202
1.7677	1.2626	94.4444	2.5253
25.2525	31.0606	36.8687	6.8182
12.6263	67.9293	3.0303	16.4141
3.03029697	93.68680631	0.5050994949	2.777797222
2.525297475	44.6969553	0.5050994949	52.27264773
1.767701768	43.43434343	11.36361136	43.43434343
16.4141	8.0808	16.9192	58.5859
14.899	32.5758	49.4949	3.0303
16.41411641	50.25255025	20.45452045	12.87881288
27.2727	45.9596	7.8283	18.9394
19.4444	55.5556	13.3838	11.6162
16.9192	40.404	14.1414	28.5354
12.1212	44.9495	11.8687	31.0606
12.37371237	25.000025	21.21212121	41.41414141
13.3838	31.0606	35.8586	19.697
23.2323	58.5859	7.3232	10.8586
16.16161616	38.38383838	15.15151515	30.3030303
22.2222	32.0707	20.202	25.5051
18.1818	30.303	19.697	31.8182
20.2020202	31.31313131	21.21212121	27.27272727
21.7172	31.8182	22.2222	24.2424
24.49492449	30.80813081	18.43431843	26.26262626
