>tfdimers__MD00093
21.53432153	30.41723042	19.11171911	28.93672894
25.43742544	28.93672894	19.24631925	26.37952638
20.323	31.2248	21.9381	26.5141
22.34187766	31.22476878	20.18837981	26.24497376
24.7645	28.1292	20.1884	26.9179
11.3055	43.7416	27.0525	17.9004
16.5545	41.9919	23.0148	18.4388
15.2086	30.2826	28.2638	26.245
21.53427847	42.7994572	28.66757133	6.998693001
4.7106	56.6622	0	38.6272
0	100	0	0
100	0	0	0
0.2692	76.9852	10.9017	11.8439
9.95959004	77.52352248	5.518194482	6.998693001
1.2113	0	0.1346	98.6541
0	0	99.5962	0.4038
0.6729	50.3365	0	48.9906
0.2692	46.0296	15.3432	38.358
0	98.3849	1.6151	0
15.8816	34.5895	0.1346	49.3943
16.6891	30.821	25.4374	27.0525
23.5532	25.0336	25.7066	25.7066
22.0727	28.8022	26.6487	22.4764
21.93807806	31.22476878	23.14937685	23.68777631
23.55317645	29.87887012	22.88017712	23.68777631
