>tfdimers__MD00486
22.75497725	33.3042667	20.31387969	23.62687637
27.027	29.0323	20.401	23.5397
21.88317812	33.39146661	18.74458126	25.98077402
22.2319	33.0427	15.4316	29.2938
17.61118239	34.43766556	21.70877829	26.24237376
0	100	0	0
0	100	0	0
100	0	0	0
0	100	0	0
38.1866	57.8901	3.9233	0
0	0	0	100
5.231	0	0	94.769
0	100	0	0
9.3287	57.1927	0	33.4786
20.05227995	38.18656181	6.713193287	35.04796495
22.1447	31.735	20.5754	25.5449
21.796	32.8684	20.9241	24.4115
21.5344	30.6888	21.0113	26.7655
20.0523	32.5196	22.3191	25.109
23.1037	31.3862	19.7908	25.7193
