>tfdimers__MD00178
23.7624	27.2984	28.8543	20.0849
21.7822	23.4795	29.8444	24.8939
24.89392489	24.61102461	29.56152956	20.93352093
27.43992744	22.34792235	35.5021355	14.71001471
22.63082263	40.87694088	26.87412687	9.618109618
0	100	0	0
98.1612	0	1.8388	0
0	14.5686	69.4484	15.983
33.0976	47.6662	19.2362	0
0	2.6874	0	97.3126
0	0	100	0
0.1414001414	0.1414001414	99.57579958	0.1414001414
0	99.71719972	0.1414001414	0.1414001414
0.5658	99.0099	0.2829	0.1414
23.0552	36.9165	6.9307	33.0976
13.71991372	28.28852829	34.08773409	23.9038239
26.7327	21.075	40.1697	12.0226
26.87407313	16.12448388	44.55445545	12.44698755
19.23621924	13.2956133	51.76805177	15.7001157
8.0622	41.1598	41.3013	9.4767
27.4399	28.5714	21.075	22.9137
23.1966	29.5615	23.4795	23.7624
22.6308	27.2984	28.9958	21.075
21.07497893	29.42007058	24.75247525	24.75247525
22.34792235	27.86422786	25.45972546	24.32812433
