>tfdimers__MD00140
27.6808	22.4439	19.9501	29.9252
26.1845	22.6933	20.1995	30.9227
26.18452618	22.44392244	17.70571771	33.66583367
27.6808	19.4514	17.9551	34.9127
35.4115	24.1895	11.4713	28.9277
23.9401	0	0	76.0599
0	27.4314	0	72.5686
0	100	0	0
51.6209	0	0	48.3791
0	45.3865	22.6933	31.9202
0	0	0	100
0	0	0	100
100	0	0	0
100	0	0	0
0	0	37.4065	62.5935
0	100	0	0
24.1895	35.9102	2.2444	37.6559
17.207	28.9277	18.2045	35.6608
24.4389	31.6708	13.7157	30.1746
24.6883	20.9476	16.4589	37.9052
24.18952419	17.70571771	22.94262294	35.16213516
