>tfdimers__MD00575
32.4561	21.0526	16.6667	29.8246
26.3158	17.5439	21.0526	35.0877
35.96493596	21.05262105	21.05262105	21.92982193
39.4737	14.0351	14.9123	31.5789
44.7368	14.9123	25.4386	14.9123
53.5088	11.4035	22.807	12.2807
100	0	0	0
0	100	0	0
100	0	0	0
100	0	0	0
0	0	0	100
33.3333	13.1579	25.4386	28.0702
32.4561	26.3158	23.6842	17.5439
34.2105	24.5614	18.4211	22.807
53.50874649	2.631597368	25.43857456	18.42108158
20.1754	0	79.8246	0
0	7.0175	78.9474	14.0351
100	0	0	0
100	0	0	0
86.8421	0	0	13.1579
35.96493596	8.771908772	10.52631053	44.73684474
0.8772	16.6667	23.6842	58.7719
32.4561	15.7895	28.9474	22.807
39.47366053	16.66668333	15.78948421	28.07017193
23.6842	17.5439	23.6842	35.0877
31.57893158	20.17542018	20.17542018	28.07022807
32.4561	15.7895	15.7895	35.9649
