>tfdimers__MD00545
28.4483	20.6897	29.3103	21.5517
33.1897	15.0862	18.1034	33.6207
26.7241	25.431	21.9828	25.8621
27.5862	21.9828	26.2931	24.1379
29.74137026	25.86207414	21.12067888	23.27587672
37.06896293	39.65516034	0	23.27587672
34.48276552	0.8620991379	2.586197414	62.06893793
16.81031681	15.08621509	0	68.1034681
0	0	0	100
0	0	100	0
0	3.0172	72.4138	24.569
0	0	100	0
0.431	0	99.569	0
100	0	0	0
92.2414	0	0.431	7.3276
9.0517	10.3448	79.7414	0.8621
15.9483	12.5	11.6379	59.9138
30.1724	17.2414	27.1552	25.431
36.20693621	18.1034181	26.72412672	18.96551897
32.7586	22.4138	19.3966	25.431
29.31032931	17.24141724	26.72412672	26.72412672
31.0345	20.6897	21.5517	26.7241
