>tfdimers__MD00295
24.0418	25.2613	24.9129	25.784
22.8223	22.9965	27.5261	26.6551
25.6098	25.4355	24.7387	24.216
27.1777	25.6098	24.0418	23.1707
26.65507334	24.73867526	20.38327962	28.22297178
15.8537	27.3519	16.2021	40.5923
6.6202	63.4146	7.4913	22.4739
11.67248833	44.42505557	5.226494774	38.67596132
1.7422	94.4251	1.3937	2.439
45.6446	20.5575	1.0453	32.7526
30.83623084	4.52960453	42.68294268	21.95122195
14.2857	0	84.4948	1.2195
1.3937	0.1742	97.3868	1.0453
1.916398084	0.8710991289	95.2961047	1.916398084
40.2439	16.2021	34.8432	8.7108
40.76655923	31.18466882	11.14978885	16.8989831
5.052294948	29.96517003	3.484296516	61.4982385
0	0	0	100
4.5296	0	0	95.4704
0	100	0	0
18.1185	53.1359	0	28.7456
22.9965	36.4111	9.4077	31.1847
30.1394	25.4355	19.338	25.0871
32.0557	19.6864	24.7387	23.5192
23.6934	26.4808	24.9129	24.9129
24.0418	27.1777	20.3833	28.3972
25.08712509	23.17072317	24.39022439	27.35192735
