>tfdimers__MD00320
28.0757	24.6057	20.9779	26.3407
24.1325	23.5016	23.1861	29.1798
27.2871	21.1356	21.9243	29.653
28.5489	26.3407	18.2965	26.8139
28.2334	25.5521	14.511	31.7035
4.88959511	17.35018265	0	77.76022224
0	100	0	0
0	23.1861	0	76.8139
42.9022	25.7098	31.388	0
48.4227	51.5773	0	0
100	0	0	0
0	15.2997	25.2366	59.4637
69.5584	14.511	0	15.9306
78.07577808	3.47000347	4.574104574	13.88011388
5.362794637	59.77914022	29.02207098	5.835994164
95.5836	1.735	1.4196	1.2618
92.7445	2.8391	3.1546	1.2618
65.4574	2.0505	5.6782	26.8139
37.8549	3.1546	52.9968	5.9937
32.4921	18.612	45.8991	2.9968
40.8517	28.0757	20.6625	10.4101
46.05684606	22.71292271	18.92741893	12.3028123
39.27443927	22.71292271	24.60572461	13.40691341
30.91483091	23.34382334	21.60882161	24.13252413
31.2303	22.5552	24.4479	21.7666
32.4921	23.0284	20.5047	23.9748
26.97162697	24.44792445	24.13252413	24.44792445
30.5994	20.347	21.6088	27.4448
28.86437114	22.87067713	23.02837697	25.23657476
29.0221	22.5552	23.0284	25.3943
