>tfdimers__MD00444
27.3393	22.62	23.7592	26.2815
29.3735	22.2945	22.7828	25.5492
29.6176	21.2368	21.8063	27.3393
26.76972677	22.53862254	24.16602417	26.52562653
28.3157	27.7461	25.2238	18.7144
66.07	0	13.5883	20.3417
11.7982	0	85.6794	2.5224
97.6404	0	2.3596	0
31.8959	3.8242	16.6802	47.5997
83.3198	5.8584	5.3702	5.4516
97.0708	0	1.2205	1.7087
0	0.4068	99.5932	0
0	100	0	0
0	100	0	0
0.1627001627	38.64933865	1.871401871	59.31655932
24.6542	25.061	21.2368	29.048
24.166	21.5622	24.4101	29.8617
26.2001738	24.97967502	23.75917624	25.06097494
28.7225	20.9927	23.8405	26.4443
25.46787453	24.97967502	22.94547705	26.60697339
27.90887209	24.49147551	21.48087852	26.11877388
