>tfdimers__MD00429
30.46876953	17.96878203	22.91667708	28.64577135
31.51043151	16.40621641	22.65622266	29.42712943
30.20833021	20.83332083	23.95832396	25.000025
30.20833021	17.44791745	23.6979237	28.64582865
26.82287318	21.09377891	24.47917552	27.6041724
28.9062	24.4792	10.9375	35.6771
29.9479	18.4896	22.3958	29.1667
35.9375	18.4896	13.0208	32.5521
45.8333	4.9479	16.6667	32.5521
0	0	100	0
0	0	100	0
0	0	100	0
76.82297682	10.15621016	0	13.02081302
5.7292	0	0	94.2708
0	0	0	100
55.9896	0	0	44.0104
59.375	0	0	40.625
0	0	0	100
0	19.0104	0.2604	80.7292
20.31252031	23.6979237	14.58331458	41.40624141
25.2604	22.9167	17.4479	34.375
28.12502813	22.65622266	20.31252031	28.90622891
19.5312	21.6146	21.0938	37.7604
23.4375	20.3125	22.9167	33.3333
