>tfdimers__MD00577
33.0589	18.979	19.0613	28.9008
32.2355	20.2964	18.6085	28.8596
35.035	18.0733	18.9378	27.9539
34.0881	17.9909	20.914	27.007
35.6937	16.0148	20.2141	28.0774
14.9032851	42.11605788	28.07737192	14.9032851
65.9119	3.9522	0	30.1359
16.2207	2.923	0.6587	80.1976
14.3269	50.4734	30.5476	4.6521
97.2005	0.494	0	2.3055
94.0305	2.0173	2.5113	1.4409
92.5072	0.1235	6.7106	0.6587
82.8324	12.4331	2.429	2.3055
23.7135	0.0823	19.7612	56.443
8.8514	5.3108	78.9625	6.8753
35.73486427	43.18645681	14.86208514	6.216593783
92.3837	6.5459	0.1235	0.9469
77.1511	5.0638	10.0041	7.781
47.5093	14.4092	21.4903	16.5912
35.1585	20.4611	16.8382	27.5422
35.85836414	17.12638287	20.91397909	26.1012739
35.1173	18.732	20.7081	25.4426
37.7522	18.0321	18.4438	25.7719
34.95266505	19.26718073	20.46107954	25.31907468
35.3232	20.3788	17.9909	26.3071
33.8823	19.3495	19.2672	27.501
