>tfdimers__MD00430
33.0579	23.1405	13.2231	30.5785
23.9669	23.1405	19.0083	33.8843
27.2727	18.1818	17.3554	37.1901
21.4876	21.4876	17.3554	39.6694
29.7521	22.314	14.876	33.0579
19.0083	14.876	17.3554	48.7603
15.7025	10.7438	13.2231	60.3306
0	0	0	100
16.5289	0	83.4711	0
0	0	0	100
0	3.3058	6.6116	90.0826
0	0	0	100
37.1901	4.1322	54.5455	4.1322
0	100	0	0
0	16.5289	0	83.4711
0	0	0	100
0	0	0	100
0	0	42.9752	57.0248
100	0	0	0
45.45454545	0.8264008264	15.7025157	38.01653802
28.0992	18.1818	21.4876	32.2314
32.2314	17.3554	10.7438	39.6694
32.2314	14.876	17.3554	35.5372
31.405	14.876	17.3554	36.3636
28.0992	19.8347	17.3554	34.7107
