>tfdimers__MD00141
27.5482	19.2837	21.3499	31.8182
25.6198	20.5234	20.6612	33.1956
25.75757424	22.72727727	21.34987865	30.16526983
30.3030303	19.83471983	18.87051887	30.99173099
27.41047259	23.82917617	23.002777	25.75757424
8.53990854	7.851207851	14.87601488	68.73286873
21.6253	10.3306	43.5262	24.5179
62.25893774	6.887093113	17.63088237	13.22308678
11.4325	18.0441	52.6171	17.9063
0.8264	1.1019	0.551	97.5207
5.371894628	88.15421185	2.203897796	4.26999573
97.9339	0.6887	0.1377	1.2397
16.6667	33.3333	33.3333	16.6667
1.2397	0.1377	0.6887	97.9339
4.26999573	2.203897796	88.15421185	5.371894628
97.5207	0.551	1.1019	0.8264
17.9063	52.6171	18.0441	11.4325
13.22308678	17.63088237	6.887093113	62.25893774
24.5179	43.5262	10.3306	21.6253
68.73286873	14.87601488	7.851207851	8.53990854
25.75757424	23.002777	23.82917617	27.41047259
30.99173099	18.87051887	19.83471983	30.3030303
30.16526983	21.34987865	22.72727727	25.75757424
33.1956	20.6612	20.5234	25.6198
31.8182	21.3499	19.2837	27.5482
