>tfdimers__MD00058
24.6020246	26.33862634	20.26052026	28.7988288
22.8654	28.2923	21.1288	27.7135
21.6353	29.0883	19.6093	29.6671
25.6874	28.9436	19.8263	25.5427
25.5427	27.1346	19.3922	27.9305
19.2475	31.259	23.9508	25.5427
18.6686	37.699	12.5904	31.042
18.3068	30.8973	22.2865	28.5094
16.3531	13.6035	39.0014	31.042
4.2692	86.1795	4.3415	5.2098
0.1447	99.4935	0.1447	0.2171
90.521	1.2301	0.1447	8.1042
0.1447	0.9407	20.2605	78.6541
6.801706802	66.78736679	19.1027191	7.308207308
3.4732	3.0391	0.4342	93.0535
0.2894	13.7482	70.1158	15.8466
2.604902605	3.473203473	11.07091107	82.85098285
1.51950152	95.73089573	1.51950152	1.23010123
2.9667	0.6512	0.2171	96.165
7.5977	20.767	60.0579	11.5774
17.43848256	28.07527192	20.26047974	34.22576577
20.1158	43.8495	19.3198	16.7149
18.5239	33.7916	11.7221	35.9624
22.8654	26.3386	21.2012	29.5948
21.78002178	26.77282677	22.28652229	29.16062916
24.31262431	28.43702844	20.04342004	27.20692721
23.3719	25.6874	21.7077	29.233
24.0955	27.3517	22.1418	26.411
