>tfdimers__MD00195
36.1851	18.2328	17.5316	28.0505
38.14866185	15.70828429	16.26928373	29.87377013
40.8135	13.6045	15.568	30.014
43.61845638	14.86678513	17.53158247	23.98317602
37.72793773	15.56801557	18.51331851	28.19072819
53.2959	15.8485	18.9341	11.9215
51.4727	19.3548	1.122	28.0505
98.0365	0.8415	0.8415	0.2805
81.06598107	9.957909958	7.293107293	1.683001683
95.7924	0.4208	2.5245	1.2623
0	70.1262	0.4208	29.453
98.7377	0.8415	0	0.4208
64.5161	14.3058	6.7321	14.446
85.97471403	2.664797335	10.93968906	0.4207995792
0	3.7868	0	96.2132
100	0	0	0
100	0	0	0
90.18239018	0	1.683001683	8.134608135
39.4109	10.6592	11.9215	38.0084
48.8079	4.3478	26.9285	19.9158
38.0084	16.8303	18.3731	26.7882
41.2342	15.1473	16.4095	27.209
37.1669	16.8303	17.6718	28.331
40.8135	15.568	15.9888	27.6297
35.6241	18.9341	15.007	30.4348
38.2889	16.2693	16.129	29.3128
