>tfdimers__MD00489
31.6279	21.3953	19.0698	27.907
30.23256977	25.58137442	13.02328698	31.16276884
32.55813256	23.72092372	21.3953214	22.32562233
30.6976693	18.6046814	19.99998	30.6976693
24.18602419	23.25582326	20.46512047	32.09303209
20.4651	16.7442	9.3023	53.4884
15.814	34.4186	17.2093	32.5581
25.1163	0	2.3256	72.5581
0	0	100	0
0	13.9535	0	86.0465
0	0	0	100
0	100	0	0
0	100	0	0
39.5349	0	0	60.4651
0	73.4884	11.1628	15.3488
0	0	0	100
0	0	0	100
16.2791	24.186	13.0233	46.5116
20.9302	27.907	14.4186	36.7442
17.6744	32.093	17.2093	33.0233
28.3721	23.2558	16.7442	31.6279
28.3721	24.186	19.0698	28.3721
