>tfdimers__MD00359
28.1868	22.7177	18.3845	30.711
25.326	22.7177	18.9735	32.9828
26.2095	22.0025	17.4169	34.3711
23.6012	22.8019	19.3521	34.2448
25.03157497	21.66597833	17.71138229	35.59106441
27.13502714	22.84392284	26.75642676	23.26462326
25.2419	29.4068	21.077	24.2743
7.993292007	31.55236845	5.342894657	55.11144489
0	0	0	100
1.8511	0	0	98.1489
0	100	0	0
26.84057316	35.2965647	0	37.86286214
16.49138351	36.72696327	6.899493101	39.88216012
0.1683	1.7669	0.1262	97.9386
0.9255	0.0421	11.2747	87.7577
16.82791683	7.278107278	29.23852924	46.65544666
0.6731	98.78	0.2524	0.2945
37.8208	29.533	1.5987	31.0475
23.6853	35.8856	9.7181	30.711
53.51285351	31.34203134	6.142206142	9.002909003
58.3929	7.4043	13.4203	20.7825
12.8313	24.9474	23.2646	38.9567
20.6563	27.3033	14.3879	37.6525
26.6723	27.5137	10.3071	35.5069
29.0282	22.1287	18.9314	29.9117
25.9992	23.3908	19.0576	31.5524
28.6916	23.3067	17.4169	30.5848
28.0185	20.8246	18.2583	32.8986
28.1447	23.8957	17.2486	30.711
