>tfdimers__MD00023
25.0892	26.3131	21.2647	27.333
24.68132468	27.84292784	22.43752244	25.03822504
23.45742346	26.10912611	23.45742346	26.97602698
23.1515	28.8118	22.0296	26.0071
22.8965	27.129	21.8766	28.0979
20.3468	29.8317	26.925	22.8965
16.9811	38.6028	15.0943	29.3218
17.6950823	31.66746833	22.94747705	27.68997231
19.1739	13.8195	40.5405	26.4661
3.1617	86.7415	4.1815	5.9153
0.153	99.796	0	0.051
94.13569414	0.5609005609	0.051000051	5.252405252
2.447702448	0.8159008159	20.65272065	76.08367608
9.281	69.8113	11.1678	9.7399
5.6094	0.7139	1.4278	92.2489
0.408	0.9179	96.3794	2.2947
1.1729	80.6221	15.7573	2.4477
8.975	5.7624	0.255	85.0076
2.4987	32.9424	58.7965	5.7624
64.9159	7.2922	4.5895	23.2024
19.02088098	25.8031742	33.0953669	22.08057792
25.4972	25.3442	21.9276	27.231
23.6104	26.2621	23.6104	26.5171
23.2024	26.7721	22.3355	27.69
26.1091	24.7323	22.1826	26.976
