>tfdimers__MD00078
32.287	17.4888	19.2825	30.9417
23.7668	23.7668	25.1121	27.3543
25.1121	23.3184	21.5247	30.0448
24.6637	22.87	19.7309	32.7354
18.8341	24.2152	18.3857	38.565
8.5202	38.565	20.6278	32.287
6.278	61.435	2.2422	30.0448
17.04038296	2.242197758	0.8968991031	79.82052018
0.4484	7.1749	2.2422	90.1345
1.7937	0.8969	3.5874	93.722
7.6233	34.0807	49.7758	8.5202
43.0493	8.5202	1.3453	47.0852
29.5964	4.0359	10.7623	55.6054
53.8117	8.5202	17.9372	19.7309
12.1076	4.0359	1.3453	82.5112
2.2422	8.0717	81.1659	8.5202
3.138996861	56.95064305	12.55608744	27.35427265
6.278	4.4843	1.3453	87.8924
90.583	5.8296	3.5874	0
97.75789776	0.4484004484	0	1.793701794
2.242197758	0	1.345298655	96.41250359
1.345301345	3.587403587	16.59191659	78.47537848
76.6816	1.3453	17.0404	4.9327
30.0448	22.87	38.565	8.5202
10.7623	40.8072	18.8341	29.5964
17.0404	12.1076	11.6592	59.1928
23.3184	15.2466	30.9417	30.4933
26.9058	19.7309	21.5247	31.8386
27.3543	20.6278	13.9013	38.1166
25.5605	18.3857	19.7309	36.3229
32.28696771	21.52467848	17.04038296	29.14797085
26.9058	29.5964	17.0404	26.4574
30.49326951	18.83408117	17.48878251	33.18386682
26.9058	21.9731	21.9731	29.148
