>tfdimers__MD00072
26.2295	22.9508	18.8525	31.9672
40.16394016	15.57381557	22.13112213	22.13112213
27.8689	18.0328	22.9508	31.1475
23.7705	19.6721	27.8689	28.6885
33.60656639	18.85248115	23.77047623	23.77047623
33.60656639	14.75408525	18.85248115	32.78686721
21.31147869	27.04917295	21.31147869	30.32786967
35.24586475	13.11478689	9.016390984	42.62295738
22.9508	27.0492	13.1148	36.8852
23.7705	17.2131	19.6721	39.3443
37.7049377	4.918004918	8.196708197	49.18034918
83.60651639	0.8196991803	6.557393443	9.016390984
1.6393	95.082	0	3.2787
86.8852	0.8197	2.459	9.8361
20.4918	0	0.8197	78.6885
0.8197	1.6393	96.7213	0.8197
6.5574	4.918	0	88.5246
41.8032582	9.836090164	4.098395902	44.26225574
25.40982541	25.40982541	22.95082295	26.22952623
58.1967582	7.377007377	25.40982541	9.016409016
36.8852	2.459	59.8361	0.8197
79.5082	0	20.4918	0
4.098395902	89.34421066	4.098395902	2.458997541
70.4918	6.5574	3.2787	19.6721
28.6885	4.0984	7.377	59.8361
3.278696721	0.8196991803	95.08190492	0.8196991803
14.75411475	28.68852869	10.65571066	45.9016459
12.2951	40.1639	20.4918	27.0492
22.13112213	29.50822951	13.93441393	34.42623443
31.9672	19.6721	23.7705	24.5902
34.4262	12.2951	26.2295	27.0492
31.9672	17.2131	23.7705	27.0492
26.22952623	22.13112213	14.75411475	36.88523689
29.5082	22.1311	18.0328	30.3279
