>tfdimers__MD00510
38.7324	14.0845	18.3099	28.8732
27.46477254	15.49298451	21.83097817	35.21126479
31.6901	18.3099	20.4225	29.5775
35.91546408	18.30988169	16.1971838	29.57747042
36.6197	16.9014	19.0141	27.4648
0	0	15.493	84.507
45.7746	0	26.7606	27.4648
0	0	0	100
0	0	0	100
100	0	0	0
0	43.662	0	56.338
56.338	0	43.662	0
0	0	0	100
100	0	0	0
100	0	0	0
27.4648	26.7606	0	45.7746
84.507	15.493	0	0
27.4648	19.0141	16.9014	36.6197
29.57747042	16.1971838	18.30988169	35.91546408
29.5775	20.4225	18.3099	31.6901
35.21126479	21.83097817	15.49298451	27.46477254
28.8732	18.3099	14.0845	38.7324
