>tfdimers__MD00360
32.89296711	20.34347966	19.02248098	27.74107226
30.77936922	19.41878058	18.75828124	31.04356896
27.7411	16.1162	21.6645	34.4782
33.0251	13.4742	19.9472	33.5535
26.9485	12.9458	31.9683	28.1374
7.6618	28.0053	5.5482	58.7847
22.9855	0	0	77.0145
100	0	0	0
100	0	0	0
31.3078	0	1.7173	66.9749
0	0	100	0
95.6407	0.5284	1.7173	2.1136
2.642	1.1889	1.0568	95.1123
23.9102	33.4214	1.7173	40.9511
48.74504875	1.981501982	0.6605006605	48.61294861
43.9894	2.642	18.6262	34.7424
45.3104	23.5139	7.1334	24.0423
31.7040683	22.32497768	16.90888309	29.06207094
33.81766618	19.15458085	17.04098296	29.98677001
32.89296711	18.62618137	19.68298032	28.7978712
34.61026539	18.22988177	20.47557952	26.68427332
31.96826803	19.28668071	19.15458085	29.59047041
