>tfdimers__MD00435
23.36827663	29.16997083	20.06447994	27.3972726
24.3352	29.7341	17.4053	28.5254
23.8517	28.606	19.2587	28.2836
22.3207	31.1845	19.1781	27.3167
22.8848	32.635	15.7937	28.6865
20.145	30.5399	12.1676	37.1475
23.12652313	25.06042506	8.460908461	43.35214335
39.08136092	31.42626857	10.71718928	18.77518122
2.9815	0.0806	3.1426	93.7953
0	99.8388	0.0806	0.0806
0	100	0	0
0	100	0	0
10.55598944	17.24418276	0.0805999194	72.11922788
24.4963755	59.30694069	15.63258437	0.5640994359
79.2909	0.8864	0	19.8227
11.523	39.4037	45.7695	3.3038
14.1015	73.4891	0.1612	12.2482
7.091092909	75.58412442	6.607593392	10.71718928
0.7252	51.0073	13.6986	34.5689
22.3207	32.1515	15.9549	29.5729
22.8042	26.5915	24.7381	25.8662
21.5149	29.4923	23.61	25.3828
22.64302264	31.50683151	19.9033199	25.94682595
22.9654	30.3787	19.7421	26.9138
