>tfdimers__MD00246
30.3571	22.2222	23.0159	24.4048
30.35713036	16.66671667	24.20632421	28.76982877
25.79367421	17.46028254	27.57937242	29.16667083
32.9365	19.246	24.8016	23.0159
33.3333	16.0714	21.627	28.9683
24.0079	17.6587	38.2937	20.0397
35.7143	11.1111	33.7302	19.4444
1.3889	10.9127	54.1667	33.5317
27.7778	25	46.0317	1.1905
82.3413	0.3968	0.3968	16.8651
66.86503313	0.9920990079	1.19049881	30.95236905
0	0.3968	0	99.6032
24.2063	0.7937	0.5952	74.4048
61.50796151	6.746006746	0.5952005952	31.15083115
38.8889	16.6667	44.0476	0.3968
61.5079	27.5794	10.9127	0
75.1984	6.3492	17.6587	0.7937
2.1825	7.3413	24.4048	66.0714
51.9841	0.3968	37.1032	10.5159
70.43642956	4.365095635	7.142892857	18.05558194
9.127	48.6111	35.3175	6.9444
94.0476	2.5794	0.5952	2.7778
90.07930992	2.380997619	3.968296032	3.571396429
57.73804226	2.380997619	7.341292659	32.53966746
42.8571	3.5714	46.4286	7.1429
29.9603	17.6587	46.627	5.754
40.6746	21.4286	25	12.8968
43.4524	19.0476	22.4206	15.0794
35.7143	23.0159	24.0079	17.2619
27.7778	26.3889	21.0317	24.8016
34.3254	20.0397	20.6349	25
31.1508	20.6349	23.0159	25.1984
30.3571	19.0476	22.8175	27.7778
29.3651	21.0317	22.0238	27.5794
33.1349	19.6429	22.619	24.6032
31.746	18.0556	24.2063	25.9921
