>tfdimers__MD00017
27.2871	20.5047	24.1325	28.0757
27.4448	19.2429	22.5552	30.7571
28.70662871	21.13562114	23.34382334	26.81392681
26.02522603	16.56151656	28.23342823	29.17982918
26.3407	19.0852	25.2366	29.3375
28.3912	21.7666	16.0883	33.7539
28.8644	19.7161	22.082	29.3375
32.17666782	24.60567539	17.98108202	25.23657476
33.75393375	3.943203943	26.4984265	35.8044358
0	0	100	0
0	0	100	0
0	0	100	0
100	0	0	0
0	0	0	100
0	0	0	100
100	0	0	0
0	0	0	100
16.08831609	33.5962336	27.12932713	23.18612319
22.3974776	20.66247934	21.76657823	35.17346483
23.65932366	21.60882161	24.29022429	30.44163044
26.3407	22.082	25.0789	26.4984
29.653	19.0852	23.6593	27.6025
