>tfdimers__MD00576
22.3684	21.7105	28.9474	26.9737
22.36842237	31.57893158	23.02632303	23.02632303
28.9474	23.6842	19.7368	27.6316
32.89473289	23.68422368	21.05262105	22.36842237
26.3158	22.3684	27.6316	23.6842
31.57893158	24.34212434	23.02632303	21.05262105
28.2895	19.7368	27.6316	24.3421
4.6053	48.0263	14.4737	32.8947
26.3158	37.5	20.3947	15.7895
15.1316	3.2895	6.5789	75
0.6579	7.2368	86.1842	5.9211
0.6578993421	3.947396053	5.921094079	89.47361053
1.973698026	93.42100658	2.631597368	1.973698026
0	0.6579	0.6579	98.6842
10.52631053	9.210509211	69.07896908	11.18421118
23.0263	3.2895	61.8421	11.8421
56.57895658	7.236807237	34.21053421	1.973701974
0	96.0526	0	3.9474
39.4737	19.0789	5.2632	36.1842
17.7632	0	9.8684	72.3684
0	0	100	0
1.9737	52.6316	0	45.3947
2.6316	59.2105	0	38.1579
13.8158	34.2105	1.9737	50
22.3684	27.6316	23.6842	26.3158
28.2895	28.2895	19.7368	23.6842
27.63162763	19.73681974	19.73681974	32.89473289
28.94737105	29.60527039	17.76318224	23.68417632
25	22.3684	25	27.6316
