>tfdimers__MD00097
32.9082	16.0714	22.7041	28.3163
34.4388	17.0918	22.449	26.0204
38.0102	14.5408	23.4694	23.9796
36.7347	14.5408	23.4694	25.2551
36.2245	11.7347	28.8265	23.2143
41.0714	8.9286	37.7551	12.2449
67.602	9.1837	21.9388	1.2755
59.6939	15.3061	13.0102	11.9898
62.5	0.5102	13.5204	23.4694
82.1429	6.1224	7.9082	3.8265
98.4694	0.2551	0	1.2755
37.2449	0.2551	0	62.5
24.4898	1.5306	7.6531	66.3265
50	3.8265	33.4184	12.7551
71.1735	6.1224	22.7041	0
0	0	100	0
0	0	100	0
100	0	0	0
99.2347	0	0	0.7653
21.1735	15.8163	63.0102	0
27.80612781	17.09181709	13.26531327	41.83674184
36.9898	14.2857	24.7449	23.9796
42.8571	13.2653	22.9592	20.9184
35.4592	17.0918	21.4286	26.0204
37.5	15.051	19.3878	28.0612
