>tfdimers__MD00416
33.046	18.1034	19.8276	29.023
27.01147299	19.25288075	20.68967931	33.04596695
35.05746494	18.39078161	19.25288075	27.2988727
30.1724	17.5287	20.6897	31.6092
27.58622759	22.12642213	19.54021954	30.74713075
25.8621	13.2184	13.2184	47.7011
35.9195	4.023	38.7931	21.2644
17.8161	8.046	49.4253	24.7126
2.2989	6.3218	0.8621	90.5172
13.7931	10.3448	8.6207	67.2414
75.5747	4.8851	5.7471	13.7931
63.50576351	15.22991523	5.747105747	15.51721552
4.5977	4.8851	0.5747	89.9425
31.8966	12.3563	24.4253	31.3218
57.7586	3.4483	22.1264	16.6667
4.022995977	2.298897701	2.873597126	90.8045092
3.4483	8.6207	1.7241	86.2069
86.2069	1.7241	8.6207	3.4483
90.8045092	2.873597126	2.298897701	4.022995977
16.6667	22.1264	3.4483	57.7586
31.3218	24.4253	12.3563	31.8966
89.9425	0.5747	4.8851	4.5977
15.51721552	5.747105747	15.22991523	63.50576351
13.7931	5.7471	4.8851	75.5747
67.2414	8.6207	10.3448	13.7931
90.5172	0.8621	6.3218	2.2989
24.7126	49.4253	8.046	17.8161
21.2644	38.7931	4.023	35.9195
47.7011	13.2184	13.2184	25.8621
30.74713075	19.54021954	22.12642213	27.58622759
31.6092	20.6897	17.5287	30.1724
27.2988727	19.25288075	18.39078161	35.05746494
33.04596695	20.68967931	19.25288075	27.01147299
29.023	19.8276	18.1034	33.046
