>tfdimers__MD00579
28.2723	30.6283	19.3717	21.7277
31.6754	26.7016	19.8953	21.7277
30.3665	26.7016	18.0628	24.8691
27.2251	29.0576	18.0628	25.6545
26.7016	27.7487	23.5602	21.9895
32.4607	30.1047	18.8482	18.5864
32.46073246	21.72772173	24.08382408	21.72772173
34.2932	19.6335	25.9162	20.1571
31.4136	30.3665	12.8272	25.3927
51.5707	1.8325	19.1099	27.4869
48.4293	20.6806	15.9686	14.9215
0	100	0	0
0	100	0	0
88.7435	0	11.2565	0
0	100	0	0
100	0	0	0
0	0	69.1099	30.8901
0	100	0	0
72.2513	0	0	27.7487
32.46073246	40.83774084	2.094202094	24.60732461
45.8115	33.2461	0	20.9424
30.62826937	43.71725628	0.2617997382	25.39267461
33.2461	21.9895	21.2042	23.5602
20.94242094	31.67543168	24.34552435	23.03662304
28.0105	28.2723	19.1099	24.6073
28.2723	27.7487	20.4188	23.5602
25.91622592	30.36653037	20.68062068	23.03662304
