>tfdimers__MD00389
32.7526	19.8606	18.1185	29.2683
27.1777	19.5122	19.1638	34.1463
25.4355	17.0732	21.6028	35.8885
32.7526	15.331	24.7387	27.1777
27.1777	13.5889	32.7526	26.4808
8.362391638	24.04177596	9.407690592	58.18814181
0	0	0	100
93.3798	0	6.6202	0
100	0	0	0
7.3171	4.1812	5.9233	82.5784
13.58888641	43.20555679	16.02788397	27.17767282
74.56442544	9.756090244	9.407690592	6.271793728
0	0	0	100
0.3484	0.3484	5.2265	94.0767
42.50874251	1.393701394	31.70733171	24.39022439
25.43552544	32.05573206	12.1951122	30.31363031
39.7213	17.0732	28.5714	14.6341
21.6028	42.5087	1.3937	34.4948
68.2927	30.3136	1.3937	0
99.3031993	0.3484003484	0.3484003484	0
10.453	24.3902	21.9512	43.2056
26.8293	18.4669	21.6028	33.101
33.7979	17.0732	18.8153	30.3136
26.48077352	22.2996777	20.20907979	31.01046899
29.6167	21.6028	17.4216	31.3589
26.1324	20.5575	20.2091	33.101
