>tfdimers__MD00361
31.65653166	18.03991804	21.5958216	28.70772871
31.3096	19.6878	20.9887	28.0139
28.8812	19.8612	21.2489	30.0087
34.1717	19.0807	19.6878	27.0598
32.3504	18.5603	25.7589	23.3304
41.1101	26.6262	14.3105	17.9532
39.2888	13.7901	6.3313	40.5898
48.4822	12.5759	29.4883	9.4536
51.51774848	5.117094883	24.28447572	19.08068092
50.9107	12.4024	35.1258	1.5611
18.47351847	42.4978425	11.44841145	27.58022758
86.9037	10.1474	1.301	1.6479
78.8378	16.392	3.7294	1.0408
89.4189	1.2142	2.3417	7.0252
16.13181613	55.33395533	9.193409193	19.34081934
89.5924	0.1735	2.4284	7.8057
0	0	100	0
98.4389	0	1.5611	0
0	0	0	100
39.7225	2.6886	24.0243	33.5646
54.9002451	6.071093929	33.13096687	5.897694102
39.9827	12.5759	31.83	15.6114
29.2281	22.6366	22.8101	25.3252
30.6158	19.3408	24.3712	25.6722
28.1873	17.5195	25.9324	28.3608
31.5698	16.9991	23.7641	27.667
29.1414	18.1266	23.3304	29.4016
