>tfdimers__MD00461
23.5379	28.2838	25.1678	23.0105
21.81207819	27.03737296	26.36627363	24.78427522
23.2982	27.9482	26.558	22.1956
22.8667	27.1333	26.9895	23.0105
23.442	24.6884	25.8389	26.0307
16.395	35.2349	28.4276	19.9425
20.4698	33.0297	20.9971	25.5034
0.5752994247	98.46590153	0.6231993768	0.3355996644
20.56567943	0.3834996165	0.814999185	78.23582176
0.4314004314	17.64141764	66.25126625	15.67591568
6.28	41.4669	31.4957	20.7574
0.4314	77.325	1.0547	21.1889
12.9914	54.3624	4.7939	27.8523
18.9837	49.3289	10.6903	20.9971
26.0786	23.9214	23.9214	26.0786
20.9971	10.6903	49.3289	18.9837
27.8523	4.7939	54.3624	12.9914
21.1889	1.0547	77.325	0.4314
20.7574	31.4957	41.4669	6.28
15.67591568	66.25126625	17.64141764	0.4314004314
78.23582176	0.814999185	0.3834996165	20.56567943
0.3355996644	0.6231993768	98.46590153	0.5752994247
25.5034	20.9971	33.0297	20.4698
19.9425	28.4276	35.2349	16.395
26.0307	25.8389	24.6884	23.442
23.0105	26.9895	27.1333	22.8667
22.1956	26.558	27.9482	23.2982
24.78427522	26.36627363	27.03737296	21.81207819
23.0105	25.1678	28.2838	23.5379
