>tfdimers__MD00228
26.54032654	23.22272322	21.09002109	29.14692915
26.3033263	23.22272322	21.8009218	28.67302867
24.8815	26.5403	23.4597	25.1185
27.0142	23.6967	18.7204	30.5687
29.3839	18.0095	23.4597	29.1469
40.2844	19.9052	35.782	4.0284
29.6209	30.5687	22.2749	17.5355
2.132702133	73.45977346	23.22272322	1.184801185
68.7204	7.346	1.1848	22.7488
1.184801185	23.45972346	74.88157488	0.4739004739
23.6967	55.4502	19.1943	1.6588
2.1327	0	0	97.8673
0.237	0.7109	97.6303	1.4218
1.6588	69.6682	0.4739	28.1991
22.9858	0	0	77.0142
100	0	0	0
100	0	0	0
17.0616	0	13.5071	69.4313
7.109	0	74.1706	18.7204
34.3602	18.9573	29.3839	17.2986
34.1232	20.6161	25.8294	19.4313
28.91	22.9858	24.1706	23.9336
29.1469	21.09	22.9858	26.7773
28.673	23.9336	21.564	25.8294
