>tfdimers__MD00256
34.43713444	18.54301854	17.21851722	29.8013298
32.6159	16.8874	18.8742	31.6225
38.07946192	16.72188328	19.7019803	25.4966745
32.2848	20.8609	19.3709	27.4834
36.9205	14.404	10.4305	38.245
59.43704056	22.01987798	15.72848427	2.814597185
67.8808	13.245	1.3245	17.5497
56.29145629	1.158901159	39.07283907	3.476803477
0	0	0	100
100	0	0	0
100	0	0	0
95.86080414	1.986798013	1.49009851	0.6622993377
5.9603	14.2384	0	79.8013
96.8543	0	0	3.1457
74.0066	0	0	25.9934
10.43048957	4.635795364	5.297994702	79.63572036
8.1126	0	5.7947	86.0927
30.79466921	1.986798013	60.43043957	6.788093212
29.4702	22.351	19.5364	28.6424
33.77483377	18.21191821	19.20531921	28.80792881
33.2781	16.7219	18.3775	31.6225
42.2185	14.404	17.3841	25.9934
29.13907086	21.19207881	18.21188179	31.45696854
