>tfdimers__MD00077
23.32112332	30.52503053	23.07692308	23.07692308
22.83272283	27.59462759	23.44322344	26.12942613
20.39072039	30.03663004	22.22222222	27.35042735
27.96092796	28.93772894	24.17582418	18.92551893
20.51282051	43.58974359	20.51282051	15.38461538
0	100	0	0
100	0	0	0
6.349206349	29.67032967	35.8974359	28.08302808
0	78.8767	14.652	6.4713
0	0	0	100
0	0	100	0
8.4249	36.8742	2.6862	52.0147
0.4884	98.5348	0.6105	0.3663
94.7497	1.5873	0.2442	3.4188
2.442	70.8181	16.9719	9.768
16.3614	53.7241	8.3028	21.6117
9.2796	51.7705	6.5934	32.3565
11.9658	56.7766	16.9719	14.2857
48.22954823	24.78632479	8.913308913	18.07081807
8.547008547	30.76923077	36.996337	23.68742369
17.7045177	31.25763126	32.11233211	18.92551893
19.78021978	30.4029304	24.42002442	25.3968254
22.83272283	26.98412698	23.68742369	26.4957265
23.56532357	30.28083028	21.36752137	24.78632479
22.58852259	29.05982906	22.71062271	25.64102564
23.07692308	26.61782662	25.88522589	24.42002442
20.87912088	29.67032967	23.44322344	26.00732601
