>tfdimers__MD00026
26.47412647	19.01321901	23.58602359	30.92663093
26.3538	21.5403	23.4657	28.6402
28.7605	20.4573	19.8556	30.9266
26.23347377	23.34537665	23.1046769	27.31647268
27.9182	23.8267	22.3827	25.8724
32.37063237	19.01321901	24.18772419	24.42842443
20.2166	26.1131	29.9639	23.7064
22.864	14.6811	20.4573	41.9976
10.2286	16.8472	38.3875	34.5367
17.9302	20.2166	21.9013	39.9519
3.128796871	69.67503032	14.32008568	12.87608712
80.74601925	5.415194585	7.460892539	6.377893622
0	0	100	0
0	0.1203	0	99.8797
0	0	0	100
0	25.1504	0	74.8496
0	100	0	0
54.5126	0	0	45.4874
0	40.7942	26.7148	32.491
0	0	0	100
0	0.1203	0	99.8797
11.793	33.213	12.6354	42.3586
19.4946	34.296	13.3574	32.852
26.7148	22.864	19.2539	31.1673
26.59447341	22.5029775	18.77258123	32.12996787
24.9097	19.1336	19.7353	36.2214
