>tfdimers__MD00468
26.4706	29.4118	22.2222	21.8954
22.8758	24.8366	25.817	26.4706
27.451	27.7778	24.8366	19.9346
21.8954	28.4314	27.7778	21.8954
24.8366	26.4706	26.7974	21.8954
26.4706	22.549	23.2026	27.7778
20.2614	30.719	24.8366	24.183
23.2026	23.2026	25.1634	28.4314
22.54902255	20.58822059	24.83662484	32.02613203
32.0261	17.6471	41.1765	9.1503
35.2941	13.3987	34.3137	16.9935
0	99.3464	0.3268	0.3268
0.9804	98.6928	0.3268	0
59.8039	2.2876	37.2549	0.6536
0	100	0	0
41.5032585	28.75817124	15.68628431	14.05228595
14.05228595	15.68628431	28.75817124	41.5032585
0	0	100	0
0.6536	37.2549	2.2876	59.8039
0	0.3268	98.6928	0.9804
0.3268	0.3268	99.3464	0
16.9935	34.3137	13.3987	35.2941
9.1503	41.1765	17.6471	32.0261
32.02613203	24.83662484	20.58822059	22.54902255
28.4314	25.1634	23.2026	23.2026
24.183	24.8366	30.719	20.2614
27.7778	23.2026	22.549	26.4706
21.8954	26.7974	26.4706	24.8366
21.8954	27.7778	28.4314	21.8954
19.9346	24.8366	27.7778	27.451
26.4706	25.817	24.8366	22.8758
21.8954	22.2222	29.4118	26.4706
