>tfdimers__MD00243
30.4786	22.1662	17.3804	29.9748
30.9824	18.3879	19.8992	30.7305
32.2418	18.8917	16.1209	32.7456
28.96727103	23.42567657	16.62468338	30.98236902
21.6625	23.6776	16.1209	38.539
25.6927	20.9068	17.1285	36.272
55.1637	8.8161	14.3577	21.6625
15.869	11.8388	30.2267	42.0655
3.2746	6.5491	6.5491	83.6272
38.53903854	6.045306045	41.05794106	14.35771436
82.1159	8.5642	2.267	7.0529
4.2821	1.0076	2.0151	92.6952
14.6096	46.8514	6.2972	32.2418
93.7027063	0.7556992443	0.7556992443	4.785895214
6.5491	1.7632	4.534	87.1537
1.7632	12.0907	0	86.1461
98.9924	0	0	1.0076
89.4207	0	0	10.5793
1.7632	18.6398	4.0302	75.5668
13.3501	0	4.7859	81.864
43.82874383	4.282104282	41.05794106	10.83121083
32.74556725	21.91437809	17.38038262	27.95967204
24.937	20.9068	18.136	36.0202
28.21157179	19.3954806	18.89168111	33.5012665
32.24183224	18.63981864	15.36521537	33.75313375
27.204	23.6776	18.136	30.9824
