>tfdimers__MD00533
25.9542	23.6641	24.4275	25.9542
29.771	21.374	19.084	29.771
29.0076	25.9542	18.3206	26.7176
25.1908	24.4275	24.4275	25.9542
25.1908	22.9008	17.5573	34.3511
25.1908	22.1374	22.9008	29.771
17.55728244	35.11446489	20.61067939	26.71757328
9.16030916	19.84731985	10.68701069	60.30536031
24.4275	35.8779	38.1679	1.5267
60.3053	5.3435	3.8168	30.5344
5.3435	5.3435	4.5802	84.7328
7.633592366	0	13.74048626	78.62592137
1.5267	3.0534	85.4962	9.9237
77.0992	0	6.1069	16.7939
9.9237	6.8702	6.1069	77.0992
87.0229	0.7634	5.3435	6.8702
2.29009771	0.7633992366	3.816796183	93.12970687
0	0.7633992366	98.47320153	0.7633992366
4.5802	92.3664	3.0534	0
93.1298	0	0	6.8702
92.3664	0.7634	5.3435	1.5267
98.4733	1.5267	0	0
8.396908397	5.343505344	10.68701069	75.57257557
16.7939	29.0076	38.9313	15.2672
30.53436947	22.13737786	19.08398092	28.24427176
34.3511	24.4275	22.9008	18.3206
29.771	23.6641	20.6107	25.9542
26.71757328	20.61067939	24.42747557	28.24427176
19.084	22.1374	29.0076	29.771
