>tfdimers__MD00127
33.1378	15.8358	17.3021	33.7243
27.2727	20.2346	17.5953	34.8974
29.912	16.4223	15.2493	38.4164
33.72433372	19.06161906	16.71551672	30.4985305
32.8446	19.9413	17.3021	29.912
23.16717683	24.92667507	19.64808035	32.25806774
35.4839	0.5865	18.7683	45.1613
0	2.9326	97.0674	0
0	100	0	0
0	100	0	0
0	53.3724	0.5865	46.0411
43.695	23.7537	1.7595	30.7918
60.997039	3.519096481	28.73897126	6.744893255
0	0	0	100
100	0	0	0
100	0	0	0
90.02939003	4.985304985	2.639302639	2.346002346
54.8387	22.5806	11.1437	11.437
24.34017566	39.2961607	12.02348798	24.34017566
31.3783	23.4604	14.3695	30.7918
27.8592	16.4223	20.5279	35.1906
30.79176921	16.42228358	17.88858211	34.8973651
36.36363636	16.42231642	16.71551672	30.4985305
37.5367	14.0762	19.3548	29.0323
