>tfdimers__MD00175
30.28166972	21.12677887	24.64787535	23.94367606
30.2817	17.6056	22.5352	29.5775
31.6901	18.3099	26.7606	23.2394
24.6479	18.3099	28.169	28.8732
30.2817	18.3099	22.5352	28.8732
30.9859	13.3803	30.9859	24.6479
31.6901	32.3944	19.0141	16.9014
42.25345775	15.49298451	29.57747042	12.67608732
23.94367606	0	59.85914014	16.1971838
10.5634	0	88.7324	0.7042
15.493	8.4507	64.7887	11.2676
90.1408	2.1127	2.1127	5.6338
0	19.0141	69.0141	11.9718
30.9859	3.5211	4.2254	61.2676
4.9296	11.9718	0	83.0986
100	0	0	0
99.2958	0	0.7042	0
0	0	0	100
0	100	0	0
0	71.831	0.7042	27.4648
16.1971838	65.49293451	12.67608732	5.633794366
35.2113	23.9437	9.1549	31.6901
16.9014	24.6479	16.9014	41.5493
28.16902817	20.42252042	26.05632606	25.35212535
30.98593099	14.78871479	25.35212535	28.87322887
19.7183	23.9437	33.0986	23.2394
