>tfdimers__MD00092
20.8978	32.5851	16.4087	30.1084
21.4396	31.7337	16.9505	29.8762
21.05262105	32.27553228	20.35602036	26.31582632
21.6718	31.5789	17.1827	29.5666
18.808	30.7276	18.0341	32.4303
1.548	46.904	0	51.548
0	100	0	0
0	52.9412	0	47.0588
32.4303	65.5573	2.0124	0
32.8173	67.1827	0	0
100	0	0	0
0	45.743	5.4954	48.7616
0	100	0	0
8.9009	0	0	91.0991
0.3096	20.356	64.0867	15.2477
6.1146	44.7368	19.5046	29.644
0	76.935	0	23.065
15.63468437	51.00614899	4.489195511	28.86997113
14.8607	51.3158	9.2105	24.613
21.4396	34.0557	15.1703	29.3344
23.9164	29.5666	20.5882	25.9288
22.2136	30.5728	19.195	28.0186
20.2786	31.192	20.2012	28.3282
22.8328	29.257	20.6656	27.2446
