>tfdimers__MD00037
20.4268	27.7439	30.6911	21.1382
20.73172073	28.65852866	28.96342896	21.64632165
20.8333	28.0488	29.2683	21.8496
18.6992	29.878	28.4553	22.9675
25.000025	21.95122195	32.21543222	20.83332083
22.9675	9.3496	50	17.6829
25.9146	9.6545	52.7439	11.687
25.2033	0	74.7967	0
23.67887632	26.52437348	45.93495407	3.861796138
5.995905996	86.07728608	7.926807927	0
90.9553	0	0	9.0447
0	0	100	0
0	100	0	0
9.0447	0	0	90.9553
0	7.926807927	86.07728608	5.995905996
3.861796138	45.93495407	26.52437348	23.67887632
0	74.7967	0	25.2033
11.687	52.7439	9.6545	25.9146
17.6829	50	9.3496	22.9675
20.83332083	32.21543222	21.95122195	25.000025
22.9675	28.4553	29.878	18.6992
21.8496	29.2683	28.0488	20.8333
21.64632165	28.96342896	28.65852866	20.73172073
21.1382	30.6911	27.7439	20.4268
