>tfdimers__MD00303
27.6042	19.2708	25.2604	27.8646
32.03123203	18.75001875	23.43752344	25.78122578
29.16667083	21.61457839	21.87497813	27.34377266
30.20833021	19.53121953	26.82292682	23.43752344
30.4688	18.75	21.875	28.9062
53.38545339	30.20833021	16.40621641	0
63.28126328	0.2604002604	20.83332083	15.62501563
0	0	100	0
0	0	100	0
100	0	0	0
0	0	100	0
100	0	0	0
0	0	0	100
0	0	0	100
63.0208	0	0	36.9792
32.8125	14.0625	25.7812	27.3438
28.125	26.3021	22.3958	23.1771
45.0521	0.2604	0	54.6875
28.12502813	16.40621641	28.38542839	27.08332708
27.6042	22.3958	27.0833	22.9167
30.20833021	20.83332083	25.000025	23.95832396
36.45833646	15.88541589	20.83332083	26.82292682
31.5104	21.0938	20.8333	26.5625
