>tfdimers__MD00421
29.7927	17.0984	19.4301	33.6788
29.01552902	20.46632047	19.94821995	30.56993057
32.3834	19.9482	14.5078	33.1606
31.6062	13.7306	17.8756	36.7876
26.943	19.171	19.9482	33.9378
31.8653	13.9896	15.0259	39.1192
24.6114	15.8031	21.2435	38.342
16.3212	23.057	7.2539	53.3679
10.3627	8.2902	2.8497	78.4974
2.072502073	0.5181005181	3.626903627	93.78249378
7.772007772	22.02072202	38.6010386	31.60623161
26.6839	29.5337	11.399	32.3834
95.3368	0.7772	0	3.886
0.2590997409	0.7771992228	0.2590997409	98.7046013
2.0725	0	0.7772	97.1503
0.2591	7.772	1.2953	90.6736
0	100	0	0
0	100	0	0
1.813498187	9.844590155	0	88.34191166
3.3679	12.1762	60.1036	24.3523
30.56993057	3.108803109	6.217606218	60.1036601
26.6839	19.6891	19.9482	33.6788
29.5337	15.0259	20.7254	34.715
24.6114	21.5026	18.9119	34.9741
36.0104	19.171	18.9119	25.9067
26.6839	21.5026	20.4663	31.3472
