>tfdimers__MD00354
19.8758	32.2981	22.9814	24.8447
20.4969	35.4037	20.8075	23.2919
24.5342	27.6398	23.913	23.913
21.4286	28.5714	25.4658	24.5342
24.22362422	31.67703168	20.18632019	23.91302391
14.2857	37.5776	20.8075	27.3292
9.6273	0	0	90.3727
0	100	0	0
5.59009441	81.98751801	0	12.42238758
0	100	0	0
0	100	0	0
62.4224	13.354	5.2795	18.9441
14.9068	4.6584	65.8385	14.5963
25.46582547	5.27950528	63.35406335	5.900605901
14.5963	0.6211	84.1615	0.6211
33.2298	29.5031	31.3665	5.9006
17.7019	67.3913	14.2857	0.6211
70.80742919	1.863398137	0.3105996894	27.01857298
0.9317	1.2422	97.205	0.6211
24.53417547	19.25468075	35.4036646	20.80747919
20.18632019	29.19252919	34.47203447	16.14911615
24.8447	26.3975	26.087	22.6708
26.087	28.882	21.118	23.913
23.6024764	26.08697391	27.63977236	22.67077733
26.087	26.3975	28.5714	18.9441
22.36022236	23.6025236	30.12423012	23.91302391
