>tfdimers__MD00531
28.8	17.76	16.96	36.48
29.12	18.56	20.8	31.52
29.44	19.2	17.28	34.08
33.12	14.56	15.84	36.48
26.88	16.16	20.96	36
25.12	18.08	20.64	36.16
20.96	25.76	6.4	46.88
38.24	13.12	10.88	37.76
12.32	3.04	0.16	84.48
0.16	0	0	99.84
0.48	0	0.16	99.36
94.72	0	5.12	0.16
5.44	11.2	2.88	80.48
16.96	11.84	34.24	36.96
20.16	0	9.44	70.4
0	0	99.84	0.16
0.16	11.2	0.32	88.32
18.4	16.32	11.2	54.08
0	94.88	5.12	0
31.68	15.36	0.48	52.48
23.68	22.24	17.44	36.64
28.8	16	16.8	38.4
28.16	17.12	19.2	35.52
30.56	17.12	16.8	35.52
31.84	15.68	17.28	35.2
