>tfdimers__MD00379
23.90572391	29.96632997	28.61952862	17.50841751
24.24242424	27.27272727	23.23232323	25.25252525
21.88552189	29.96632997	28.28282828	19.86531987
22.22222222	31.64983165	25.58922559	20.53872054
28.95622896	25.58922559	21.54882155	23.90572391
15.48821549	31.64983165	34.00673401	18.85521886
16.4983165	49.83164983	12.79461279	20.87542088
17.17171717	37.71043771	19.19191919	25.92592593
8.754208754	13.46801347	45.79124579	31.98653199
0.6734	96.9697	2.0202	0.3367
0	100	0	0
96.633	0.3367	0.3367	2.6936
1.683501684	1.683501684	49.15824916	47.47474747
3.367	42.7609	50.1684	3.7037
12.7946	2.6936	14.8148	69.697
0	0	100	0
0	99.6633	0	0.3367
98.6532	1.0101	0	0.3367
18.18181818	35.69023569	37.03703704	9.090909091
18.51851852	47.47474747	26.93602694	7.070707071
15.15151515	34.68013468	24.57912458	25.58922559
14.14141414	22.8956229	46.8013468	16.16161616
5.723905724	37.03703704	40.06734007	17.17171717
16.83501684	35.35353535	25.25252525	22.55892256
27.94612795	24.24242424	26.26262626	21.54882155
19.86531987	30.3030303	24.91582492	24.91582492
25.25252525	28.28282828	24.24242424	22.22222222
23.56902357	26.26262626	29.29292929	20.87542088
25.92592593	23.56902357	25.92592593	24.57912458
