>tfdimers__MD00518
32.1499	20.5128	20.7101	26.6272
28.4023716	19.72388028	20.31557968	31.55816844
28.5996	21.499	21.499	28.4024
28.0079	23.2742	19.9211	28.7968
26.82447318	24.26037574	19.32938067	29.58577041
26.43	20.5128	15.7791	37.2781
24.8521	20.9073	16.7653	37.4753
24.65482465	25.24652525	14.2012142	35.8974359
2.7613	9.4675	1.9724	85.7988
0.5917	0	3.9448	95.4635
10.4536	21.6963	43.787	24.0631
2.7613	95.6607	0.789	0.789
54.0434	16.9625	1.3807	27.6134
6.5089	4.142	6.3116	83.0375
79.09277909	19.13211913	0.5917005917	1.183401183
99.21109921	0.1972001972	0.3945003945	0.1972001972
0.1972001972	99.40839941	0.1972001972	0.1972001972
11.04538895	11.24258876	4.930995069	72.78102722
16.96251696	7.100607101	40.03944004	35.8974359
13.0178	33.925	27.6134	25.4438
11.63708836	48.32345168	14.5956854	25.44377456
28.7968	22.8797	14.5957	33.7278
27.02167298	21.6962783	20.31557968	30.96646903
27.4162	21.3018	19.5266	31.7554
28.0079	21.1045	19.9211	30.9665
28.0079	21.8935	19.1321	30.9665
