>tfdimers__MD00432
28.57142857	21.58052158	20.66872067	29.17932918
25.22797477	22.49237751	18.84498116	33.43466657
23.4043	22.1884	17.6292	36.7781
34.0426	19.7568	15.5015	30.6991
31.307	20.6687	15.5015	32.5228
13.37388663	11.24618875	6.990893009	68.38903161
1.2158	0.304	13.6778	84.8024
33.4347	18.845	31.003	16.7173
16.4134	49.2401	10.3343	24.0122
72.03642796	15.1975848	11.55018845	1.215798784
10.94221094	2.431602432	30.3951304	56.23105623
91.48930851	3.343496657	1.51979848	3.647396353
98.17620182	0.303999696	0	1.51979848
2.7356	0.6079	0.6079	96.0486
0.9118990881	13.98178602	0.9118990881	84.19441581
7.5988	87.8419	1.2158	3.3435
5.7751	87.8419	0.6079	5.7751
14.8936	56.8389	12.766	15.5015
32.8267	17.0213	11.2462	38.9058
29.4833	20.6687	21.2766	28.5714
28.87537112	21.27657872	16.41338359	33.43466657
27.3556	21.5805	16.4134	34.6505
30.6991	22.4924	16.4134	30.3951
