>tfdimers__MD00428
29.6842	16.8421	27.4737	26
32.2105	18.4211	24.8421	24.5263
32.3158	17.1579	27.5789	22.9474
34.42106558	17.26318274	27.15787284	21.15787884
34.6316	14.6316	27.6842	23.0526
33.1579	9.5789	32.4211	24.8421
29.47367053	26.10527389	29.26317074	15.15788484
47.4737	14.7368	30.1053	7.6842
29.8947	2	56.6316	11.4737
16.5263	0	82.9474	0.5263
33.4737	6.3158	52.3158	7.8947
84.7368	1.4737	7.4737	6.3158
0.7368007368	9.052609053	87.47378747	2.736802737
28.8421	0	0.1053	71.0526
0.5263	0	99.3684	0.1053
99.1579	0.2105	0.5263	0.1053
29.89472989	1.894701895	60.00006	8.210508211
97.0526	1.6842	0.8421	0.4211
95.36849537	0.2105002105	3.578903579	0.8421008421
47.7895	0.3158	50.7368	1.1579
31.8947	17.7895	38.2105	12.1053
36.10526389	17.26318274	24.52627547	22.10527789
31.6842	18.3158	28.4211	21.5789
33.1579	19.5789	25.1579	22.1053
35.4737	18.1053	23.8947	22.5263
31.05263105	19.47371947	25.57892558	23.89472389
