>tfdimers__MD00281
32.6679	16.8784	18.3303	32.1234
32.5771	17.0599	18.2396	32.1234
31.4882	17.5136	17.6044	33.3938
31.1252	17.2414	18.6933	32.9401
35.2994647	17.87658212	18.87478113	27.94917205
54.0835	10.5263	17.9673	17.4229
59.98184002	7.259492741	20.68967931	12.06898793
64.4283	2.7223	30.5808	2.2686
16.1525	8.0762	73.9564	1.8149
8.8022	6.8058	29.8548	54.5372
0.6352	59.4374	6.8058	33.1216
22.95827704	72.95822704	2.268597731	1.814898185
93.1942	5.5354	0	1.2704
63.5209	5.8984	22.323	8.2577
0.2722	8.3485	0	91.3793
99.7278	0.1815	0	0.0907
99.9093	0	0	0.0907
82.57718258	0.0907000907	4.990904991	12.34121234
35.39023539	12.79491279	16.33391633	35.48093548
44.1924	10.7078	22.5953	22.5045
34.11983412	20.05442005	16.96911697	28.85662886
36.0254	14.1561	17.0599	32.7586
34.6642	15.608	17.2414	32.4864
32.0327	19.4192	19.873	28.6751
35.5717	18.6025	17.6044	28.2214
31.66966833	16.60618339	18.42108158	33.3030667
