>tfdimers__MD00549
25.24272524	21.35922136	20.38832039	33.00973301
31.068	21.3592	19.4175	28.1553
32.0388	15.534	26.2136	26.2136
32.0388	18.4466	22.3301	27.1845
30.0970699	23.3009767	19.41748058	27.18447282
50.48545049	13.59221359	14.56311456	21.35922136
33.00973301	20.38832039	21.35922136	25.24272524
25.2427	12.6214	36.8932	25.2427
37.8641	22.3301	22.3301	17.4757
25.2427	30.0971	5.8252	38.835
12.6214	10.6796	58.2524	18.4466
9.7087	71.8447	18.4466	0
7.767	0	1.9417	90.2913
3.8835	0	95.1456	0.9709
0.9709	0.9709	2.9126	95.1456
36.8932	2.9126	0	60.1942
90.2913	0	1.9417	7.767
81.55348155	6.796106796	1.941701942	9.708709709
34.9515	0.9709	9.7087	54.3689
17.4757	27.1845	45.6311	9.7087
84.466	3.8835	3.8835	7.767
0	0	0	100
0	6.7961	0	93.2039
100	0	0	0
65.0485	8.7379	17.4757	8.7379
27.1845	33.9806	10.6796	28.1553
17.4757	26.2136	15.534	40.7767
27.1845	25.2427	17.4757	30.0971
24.27182427	20.38832039	20.38832039	34.95153495
37.8641	10.6796	25.2427	26.2136
