>tfdimers__MD00258
24.57337543	24.57337543	25.93857406	24.91467509
26.96247304	21.84297816	26.96247304	24.23207577
27.64507235	22.86687713	23.89077611	25.5972744
29.35152935	20.47782048	21.84302184	28.32762833
31.3993	18.43	27.3038	22.8669
33.7884	20.8191	33.7884	11.6041
33.1058	11.9454	25.5973	29.3515
32.42316758	25.5972744	25.5972744	16.38228362
35.8362	25.9386	9.5563	28.6689
63.1399	12.9693	10.2389	13.6519
11.6041	3.7543	9.5563	75.0853
11.9454	6.8259	77.4744	3.7543
11.94538805	68.94193106	4.436895563	14.67578532
80.2048	6.4846	5.1195	8.1911
94.8805	0.3413	4.7782	0
90.78490922	1.365198635	3.071696928	4.778195222
3.413	2.7304	29.6928	64.1638
0	100	0	0
0	80.2048	0.6826	19.1126
4.0956	19.4539	11.6041	64.8464
0	100	0	0
0	71.6724	0	28.3276
12.9693	33.7884	0	53.2423
29.0102	23.8908	15.6997	31.3993
21.16042116	29.01022901	20.81912082	29.01022901
23.5495	26.2799	21.843	28.3276
27.3037727	22.86687713	23.89077611	25.93857406
24.57337543	24.57337543	23.89077611	26.96247304
26.2799	23.5495	19.7952	30.3754
