>tfdimers__MD00015
24.95837504	24.12647587	18.41378159	32.5013675
25.1248	23.6273	20.1886	31.0593
25.4021254	22.96172296	18.74651875	32.88963289
24.7366	22.6844	17.9146	34.6644
22.518	24.6256	18.8575	33.9989
22.73987726	27.23237277	19.91128009	30.11646988
28.7299	31.7249	17.1936	22.3516
11.8691	41.2091	24.8475	22.0743
0	6.8774	0.0555	93.0671
0	8.4859	0.1109	91.4032
0	0.1109001109	0.1109001109	99.77819978
0	98.0588	0	1.9412
56.5169	12.5901	1.6639	29.2291
1.8303	52.9673	22.1852	23.0172
2.274	1.442	0.4437	95.8403
1.386598613	1.053798946	1.719398281	95.84020416
0.8874	90.9595	1.1647	6.9884
1.7748	69.9945	0.2773	27.9534
3.6051	29.2845	6.2119	60.8985
3.5496	56.9052	12.091	27.4542
18.9129	22.7399	1.1647	57.1825
13.6994	19.8003	2.3849	64.1154
14.1985858	21.63057837	8.319491681	55.85134415
13.3666	31.4476	10.6489	44.5369
21.8525	25.2357	16.1398	36.772
26.62232662	24.29282429	18.13641814	30.94843095
25.513	23.6828	17.6927	33.1115
25.06932507	23.84912385	16.47251647	34.60903461
24.3483	22.6844	16.5835	36.3838
