>tfdimers__MD00424
22.8522	27.8351	25.2577	24.055
26.2887	24.5704	27.6632	21.4777
23.1958768	25.42957457	30.58416942	20.79037921
25.945	23.7113	28.866	21.4777
23.53952354	24.3986244	30.75603076	21.30582131
30.0687	18.0412	39.1753	12.7148
28.52227148	25.42957457	39.17526082	6.872893127
0	100	0	0
98.45369845	0.1718001718	0.3436003436	1.030901031
0	0	96.2199	3.7801
37.1134	27.1478	32.3024	3.4364
3.608203608	0	1.718201718	94.67359467
0	0	100	0
4.811	12.3711	74.7423	8.0756
18.04121804	27.49142749	24.22682423	30.24053024
8.2474	71.6495	11.512	8.5911
76.2887	14.7766	0.3436	8.5911
40.89345911	16.66668333	32.81786718	9.621990378
56.701	1.3746	37.457	4.4674
1.2027	3.9519	81.2715	13.5739
8.9347	16.8385	57.5601	16.6667
18.38488162	17.6975823	16.66668333	47.25085275
4.639195361	69.75943024	19.07218093	6.529193471
60.8247	18.5567	0.8591	19.7595
24.2268	20.1031	35.2234	20.4467
24.5704	24.9141	28.866	21.6495
26.11682612	23.1959232	28.52232852	22.16492216
25.7732	20.4467	29.0378	24.7423
22.16492216	23.36772337	30.75603076	23.71132371
