>tfdimers__MD00181
27.69227231	19.92308008	19.84618015	32.53846746
25.8077	18.5	17.4231	38.2692
22.88462288	20.00002	18.46151846	38.65383865
24.53847546	20.61537938	16.53848346	38.30766169
23.0769	24.0769	16.8077	36.0385
26.6538	31.3462	16.4231	25.5769
20.11537988	25.73077427	26.80767319	27.34617265
0.0769000769	11.26921127	0.1538001538	88.5000885
0	7.1923	0.0769	92.7308
0.0769	0.1154	0.0385	99.7692
0	96.1154	0	3.8846
27.9615	28.0385	1.8077	42.1923
13.6923	31.3462	22.1538	32.8077
0.3461996538	0.4230995769	0.3461996538	98.88450112
11.84618815	8.038491962	5.576894423	74.53842546
33.5	12.6538	0.5385	53.3077
1	13.7308	16.7692	68.5
25.46152546	11.26921127	49.57694958	13.69231369
12.6538	40.3462	14.1923	32.8077
84.19221581	14.23078577	0.3461996538	1.230798769
60.7692	10.4615	13.4231	15.3462
33.1154	18.8077	21.0769	27
28.9615	19.8846	18.2308	32.9231
27.7692	20.3462	20.1923	31.6923
30.8077	21.8077	19.2308	28.1538
29.5	20.4231	17.8846	32.1923
