>tfdimers__MD00288
39	14	18	29
28	23	13	36
39	18	18	25
38	15	12	35
35	16	23	26
70	2	28	0
51	12	0	37
65	0	0	35
0	0	0	100
0	0	0	100
89	2	9	0
0	96	0	4
74	0	0	26
0	100	0	0
100	0	0	0
98	0	0	2
20	0	4	76
45	6	22	27
31	19	32	18
36	7	21	36
31	21	16	32
35	10	20	35
31	11	19	39
28	12	37	23
35	17	15	33
