>tfdimers__MD00509
31	29	18	22
22	36	20	22
27	31	16	26
17	44	16	23
15	28	26	31
0	100	0	0
0	93	0	7
65	6	8	21
10	75	6	9
71	28	0	1
11	58	12	19
0	98	0	2
15	77	5	3
46	29	2	23
0	79	0	21
17	1	0	82
0	0	0	100
0	100	0	0
0	100	0	0
0	28	7	65
1	43	55	1
2	32	14	52
14	33	26	27
15	29	27	29
24	34	16	26
16	37	16	31
26	34	19	21
