>tfdimers__MD00505
28.7879	21.2121	24.2424	25.7576
25	21.9697	27.2727	25.7576
33.3333	16.6667	21.2121	28.7879
35.60606439	16.66668333	24.999975	22.72727727
25	25	25	25
25.75757424	25.75757424	29.54547045	18.93938106
25	30.303	22.7273	21.9697
50.7576	9.8485	15.1515	24.2424
24.2424	40.1515	31.8182	3.7879
74.24247424	5.303005303	3.03030303	17.42421742
0	0	100	0
0	0	100	0
100	0	0	0
0	0	0	100
71.9697	28.0303	0	0
100	0	0	0
100	0	0	0
62.8788	0	37.1212	0
0	0	100	0
0	31.81816818	41.66665833	26.51517348
31.8182	25	18.1818	25
28.03032803	20.45452045	27.27272727	24.24242424
31.81816818	25.75757424	12.87878712	29.54547045
38.6364	15.1515	20.4545	25.7576
26.51517348	21.96967803	26.51517348	24.999975
