>tfdimers__MD00167
21.7119	32.5678	28.6013	17.119
22.7557	30.8977	24.0084	22.3382
25.26097474	28.18367182	28.6012714	17.95408205
24.2171	23.1733	34.238	18.3716
17.11901712	32.77663278	27.34862735	22.75572276
17.95408205	46.97285303	27.13987286	7.933192067
65.1357	2.714	0.6263	31.524
0.6263	96.0334	3.3403	0
91.858	0	2.0877	6.0543
0	2.2965	97.7035	0
0	100	0	0
4.175395825	0.2087997912	0.2087997912	95.40700459
0	0.2088	99.7912	0
0	98.5386	0.6263	0.8351
19.83298017	54.90604509	5.219194781	20.04177996
12.1086	40.7098	28.81	18.3716
14.405	33.8205	34.8643	16.9102
9.6033	37.3695	35.0731	17.9541
16.9102	30.6889	38.4134	13.9875
11.0647	35.2818	33.6117	20.0418
19.833	31.7328	26.096	22.3382
20.2505	30.4802	27.7662	21.5031
20.87682088	30.27143027	27.34862735	21.5031215
17.95408205	28.6012714	29.22757077	24.21707578
18.3716	29.4363	31.524	20.6681
