>tfdimers__MD00282
27.57597242	22.38697761	19.12528087	30.91176909
28.169	22.0163	21.275	28.5397
27.5018725	24.01777598	20.9043791	27.57597242
30.7635	22.4611	18.7546	28.0208
27.57597242	24.46257554	20.38547961	27.57597242
26.68642669	26.38992639	20.75612076	26.16752617
27.2053	25.5745	19.9407	27.2795
46.0341	12.2313	10.6004	31.1342
99.9259	0.0741	0	0
99.9259	0	0.0741	0
0	0	24.2402	75.7598
0	100	0	0
10.3781	63.1579	0.3706	26.0934
15.3447	22.1646	1.6308	60.8599
2.9652	3.1134	5.4855	88.4359
1.630801631	1.037801038	3.632303632	93.6990937
2.298	47.8132	43.2172	6.6716
7.9318	7.5612	1.8532	82.6538
5.5597	29.9481	23.2765	41.2157
24.7591	33.8028	4.4477	36.9904
22.0904	14.6034	4.8184	58.4878
12.97258703	24.24017576	22.90587709	39.88136012
25.7969	23.7213	19.4218	31.06
26.6864	24.9815	18.0875	30.2446
25.3521	23.8695	20.4596	30.3188
27.9466	24.5367	18.6805	28.8362
25.5004	23.573	20.9044	30.0222
