>tfdimers__MD00285
39.7059	13.4804	15.1961	31.6176
36.0294	15.6863	20.3431	27.9412
37.4999625	18.13728186	18.62748137	25.73527426
35.5392	15.9314	19.6078	28.9216
38.9706	15.1961	18.8725	26.9608
50	11.0294	25.7353	13.2353
38.9706	34.5588	24.0196	2.451
48.5294	10.7843	5.3922	35.2941
40.6863	48.7745	8.0882	2.451
97.3039	0.2451	0.4902	1.9608
13.7255	2.9412	37.7451	45.5882
17.4019826	0.2450997549	1.225498775	81.12741887
93.13720686	2.205897794	0.4901995098	4.166695833
98.5294	0	1.4706	0
98.7745	0	0.2451	0.9804
9.0686	74.0196	11.2745	5.6373
99.2647	0.2451	0	0.4902
94.6078	0.2451	3.4314	1.7157
75	0.2451	7.1078	17.6471
42.402	3.9216	43.8725	9.8039
37.5	16.6667	37.9902	7.8431
48.0392	18.8725	16.4216	16.6667
37.9902	13.2353	22.549	26.2255
41.91175809	13.97058603	15.68628431	28.43137157
38.72546127	17.15688284	17.64708235	26.47057353
36.7647	19.3627	14.951	28.9216
38.7255	15.9314	19.8529	25.4902
