>tfdimers__MD00169
29.9838	21.8801	22.0421	26.094
30.6321	26.5802	19.7731	23.0146
30.7942	22.2042	20.9076	26.094
29.4976	25.2836	19.9352	25.2836
28.36302836	22.2042222	21.39382139	28.03892804
22.5284	25.9319	28.201	23.3387
21.8801	36.6288	13.4522	28.0389
20.0972	29.9838	19.1248	30.7942
11.18311118	11.50731151	41.16694117	36.14263614
5.348494652	77.30952269	6.645093355	10.6968893
0	99.6759	0	0.3241
93.03070697	0.1620998379	0.1620998379	6.645093355
2.4311	0.4862	13.4522	83.6305
11.3452	23.0146	13.9384	51.7018
22.69042269	4.213904214	2.269002269	70.82667083
24.31117569	11.02108898	42.13935786	22.52837747
33.8736	49.2707	13.7763	3.0794
82.8201	4.2139	4.7002	8.2658
36.3047	10.6969	15.5592	37.4392
47.97405203	14.26258574	17.5040825	20.25927974
57.8606	2.7553	6.9692	32.4149
9.4003	56.8882	29.3355	4.376
95.2998953	2.269002269	0.4862004862	1.944901945
89.9514	1.1345	8.2658	0.6483
84.2788	0.4862	3.7277	11.5073
29.3355	2.107	64.8298	3.7277
28.201	23.3387	41.4911	6.9692
34.35983436	25.93192593	22.04212204	17.66611767
34.0357	19.1248	23.5008	23.3387
27.39057261	22.52837747	23.66287634	26.41817358
26.7423	24.3112	23.5008	25.4457
27.39057261	21.88007812	24.95947504	25.76987423
