>tfdimers__MD00237
20.339	26.2712	25.4237	27.9661
20.339	31.3559	22.0339	26.2712
30.5085	13.5593	19.4915	36.4407
18.64408136	26.27117373	18.64408136	36.44066356
38.1356	4.2373	22.0339	35.5932
0	0	100	0
63.5593	0	36.4407	0
34.7458	0	65.2542	0
100	0	0	0
0	0	0	100
0	0	100	0
7.627107627	59.32205932	11.86441186	21.18642119
20.33897966	0	0.8474991525	78.81352119
88.98301102	0	10.16948983	0.8474991525
98.30500169	0.8474991525	0.8474991525	0
1.6949	0	0.8475	97.4576
9.322	0.8475	69.4915	20.339
42.3729	2.5424	37.2881	17.7966
0.8474991525	46.61015339	38.98306102	13.55928644
30.50846949	36.44066356	16.94918305	16.1016839
17.7966	40.678	26.2712	15.2542
38.13556186	16.1016839	22.88137712	22.88137712
25.4237	28.8136	23.7288	22.0339
23.72877627	24.57627542	22.88137712	28.81357119
27.9661	25.4237	23.7288	22.8814
17.7966178	25.42372542	27.11862712	29.66102966
22.8814	22.0339	25.4237	29.661
