>tfdimers__MD00539
26.9795	26.6862	27.8592	18.4751
25.51322551	28.44572845	25.21992522	20.82112082
21.99412199	31.96483196	24.63342463	21.40762141
26.393	24.9267	27.2727	21.4076
21.9941	27.8592	34.3109	15.8358
0	100	0	0
100	0	0	0
8.5044	20.5279	70.9677	0
11.437	71.261	7.0381	10.2639
0	0	0	100
0	0	100	0
2.932597067	80.64511935	7.331392669	9.090890909
0.2933	97.9472	0	1.7595
86.8035868	2.346002346	0	10.85041085
4.398804399	0.5865005865	31.08503109	63.92966393
7.0381	36.0704	26.0997	30.7918
17.5953	22.2874	12.0235	48.0938
12.0235	17.0088	28.1525	42.8152
15.5425	29.912	27.566	26.9795
22.2874	27.8592	25.8065	24.0469
22.2874	24.3402	29.3255	24.0469
20.8211	27.8592	26.393	24.9267
20.8211	26.6862	24.9267	27.566
