>tfdimers__MD00156
29.0941	16.5505	20.9059	33.4495
30.4878	18.2927	17.77	33.4495
30.31356969	20.20907979	20.38327962	29.09407091
36.7596	18.9895	17.0732	27.1777
29.09407091	17.94428206	18.29268171	34.66896533
18.98951899	28.74562875	14.28571429	37.97913798
0	0	0	100
94.5993	0	5.4007	0
100	0	0	0
5.923305923	3.484303484	4.703804704	85.88858589
6.097593902	39.02436098	6.271793728	48.60625139
0	0	0	100
94.7735	0	5.2265	0
100	0	0	0
6.097593902	2.090597909	4.181195819	87.63061237
17.4216	33.9721	10.8014	37.8049
34.669	16.0279	12.3693	36.9338
30.8362	17.77	21.2544	30.1394
32.5784	22.2997	19.6864	25.4355
27.87457213	21.25437875	16.37628362	34.49476551
31.8815	14.8084	19.338	33.9721
