>tfdimers__MD00463
25.35972536	20.32372032	24.46042446	29.85612986
29.8561	18.705	24.2806	27.1583
27.8777	21.5827	25.3597	25.1799
31.47483147	21.22302122	24.1007241	23.2014232
24.82012482	21.76262176	21.22302122	32.19423219
12.0504	17.446	12.4101	58.0935
0.7194	0	16.0072	83.2734
28.5971286	14.56831457	44.96404496	11.87051187
15.8273	50.1799	12.4101	21.5827
67.9856	15.8273	15.2878	0.8993
50.8993	1.259	14.0288	33.8129
74.4604	8.4532	6.6547	10.4317
99.28050072	0.5395994604	0	0.1798998201
38.4892	8.6331	24.8201	28.0576
0	0	100	0
0	0	100	0
0	0	100	0
50.1799	1.9784	30.7554	17.0863
55.2158	18.8849	24.1007	1.7986
39.7482	19.7842	23.2014	17.2662
27.1583	19.6043	23.9209	29.3165
29.13667086	17.62588237	23.56117644	29.67627032
35.0719	16.7266	24.6403	23.5612
31.65466835	18.16548183	25.17987482	24.999975
