>tfdimers__MD00592
42.029	25.3623	20.2899	12.3188
18.11591812	31.15943116	23.18842319	27.53622754
33.3333	13.7681	36.2319	16.6667
14.4928	44.9275	28.9855	11.5942
20.2899	26.087	29.7101	23.913
15.94201594	33.33333333	50.00005	0.7246007246
24.6377	40.5797	7.2464	27.5362
0.7246	84.7826	14.4928	0
70.2899	6.5217	0	23.1884
0	21.0145	78.9855	0
36.9565	34.058	28.9855	0
0.7246	0	0	99.2754
0	0	100	0
23.1884	50	2.1739	24.6377
14.4928	23.1884	27.5362	34.7826
0	100	0	0
100	0	0	0
6.521706522	34.05803406	23.91302391	35.50723551
0	61.5942	23.1884	15.2174
0	0	0	100
0	0	100	0
31.88406812	17.39128261	36.23186377	14.49278551
14.4928	26.8116	41.3043	17.3913
26.8116	15.2174	40.5797	17.3913
17.39131739	21.73912174	41.3043413	19.56521957
13.0435	34.7826	16.6667	35.5072
