>tfdimers__MD00145
26.5683	20.2952	22.5092	30.6273
27.6753	24.7232	21.7712	25.8303
28.0443	29.1513	14.3911	28.4133
32.8413	21.0332	16.6052	29.5203
24.3542	27.6753	18.8192	29.1513
33.57933358	24.72322472	11.07011107	30.62733063
24.72322472	22.14022214	19.92621993	33.21033321
12.17711218	34.68633469	13.28411328	39.85243985
16.97418303	36.16236384	11.80808819	35.05536494
51.2915	12.1771	17.3432	19.1882
4.428004428	61.62366162	11.80811181	22.14022214
7.3801	0.738	0	91.8819
0	0.738	0.738	98.524
0	98.893	0.369	0.738
0.369	98.524	0	1.107
2.583002583	10.7011107	1.845001845	84.87088487
2.582997417	55.71954428	26.1992738	15.4981845
8.4871	42.0664	7.0111	42.4354
2.952	6.6421	0.369	90.0369
1.107	5.1661	3.69	90.0369
4.428004428	0	0.738000738	94.83399483
6.2731	29.5203	44.2804	19.9262
67.5277	2.952	2.214	27.3063
24.3542	0.369	5.5351	69.7417
15.4981845	35.42436458	36.16236384	12.91508708
26.1993	25.4613	14.7601	33.5793
24.3542	22.1402	17.7122	35.7934
22.14022214	24.35422435	23.98522399	29.52032952
23.61622362	24.72322472	18.81921882	32.84133284
24.72322472	23.98522399	19.55721956	31.73433173
