>tfdimers__MD00198
26.87222687	24.22912423	18.94271894	29.95592996
25.9912	29.5154	14.978	29.5154
30.3965	25.1101	19.3833	25.1101
24.6696	24.2291	22.9075	28.1938
23.348	24.6696	20.2643	31.7181
16.7401	2.2026	30.837	50.2203
22.02642203	40.52864053	13.65641366	23.78852379
22.46697753	0.8810991189	0	76.65192335
85.46251454	0	1.321598678	13.21588678
100	0	0	0
0	0.8811	29.9559	69.163
0	100	0	0
7.489	48.4581	0	44.0529
3.524203524	39.20703921	15.41851542	41.85024185
0.4405004405	96.03529604	0	3.524203524
0.8811	8.37	0	90.7489
0.4405	20.2643	6.1674	73.1278
30.3965	34.3612	3.5242	31.7181
3.5242	8.8106	0	87.6652
0	95.5947	3.5242	0.8811
11.8943	11.0132	0	77.0925
4.4053	46.2555	31.2775	18.0617
6.6079	45.815	6.1674	41.4097
16.7401	29.9559	16.7401	36.5639
16.2996	28.1938	22.9075	32.5991
28.6344	26.4317	15.859	29.0749
28.1938	25.5507	20.2643	25.9912
25.9912	28.1938	20.2643	25.5507
