>tfdimers__MD00511
21.6	24.4	28.4	25.6
28.4	18.4	39.6	13.6
15.6	29.6	26.8	28
26	21.6	43.6	8.8
11.6	38.8	17.2	32.4
32.4	26.8	33.2	7.6
41.2	6.8	1.6	50.4
12	2.8	84.8	0.4
8.8	49.6	15.2	26.4
31.2	9.2	55.6	4
16.4	55.2	0.4	28
31.2	0.4	67.2	1.2
1.6	54.4	8.4	35.6
15.2	31.2	40.4	13.2
0.4	70	4.8	24.8
43.6	15.2	37.2	4
4	37.2	15.2	43.6
24.8	4.8	70	0.4
13.2	40.4	31.2	15.2
35.6	8.4	54.4	1.6
1.2	67.2	0.4	31.2
28	0.4	55.2	16.4
4	55.6	9.2	31.2
26.4	15.2	49.6	8.8
0.4	84.8	2.8	12
50.4	1.6	6.8	41.2
7.6	33.2	26.8	32.4
32.4	17.2	38.8	11.6
8.8	43.6	21.6	26
28	26.8	29.6	15.6
13.6	39.6	18.4	28.4
25.6	28.4	24.4	21.6
