>tfdimers__MD00425
29.6954297	22.58882259	22.08122208	25.63452563
29.1878	22.5888	27.4112	20.8122
27.665	21.5736	25.3807	25.3807
31.21826878	24.11167589	24.36547563	20.3045797
27.91877208	24.61927538	23.85787614	23.6040764
35.27923528	18.78171878	26.3959264	19.54311954
15.4822	61.9289	12.6904	9.8985
100	0	0	0
0	0	100	0
73.3503	11.6751	10.4061	4.5685
11.9289	76.9036	10.4061	0.7614
94.1624	2.7919	0.7614	2.2843
0	0	100	0
0	0	100	0
100	0	0	0
80.9645	0.2538	0	18.7817
30.2030302	8.883208883	60.91376091	0
13.7056	24.8731	7.1066	54.3147
39.0863	12.4365	28.1726	20.3046
25.1269	17.7665	37.0558	20.0508
26.3959	21.066	28.1726	24.3655
25.88832589	22.33502234	25.63452563	26.14212614
28.934	20.0508	26.6497	24.3655
29.4416	21.3198	24.1117	25.1269
