>tfdimers__MD00064
28.211	21.789	21.789	28.211
23.8532	23.8532	19.0367	33.2569
26.6055	19.9541	20.1835	33.2569
23.62387638	20.87157913	20.64217936	34.86236514
23.62387638	25.22937477	23.85317615	27.29357271
35.5505	20.4128	20.4128	23.6239
22.7064	27.7523	27.7523	21.789
0	2.2936	0	97.7064
0	0.9174	0	99.0826
0	0.4587	0	99.5413
0	100	0	0
99.5413	0.4587	0	0
0	0	100	0
0	0	0	100
0	20.1835	20.4128	59.4037
23.6239	76.3761	0	0
0	100	0	0
24.7706	25.9174	1.8349	47.4771
19.9541	28.211	19.2661	32.5688
29.1284	17.4312	18.1193	35.3211
27.7523	16.7431	16.5138	38.9908
29.58717041	21.1008789	15.36698463	33.94496606
