>tfdimers__MD00315
31.9853	18.3824	19.8529	29.7794
28.3088	23.8971	18.75	29.0441
33.8235	22.0588	16.9118	27.2059
31.25	18.75	17.6471	32.3529
27.57352757	16.54411654	19.11761912	36.76473676
27.2059	20.9559	25.7353	26.1029
21.3235	13.2353	22.4265	43.0147
23.16177684	23.16177684	24.999975	28.67647132
13.6029136	26.83822684	27.20592721	32.35293235
22.7941	19.4853	5.8824	51.8382
13.2353	1.4706	2.2059	83.0882
87.8676	2.2059	8.4559	1.4706
96.32359632	0	2.573502574	1.102901103
1.470598529	1.470598529	87.13231287	9.926490074
26.83822684	0.3676003676	4.044104044	68.75006875
13.6029136	0	85.29418529	1.102901103
0	0	100	0
79.0441	20.9559	0	0
0	0	0	100
0	0	0	100
61.7647	0	0	38.2353
19.1176	17.6471	37.5	25.7353
27.9412	25	19.1176	27.9412
43.3824	0	0	56.6176
31.9853	18.3824	21.3235	28.3088
27.94117206	23.16177684	21.69117831	27.20587279
26.4706	22.7941	20.9559	29.7794
29.0441	19.8529	20.9559	30.1471
34.5588	18.3824	18.0147	29.0441
