>tfdimers__MD00094
30.2632	19.9561	20.3947	29.386
32.0175	21.9298	18.2018	27.8509
29.6053	18.8596	20.614	30.9211
31.35963136	16.66671667	20.39472039	31.57893158
35.52633553	19.95611996	23.46492346	21.05262105
63.5965	8.5526	2.4123	25.4386
18.85961886	12.06141206	7.675407675	61.4035614
9.8684	37.7193	11.8421	40.5702
82.4561	5.4825	0.2193	11.8421
57.2368	2.193	2.193	38.3772
9.6491	1.5351	0	88.8158
2.193	71.0526	2.6316	24.1228
96.9298	0	0.2193	2.8509
21.4912	1.0965	1.5351	75.8772
3.7281	0.6579	7.2368	88.3772
67.54383246	5.701794298	25.65787434	1.096498904
90.78940921	3.728096272	4.166695833	1.315798684
5.263194737	89.03501096	0.6578993421	5.043894956
1.5351	53.5088	0	44.9561
12.5	44.5175	1.0965	41.886
32.2368	25.6579	0.6579	41.4474
27.85092785	19.95611996	18.85961886	33.33333333
32.6754	21.2719	18.2018	27.8509
29.82457018	23.24557675	17.98248202	28.94737105
34.42983443	21.05262105	20.17542018	24.34212434
29.1667	18.8596	17.3246	34.6491
