>tfdimers__MD00186
35.6784	16.0804	26.6332	21.608
36.68336332	22.11057789	18.09048191	23.11557688
36.1809	19.0955	20.603	24.1206
41.7085	17.0854	22.1106	19.0955
46.23115377	3.517596482	26.13067387	24.12057588
0	0	100	0
50.7538	0	49.2462	0
94.9749	0	0	5.0251
100	0	0	0
100	0	0	0
83.9196	0	5.5276	10.5528
4.0201	13.0653	79.8995	3.0151
70.35172965	6.03019397	23.11557688	0.5024994975
28.1407	0	71.3568	0.5025
0	0	100	0
96.98499698	1.507501508	1.005001005	0.5025005025
97.98999799	0	1.005001005	1.005001005
19.0955	18.0905	61.809	1.005
29.14572915	20.1005201	13.56781357	37.18593719
36.6834	15.5779	26.6332	21.1055
33.66833367	15.07541508	29.64822965	21.60802161
38.69346131	20.1004799	26.13067387	15.07538492
34.17086583	18.09048191	23.11557688	24.62307538
