>tfdimers__MD00196
33.3333	17.2691	25.502	23.8956
40.3614	13.0522	22.49	24.0964
42.36945763	15.66268434	24.0963759	17.87148213
38.755	15.6627	24.2972	21.2851
39.3574	16.4659	27.9116	16.2651
98.5944	0.4016	0.2008	0.8032
37.9518	12.0482	37.9518	12.0482
49.5984	3.8153	46.3855	0.2008
99.5984	0	0.4016	0
100	0	0	0
100	0	0	0
36.74696325	24.4979755	29.11647088	9.638590361
46.98795301	10.44178956	37.34936265	5.220894779
33.93573394	2.811202811	57.22895723	6.024106024
17.4699	0.2008	81.7269	0.6024
55.4217	5.4217	30.3213	8.8353
90.96380904	1.405598594	3.815296185	3.815296185
1.004	12.0482	80.5221	6.4257
19.67871968	0.8032008032	1.405601406	78.11247811
16.06428394	9.437790562	52.00794799	22.48997751
38.755	14.8594	22.6908	23.6948
27.51002751	20.48192048	33.13253313	18.87551888
37.1486	13.4538	13.6546	35.743
14.65861466	25.3012253	39.35743936	20.68272068
28.5141	18.6747	21.0843	31.7269
31.3253	18.6747	22.49	27.51
32.9317	13.6546	24.8996	28.5141
29.3173	15.261	26.1044	29.3173
27.71082771	19.27711928	27.71082771	25.3012253
