>tfdimers__MD00218
25.6944	26.3889	20.1389	27.7778
22.9167	23.6111	25	28.4722
17.3611	31.25	18.0556	33.3333
15.2778	32.6389	23.6111	28.4722
30.5556	13.8889	29.8611	25.6944
0	49.30555069	10.41668958	40.27775972
0	0	0	100
0	0	0	100
0	100	0	0
0	100	0	0
0	0	0	100
0	0	100	0
0	0	0	100
0	100	0	0
100	0	0	0
0	37.5	31.25	31.25
20.13887986	31.24996875	18.05558194	30.55556944
26.3889	21.5278	23.6111	28.4722
20.1389	25.6944	20.1389	34.0278
25.69442569	27.08332708	22.22222222	25.000025
21.5278	22.2222	21.5278	34.7222
