>tfdimers__MD00329
24.821	25.7757	27.4463	21.957
22.4344	27.9236	22.1957	27.4463
25.05967494	21.24107876	27.92357208	25.77567422
24.105	19.5704	29.5943	26.7303
21.957	23.389	28.8783	25.7757
18.8544	62.2912	0	18.8544
26.0143	5.4893	11.6945	56.8019
4.7733	37.7088	0	57.5179
0	0	0	100
0	0	100	0
0	1.1933	58.7112	40.0955
1.1933	0	98.3294	0.4773
0.2387	2.148	95.9427	1.6706
4.7733	4.0573	6.9212	84.2482
1.9093	75.4177	16.9451	5.7279
71.83777184	8.353208353	5.011905012	14.7971148
11.6945	25.537	50.5967	12.1718
25.7757	22.1957	28.6396	23.389
26.25297375	17.66108234	34.84486516	21.24107876
23.8663	25.7757	27.2076	23.1504
25.77567422	25.05967494	25.77567422	23.38897661
24.5823	24.105	28.1623	23.1504
