>tfdimers__MD00150
29.6178	19.4268	20.3822	30.5732
27.3885	18.1529	20.0637	34.3949
26.4331	20.7006	20.3822	32.4841
30.89173089	21.97452197	21.97452197	25.15922516
35.9873	18.4713	20.0637	25.4777
30.8917	0	23.5669	45.5414
72.9299	0	27.0701	0
22.92992293	24.2038242	0	52.86625287
0	0	0	100
0	0	0	100
0	0	0	100
0	100	0	0
0	100	0	0
100	0	0	0
0	0	0	100
20.06367994	16.87898312	12.73888726	50.31844968
36.6242	11.465	14.6497	37.2611
24.2038	28.6624	14.6497	32.4841
31.2102	23.8854	18.4713	26.4331
28.02547197	22.29297771	20.38217962	29.2993707
29.9363	22.293	16.242	31.5287
28.34392834	21.97452197	20.7006207	28.98092898
26.11462611	21.97452197	16.24201624	35.66883567
