>tfdimers__MD00131
28.15532816	18.44661845	22.97732298	30.42073042
34.9515	17.4757	20.0647	27.5081
31.71523172	18.44661845	20.38832039	29.44982945
36.8932	14.2395	20.712	28.1553
33.3333	18.123	20.0647	28.479
22.0065	37.2168	27.8317	12.945
11.003211	13.59221359	8.414208414	66.99036699
74.7573	1.6181	2.589	21.0356
5.178005178	8.414208414	5.501605502	80.90618091
87.37868738	0.6472006472	4.207104207	7.767007767
85.7605	0	0.3236	13.9159
97.7346	0	0.9709	1.2945
75.08097508	0.6472006472	6.796106796	17.47571748
38.1877	3.5599	50.1618	8.0906
29.7735	6.7961	55.0162	8.4142
32.3625	0	63.4304	4.2071
0	0	100	0
98.7055	0	0	1.2945
100	0	0	0
29.4498	11.3269	55.6634	3.5599
28.1553	16.5049	14.2395	41.1003
34.3042	16.5049	24.9191	24.2718
37.2168	17.1521	25.89	19.7411
37.2168	17.7994	21.6828	23.301
38.5113	16.5049	18.7702	26.2136
37.54046246	12.62138738	27.50807249	22.33007767
31.068	19.7411	17.4757	31.7152
