>tfdimers__MD00227
21.64822165	22.75522276	22.38622239	33.21033321
23.8622	24.3542	26.1993	25.5843
23.61622362	24.84622485	22.87822288	28.65932866
23.98522399	23.49322349	22.87822288	29.64332964
20.78722079	23.49322349	23.61622362	32.1033321
10.45511046	24.6002246	30.5043305	34.44033444
5.043094957	47.84745215	16.60518339	30.5042695
3.936003936	54.85855486	4.305004305	36.9004369
22.5092	10.0861	1.968	65.4367
0.984	8.9791	3.69	86.3469
0.861000861	1.722001722	3.444003444	93.97299397
7.1341	29.2743	51.5375	12.0541
6.3961	3.321	0.984	89.2989
4.674004674	31.11933112	12.17711218	52.02955203
24.8462	20.5412	6.7651	47.8475
2.214	0.738	0.246	96.802
0.984	8.3641	89.1759	1.476
7.0111	87.9459	1.107	3.936
19.1882	1.476	1.722	77.6138
14.88311488	4.428004428	77.98287798	2.706002706
76.8758	1.845	9.4711	11.8081
9.7171	35.6704	22.7552	31.8573
18.6961813	7.257092743	35.54736445	38.4993615
15.9902	32.1033	23.3702	28.5363
27.4293	16.1132	23.2472	33.2103
22.5092	10.5781	36.0394	30.8733
24.6002246	30.996331	19.92621993	24.47722448
22.6322	17.3432	23.2472	36.7774
31.3653	22.3862	26.3223	19.9262
22.38622239	24.6002246	21.77122177	31.24233124
25.5843	23.6162	22.2632	28.5363
25.33827466	26.56827343	20.78717921	27.30627269
25.33827466	25.21527478	20.54117946	28.90527109
24.72322472	24.35422435	21.89422189	29.02832903
