>tfdimers__MD00248
27.8884	21.1155	22.7092	28.2869
29.0837	19.9203	21.5139	29.4821
26.6932	25.0996	25.8964	22.3108
30.6773	25.498	13.5458	30.2789
28.68527131	29.08367092	12.74898725	29.48207052
16.3347	2.7888	7.5697	73.3068
11.1554	15.1394	73.7052	0
9.561790438	5.179294821	0	85.25891474
0	0	100	0
8.3665	0	91.6335	0
5.5777	5.5777	0	88.8446
23.10757689	11.15538884	9.561790438	56.17524382
75.2987247	3.984096016	15.93628406	4.780895219
75.6972	7.9681	6.3745	9.9602
20.7171	3.9841	8.3665	66.9323
21.91237809	25.8963741	23.50597649	28.68527131
94.4223	0.3984	1.1952	3.9841
13.9442	2.7888	16.3347	66.9323
8.3665	5.1793	5.5777	80.8765
68.5259	5.9761	9.9602	15.5378
85.259	2.7888	11.1554	0.7968
13.5458	63.3466	4.7809	18.3267
24.7011753	28.68527131	4.780895219	41.83265817
38.247	12.749	15.9363	33.0677
35.05976494	13.14738685	23.50597649	28.28687171
28.2869	19.9203	21.1155	30.6773
33.0677	22.3108	16.7331	27.8884
31.4741	18.7251	18.7251	31.0757
27.49002749	19.92031992	25.8964259	26.69322669
