>tfdimers__MD00558
35.2958	18.1459	18.5706	27.9877
35.10543511	18.64381864	16.71061671	29.54012954
36.9215	16.9449	18.307	27.8266
35.6034	18.5706	18.7903	27.0357
39.79203979	17.67721768	18.55591856	23.97482397
44.36145564	24.13587586	15.15818484	16.34448366
79.7598	9.256	0.7469	10.2373
32.19096781	0.1171998828	14.35268565	53.33914666
16.4909	7.1178	66.9449	9.4464
27.9291	48.0082	14.7481	9.3146
95.67950432	3.93969606	0.1024998975	0.2782997217
84.38788439	5.023405023	6.019306019	4.569404569
61.24786125	11.35031135	18.74631875	8.655508656
40.9197	42.3111	9.2707	7.4985
80.1845	6.4148	4.6719	8.7288
55.12594487	28.13417187	2.152897847	14.58698541
89.7627	5.58	3.5735	1.0838
84.8125	7.1763	1.5964	6.4148
37.6098	41.0223	13.8401	7.5278
74.8975749	15.75861576	3.646703647	5.697105697
43.9953	29.6719	7.4107	18.9221
54.43754556	12.68308732	21.51437849	11.36498864
36.57	20.3134	15.2607	27.8559
53.3099	10.3837	14.6309	21.6755
36.84826315	19.11248089	18.30698169	25.73227427
36.8776	19.4493	17.5015	26.1716
36.2771	19.464	16.6081	27.6508
36.74576325	18.73168127	17.04748295	27.47507252
34.7979	18.3363	18.5559	28.3099
