>tfdimers__MD00013
27.7652	23.2506	21.219	27.7652
28.4424	23.4763	23.4763	24.605
28.2167	26.8623	19.6388	25.2822
23.47627652	29.34537065	19.86458014	27.31377269
26.6366	23.4763	20.316	29.5711
20.9932	23.2506	26.4108	29.3454
28.2167	30.0226	30.9255	10.8352
25.9594	20.0903	18.9616	34.9887
18.05868194	32.73136727	28.66817133	20.54177946
34.98866501	14.44698555	23.92777607	26.63657336
0.9029	90.9707	3.1603	4.9661
0	100	0	0
99.7743	0.2257	0	0
0	0	9.9323	90.0677
0.9029	97.7427	0.6772	0.6772
4.7404	1.5801	0.4515	93.228
0	0	99.5485	0.4515
0	0	0	100
0	0	1.5801	98.4199
24.605	28.4424	43.7923	3.1603
26.6366	19.4131	20.316	33.6343
6.5463	43.5666	33.86	16.0271
25.7336	19.6388	17.833	36.7946
22.5734	22.7991	23.0248	31.6027
25.0564	23.4763	21.8962	29.5711
25.73362573	22.12192212	24.37922438	27.76522777
23.25057675	23.47627652	22.57337743	30.6997693
