>tfdimers__MD00328
28.777	23.741	15.8273	31.6547
27.3381	20.8633	23.741	28.0576
36.69063669	21.58272158	17.26621727	24.46042446
26.6187	21.5827	19.4245	32.3741
24.4604	23.0216	12.2302	40.2878
31.6547	16.5468	10.0719	41.7266
34.5324	5.036	33.8129	26.6187
20.8633	5.7554	60.4317	12.9496
4.316504317	15.82731583	2.877702878	76.97847698
10.0719	10.7914	9.3525	69.7842
77.6978	5.036	5.7554	11.5108
71.223	16.5468	1.4388	10.7914
5.7554	2.8777	2.1583	89.2086
25.8993	30.9353	21.5827	21.5827
68.34536835	9.352509353	3.597103597	18.70501871
4.316504317	4.316504317	7.913707914	83.45328345
1.4388	12.2302	2.1583	84.1727
77.6978	2.8777	13.6691	5.7554
65.46766547	1.438801439	32.37413237	0.7194007194
0.7194	96.4029	0.7194	2.1583
10.0719	84.1727	0.7194	5.036
96.4029	2.1583	0.7194	0.7194
74.1007	15.8273	2.1583	7.9137
4.316504317	5.036005036	15.82731583	74.82017482
15.10791511	33.81293381	44.6043446	6.474806475
62.5899	11.5108	19.4245	6.4748
24.4604	25.8993	24.4604	25.1799
33.81293381	14.38851439	15.10791511	36.69063669
38.1295	20.1439	20.1439	21.5827
33.8129	20.8633	20.1439	25.1799
38.1295	17.2662	18.705	25.8993
