>tfdimers__MD00108
32.1538	17.3846	18.9231	31.5385
29.6923	18.3077	22.9231	29.0769
24.3077	18.4615	17.2308	40
32.92306708	17.53848246	15.84618415	33.69226631
29.38457062	19.53848046	15.53848446	35.53846446
25.07692508	18.46151846	16.46151646	40.00004
24.3077	16	15.0769	44.6154
26.30767369	23.84617615	17.999982	31.84616815
34.3077	14	8.4615	43.2308
28.92307108	17.53848246	14.61538538	38.92306108
0.6154	4.3077	0.6154	94.4615
50.1538	3.6923	42.3077	3.8462
1.0769	1.2308	0.9231	96.7692
0.9231	2	4.7692	92.3077
2.461502462	2.153802154	17.23081723	78.15387815
55.53844446	0.9230990769	39.23076077	4.307695692
6	63.5385	6.3077	24.1538
26.15382615	8.769208769	0.7692007692	64.30776431
28.4615	21.5385	21.5385	28.4615
64.30776431	0.7692007692	8.769208769	26.15382615
24.1538	6.3077	63.5385	6
4.307695692	39.23076077	0.9230990769	55.53844446
78.15387815	17.23081723	2.153802154	2.461502462
92.3077	4.7692	2	0.9231
96.7692	0.9231	1.2308	1.0769
3.8462	42.3077	3.6923	50.1538
94.4615	0.6154	4.3077	0.6154
38.92306108	14.61538538	17.53848246	28.92307108
43.2308	8.4615	14	34.3077
31.84616815	17.999982	23.84617615	26.30767369
44.6154	15.0769	16	24.3077
40.00004	16.46151646	18.46151846	25.07692508
35.53846446	15.53848446	19.53848046	29.38457062
33.69226631	15.84618415	17.53848246	32.92306708
40	17.2308	18.4615	24.3077
29.0769	22.9231	18.3077	29.6923
31.5385	18.9231	17.3846	32.1538
