>tfdimers__MD00508
25.47767452	20.38217962	29.2993707	24.84077516
26.75162675	16.56051656	26.11462611	30.57323057
26.11462611	18.47131847	29.93632994	25.47772548
28.02547197	19.10828089	31.21016879	21.65607834
24.2038	15.2866	29.2994	31.2102
14.0127	8.2803	40.1274	37.5796
19.10828089	3.821696178	59.87254013	17.1974828
26.1146	4.4586	50.3185	19.1083
12.1018879	11.46498854	38.21656178	38.21656178
0.6369	0.6369	69.4268	29.2994
81.5287	0	16.5605	1.9108
3.1847	0	76.4331	20.3822
0	0	95.5414	4.4586
1.9108	0	98.0892	0
0	0.6369	91.0828	8.2803
39.4904	15.9236	20.3822	24.2038
0.6369006369	0	0.6369006369	98.72619873
3.1847	1.2739	0	95.5414
98.0892	0	1.2739	0.6369
13.3758	27.3885	7.0064	52.2293
27.3885	4.4586	21.6561	46.4968
9.5541	14.6497	24.8408	50.9554
31.84713185	16.56051656	24.2038242	27.38852739
29.9363	19.7452	23.5669	26.7516
31.2102	24.2038	22.9299	21.6561
28.0255	17.1975	26.1146	28.6624
28.02547197	26.75157325	21.65607834	23.56687643
