>tfdimers__MD00447
32.67146733	16.06498394	17.73468227	33.52886647
31.001831	18.36641837	18.36641837	32.26533227
33.4386	16.6968	18.0054	31.8592
32.2202	17.4639	17.3285	32.9874
29.06142906	20.44222044	14.8014148	35.69493569
16.6967833	8.844791155	8.258091742	66.2003338
1.1282	0.361	11.3267	87.1841
35.4242	12.0487	38.9892	13.5379
15.5686	47.4729	8.8899	28.0686
72.0217	16.3809	10.5144	1.083
37.5903	1.0379	6.4982	54.8736
63.4928	7.2202	7.13	22.157
97.4278	0.5866	0.4964	1.4892
9.927809928	3.294203294	4.512604513	82.26538227
0	0	0	100
0	0	0	100
56.8592	14.6209	6.1372	22.3827
16.6516	0.5415	0.1354	82.6715
44.3592	12.2292	14.8466	28.565
19.63	29.4675	16.787	34.1155
32.4007324	19.08841909	13.76351376	34.74733475
31.9495	18.5018	16.2455	33.3032
31.9495	19.0884	15.4783	33.4838
31.0921	16.5162	16.6516	35.7401
31.4079	17.5993	16.3809	34.6119
