>tfdimers__MD00394
31.9672	18.0328	18.4426	31.5574
36.4754	14.3443	17.0082	32.1721
31.7623	18.0328	23.5656	26.6393
37.0902	16.1885	15.9836	30.7377
40.57375943	14.34428566	20.28687971	24.7950752
36.47543648	14.13931414	28.89342889	20.49182049
65.7787	10.4508	21.9262	1.8443
56.14755615	19.87701988	8.401608402	15.57381557
48.9754	0.2049	11.0656	39.7541
63.93446393	11.47541148	11.88521189	12.7049127
97.7459	0	1.6393	0.6148
15.3689	0.2049	0.2049	84.2213
0.2049	3.0738	6.9672	89.7541
33.8115	5.7377	24.1803	36.2705
25.61477439	57.58194242	8.606591393	8.196691803
51.4344	20.2869	24.7951	3.4836
0.2049	8.8115	0.2049	90.7787
99.38529939	0.4098004098	0	0.2049002049
99.18039918	0.2049002049	0.4098004098	0.2049002049
60.4508	0.8197	6.3525	32.377
31.5574	10.041	13.7295	44.6721
44.4672	4.7131	26.0246	24.7951
35.041	20.4918	15.1639	29.3033
31.35246865	15.57378443	17.82788217	35.24586475
34.22126578	17.82788217	18.85248115	29.0983709
32.37703238	17.21311721	17.41801742	32.99183299
36.88523689	19.67211967	18.23771824	25.2049252
29.7131	18.2377	20.082	31.9672
