>tfdimers__MD00024
29.2793	20.2703	16.2162	34.2342
31.5315	18.4685	22.0721	27.9279
30.6306	23.4234	20.2703	25.6757
28.8288	22.0721	16.2162	32.8829
32.88286712	13.96398604	18.46848153	34.68466532
28.3784	21.6216	14.8649	35.1351
23.8739	25.2252	18.4685	32.4324
0	0	0	100
0	0	100	0
0	0	0	100
0	0	0	100
93.2432	0	6.7568	0
94.5946	0	0	5.4054
2.7027	0.9009	1.8018	94.5946
42.34234234	24.32432432	18.01801802	15.31531532
97.7477	0.9009	0.4505	0.9009
10.8108	0	0	89.1892
4.054095946	6.756793243	2.252297748	86.93681306
57.65764234	7.657692342	14.41438559	20.27027973
53.15314685	21.17117883	19.36938063	6.306293694
17.56758243	58.10804189	10.36038964	13.96398604
36.48646351	22.97297703	8.558591441	31.98196802
32.8829	18.9189	20.7207	27.4775
30.6306	17.5676	21.1712	30.6306
36.03603604	19.81981982	18.91891892	25.22522523
31.53153153	14.41441441	22.52252252	31.53153153
