>tfdimers__MD00582
20.9446	26.078	26.078	26.8994
20.12322012	24.02462402	33.47023347	22.38192238
25.25667474	23.61397639	26.48867351	24.64067536
19.9179	26.694	31.2115	22.1766
23.4086	26.078	25.2567	25.2567
21.9713	36.7556	16.2218	25.0513
30.8008308	29.36342936	13.34701335	26.48872649
21.3552	30.1848	38.6037	9.8563
11.29361129	0.616000616	11.29361129	76.7967768
1.232	1.0267	97.3306	0.4107
56.67344333	8.213591786	27.92607207	7.186892813
1.232001232	97.53599754	1.026701027	0.2053002053
98.3573	0	0	1.6427
0.8214	5.3388	92.1971	1.6427
16.8378	37.1663	39.0144	6.9815
0.8214	0.2053	0.616	98.3573
0	0.4107	99.384	0.2053
0.8213991786	95.68780431	2.669397331	0.8213991786
21.9713	47.8439	4.3121	25.8727
12.115	47.0226	25.462	15.4004
19.0965	28.5421	30.3901	21.9713
9.650909651	33.47023347	38.80903881	18.06981807
16.2218	22.1766	37.1663	24.4353
12.115	27.7207	39.6304	20.5339
22.7926	28.3368	26.4887	22.3819
25.8727	24.23	27.1047	22.7926
22.1766	29.9795	26.078	21.7659
25.462	27.5154	25.2567	21.7659
25.462	23.2033	27.5154	23.8193
