>tfdimers__MD00317
24	24.8889	21.1111	30
26	22.8889	23.1111	28
26.2222	24.8889	18.2222	30.6667
31.1111	22.4444	21.7778	24.6667
24.2222	26.2222	22.6667	26.8889
26.66667333	33.55556644	24.22217578	15.55558444
23.1111	27.7778	20.2222	28.8889
27.5556	34.6667	16.4444	21.3333
85.3333	13.5556	0.4444	0.6667
98.6667	0.2222	0.4444	0.6667
0.6667	99.1111	0	0.2222
13.55558644	21.77777822	6.666693333	57.999942
17.5556	7.1111	49.1111	26.2222
8.2222	25.3333	55.7778	10.6667
9.7778	50.2222	11.5556	28.4444
30.8889	25.1111	12.8889	31.1111
37.55556244	10.88888911	35.77776422	15.77778422
23.7778	19.7778	49.3333	7.1111
37.3333	14.8889	27.5556	20.2222
1.3333	92.8889	0.2222	5.5556
34.66666533	19.55558044	1.777798222	43.999956
20.8889	4.4444	16	58.6667
1.5556	17.3333	75.1111	6
1.1111	44.8889	0.6667	53.3333
0.4444004444	58.000058	0.2222002222	41.33334133
5.1111	36	5.3333	53.5556
21.11112111	26.44442644	21.33332133	31.11113111
26.2222	23.7778	24.6667	25.3333
22	28.2222	23.5556	26.2222
26.4444	22.8889	24.8889	25.7778
23.7778	23.3333	23.3333	29.5556
