>tfdimers__MD00038
25.32372532	24.82012482	27.48202748	22.37412237
23.4532	27.8417	26.4029	22.3022
24.0288	26.7626	25.8273	23.3813
24.4604	29.6403	21.7266	24.1727
28.34532835	27.33812734	23.45322345	20.86332086
23.66907633	26.83447317	18.56118144	30.93526906
33.1655	3.1655	28.8489	34.8201
0	16.1151	83.8849	0
0	100	0	0
0	100	0	0
0	41.1511	1.4388	57.4101
13.5971	36.4029	36.4029	13.5971
57.4101	1.4388	41.1511	0
0	0	100	0
0	0	100	0
0	83.8849	16.1151	0
34.8201	28.8489	3.1655	33.1655
30.93526906	18.56118144	26.83447317	23.66907633
20.86332086	23.45322345	27.33812734	28.34532835
24.1727	21.7266	29.6403	24.4604
23.3813	25.8273	26.7626	24.0288
22.3022	26.4029	27.8417	23.4532
22.37412237	27.48202748	24.82012482	25.32372532
