>tfdimers__MD00105
26.68917331	24.61387539	20.02897997	28.66797133
25.8205	21.8629	19.5946	32.722
23.9382	22.8282	21.7664	31.4672
25.0965	23.6004	21.1873	30.1158
24.27607572	24.75867524	20.65637934	30.30886969
66.02313398	0	33.92856607	0.0482999517
19.2568	25.7722	39.6718	15.2992
0	11.7278	6.612	81.6602
0	0	0	100
0	0	0	100
0	100	0	0
49.2761	12.6931	1.8822	36.1486
0.2413	98.7934	0.5792	0.3861
14.6718	0.2413	0.0483	85.0386
0.6274	16.3127	39.334	43.7259
8.590708591	38.94793895	16.31271631	36.14863615
0.7239	68.9672	0.3861	29.9228
13.0792	40.5888	5.888	40.444
18.91891892	44.01544402	10.03861004	27.02702703
26.11002611	24.42082442	14.28571429	35.18343518
23.79342379	23.79342379	17.90541791	34.50773451
23.3591	23.9382	19.0154	33.6873
23.3591	24.8552	20.1255	31.6602
24.1313	25.5309	20.9942	29.3436
