>tfdimers__MD00385
25.8993	20.5036	24.4604	29.1367
24.4604	22.3022	27.6978	25.5396
25.5396	21.223	27.6978	25.5396
24.8201	22.3022	23.741	29.1367
26.97837302	16.90648309	28.05757194	28.05757194
23.02157698	28.41727158	34.17266583	14.38848561
8.6331	12.2302	25.1799	53.9568
21.223	19.7842	36.6906	22.3022
57.1942	29.8561	5.3957	7.554
7.554	5.7554	0.7194	85.9712
1.438801439	7.194207194	1.079101079	90.28789029
13.3094	1.4388	5.036	80.2158
17.9856	6.1151	69.4245	6.4748
9.3525	67.6259	8.2734	14.7482
94.2446	1.0791	2.518	2.1583
17.9856	11.1511	4.3165	66.5468
66.5468	4.3165	11.1511	17.9856
2.1583	2.518	1.0791	94.2446
14.7482	8.2734	67.6259	9.3525
6.4748	69.4245	6.1151	17.9856
80.2158	5.036	1.4388	13.3094
90.28789029	1.079101079	7.194207194	1.438801439
85.9712	0.7194	5.7554	7.554
7.554	5.3957	29.8561	57.1942
22.3022	36.6906	19.7842	21.223
53.9568	25.1799	12.2302	8.6331
14.38848561	34.17266583	28.41727158	23.02157698
28.05757194	28.05757194	16.90648309	26.97837302
29.1367	23.741	22.3022	24.8201
25.5396	27.6978	21.223	25.5396
25.5396	27.6978	22.3022	24.4604
29.1367	24.4604	20.5036	25.8993
