>tfdimers__MD00331
20	30.5263	30	19.4737
26.84212684	24.21052421	24.73682474	24.21052421
19.4737	23.6842	31.5789	25.2632
20	31.0526	30.5263	18.4211
26.3158	23.6842	27.8947	22.1053
19.4737	30.5263	36.3158	13.6842
28.42107158	22.63157737	23.68417632	25.26317474
12.10528789	45.26315474	27.36837263	15.26318474
33.1579	26.8421	0	40
26.8421	0	73.1579	0
0	0	100	0
0	0	100	0
100	0	0	0
0	90.5263	9.4737	0
100	0	0	0
0	3.6842	96.3158	0
0	100	0	0
34.2105	22.1053	2.1053	41.5789
13.1579	16.3158	59.4737	11.0526
16.3158	27.3684	33.6842	22.6316
20	25.7895	31.0526	23.1579
21.05262105	30.52633053	31.05263105	17.36841737
20.52632053	31.05263105	23.68422368	24.73682474
21.0526	25.7895	30.5263	22.6316
