>tfdimers__MD00380
32.3864	21.5909	24.4318	21.5909
28.9773	22.1591	22.1591	26.7045
27.2727	21.5909	22.1591	28.9773
26.7045267	17.61361761	23.86362386	31.81823182
21.02272102	26.7045267	27.84092784	24.43182443
9.6591	0.5682	9.0909	80.6818
0	0	100	0
0	11.93181193	76.7045767	11.36361136
14.2045142	0	18.18181818	67.61366761
0	1.136398864	92.04540795	6.818193182
0	0	100	0
100	0	0	0
0	0	0	100
41.4773	0	0	58.5227
100	0	0	0
100	0	0	0
31.24996875	16.47728352	28.97727102	23.2954767
26.7045267	21.59092159	27.27272727	24.43182443
30.1136	21.0227	22.7273	26.1364
29.5455	21.5909	23.8636	25
30.11363011	24.43182443	18.18181818	27.27272727
