>tfdimers__MD00339
29.0323	20.4301	18.9708	31.5668
30.9524	20.6605	18.0492	30.3379
31.7972	20.1997	14.977	33.0261
28.87862888	18.97081897	15.97541598	36.17513618
30.4147	17.2043	18.5868	33.7942
26.1905	20.9677	15.0538	37.788
33.1029331	1.92010192	17.35791736	47.61904762
0	13.2104	86.7896	0
0	100	0	0
0	100	0	0
0	32.3349	0.6912	66.9739
25.34562535	22.27342227	17.8955179	34.48543449
34.48543449	20.89092089	20.66052066	23.96312396
22.5806	3.533	32.1045	41.7819
9.2166	2.9954	59.447	28.341
16.129	35.8679	29.4163	18.5868
59.3702	14.0553	5.0691	21.5054
48.6943	1.9201	12.0584	37.3272
26.4209	1.5361	4.7619	67.2811
1.2289	10.9063	1.1521	86.7127
14.5929	1.1521	4.7619	79.4931
11.36711137	27.18892719	13.05681306	48.38714839
15.5914	32.2581	4.9923	47.1582
16.97391697	25.57602558	0.6912006912	56.75885676
24.96157504	18.2027818	21.27497873	35.56066444
33.33333333	11.67431167	16.28261628	38.70973871
27.573	21.0445	18.0492	33.3333
29.5699	18.894	20.1997	31.3364
28.725	18.2028	18.51	34.5622
27.41937258	20.81407919	18.12598187	33.64056636
30.64516935	18.2027818	19.73888026	31.41316859
