>tfdimers__MD00079
27.8243	21.1297	16.7364	34.3096
30.1255	19.4561	16.1088	34.3096
25.7322	22.1757	19.0377	33.0544
23.2218	22.5941	18.2008	35.9833
24.47697552	23.22177678	20.08367992	32.21756778
35.5649	22.5941	23.6402	18.2008
15.272	34.728	35.3556	14.6444
0	2.0921	0	97.9079
0	0.8368	0	99.1632
0	0	0	100
0	99.3724	0	0.6276
100	0	0	0
24.8954	0.6276	73.8494	0.6276
42.887	14.6444	1.4644	41.0042
33.682	0.6276	0.2092	65.4812
11.2971	0.2092	22.5941	65.8996
0	49.3724	50.2092	0.4184
63.8075	0.2092	0	35.9833
0.4184	36.8201	37.6569	25.1046
0	0	0	100
16.9456	22.1757	23.431	37.4477
29.4979	19.2469	13.1799	38.0753
27.8243	18.6192	19.6653	33.8912
28.0335	23.431	18.41	30.1255
28.8703	20.7113	20.0837	30.3347
