>tfdimers__MD00522
27.8607	22.8856	25.3731	23.8806
26.86567313	19.4029806	30.84576915	22.88557711
28.8557	19.403	27.8607	23.8806
25.8706	18.9055	27.8607	27.3632
28.8557	16.4179	24.3781	30.3483
31.3433	28.8557	28.3582	11.4428
33.8308	26.8657	23.3831	15.9204
49.25374925	13.43281343	12.43781244	24.87562488
23.38312338	49.75124975	25.87062587	0.995000995
68.15926816	8.457708458	1.492501493	21.89052189
0	0	100	0
0	0	100	0
100	0	0	0
2.9851	0	0	97.0149
2.487597512	35.32336468	6.467693532	55.72134428
18.40798159	2.985097015	0	78.60692139
21.393	0.4975	74.6269	3.4826
19.9005199	0.995000995	77.61197761	1.492501493
3.9801	7.9602	88.0597	0
69.15426915	0	29.85072985	0.995000995
31.84083184	1.99000199	60.6965607	5.472605473
44.77614478	1.99000199	51.24385124	1.99000199
37.8109	14.4279	27.3632	20.398
26.36817363	15.42288458	26.86567313	31.34326866
29.3532	18.9055	26.3682	25.3731
30.3483	21.8905	21.393	26.3682
31.3433	18.408	20.8955	29.3532
