>tfdimers__MD00211
25.43857456	16.66668333	28.94737105	28.94737105
23.6842	29.8246	21.0526	25.4386
33.33333333	21.92982193	21.92982193	22.80702281
28.0702	24.5614	26.3158	21.0526
43.8596	30.7018	14.0351	11.4035
0	100	0	0
99.1228	0	0.8772	0
0	16.6667	45.614	37.7193
21.9298	66.6667	11.4035	0
0	0.8772	0	99.1228
0	0	100	0
7.017507018	36.84213684	47.36844737	8.771908772
29.82457018	17.54388246	15.78948421	36.84206316
17.5439	34.2105	27.193	21.0526
34.2105	14.9123	18.4211	32.4561
7.894707895	72.80707281	10.52631053	8.771908772
0	100	0	0
95.614	3.5088	0	0.8772
0	0	32.4561	67.5439
27.193	23.6842	25.4386	23.6842
2.631597368	17.54388246	5.263194737	74.56132544
17.5439	7.8947	44.7368	29.8246
12.2807	25.4386	25.4386	36.8421
17.5439	20.1754	28.9474	33.3333
18.42108158	27.19297281	40.35085965	14.03508596
37.7193	17.5439	21.0526	23.6842
22.807	26.3158	25.4386	25.4386
33.33333333	21.92982193	20.17542018	24.56142456
28.0702	13.1579	32.4561	26.3158
14.91228509	28.94737105	28.07017193	28.07017193
28.0702	21.0526	28.0702	22.807
23.6842	23.6842	26.3158	26.3158
