>tfdimers__MD00010
27.973	23.2432	21.7568	27.027
24.7297	23.3784	24.5946	27.2973
26.7568	26.4865	21.6216	25.1351
28.64862865	23.91892392	21.62162162	25.81082581
29.1892	21.2162	24.7297	24.8649
36.3514	10.8108	38.9189	13.9189
25.6757	17.027	46.8919	10.4054
37.027	9.4595	37.8378	15.6757
0.6757	93.6486	0.8108	4.8649
56.2162	10.2703	3.1081	30.4054
23.5135	3.7838	12.4324	60.2703
1.0811	6.7568	88.6486	3.5135
1.2162	48.1081	1.2162	49.4595
1.3514	63.1081	0.8108	34.7297
9.0541	35.6757	7.8378	47.4324
47.4324	7.8378	35.6757	9.0541
34.7297	0.8108	63.1081	1.3514
49.4595	1.2162	48.1081	1.2162
3.5135	88.6486	6.7568	1.0811
60.2703	12.4324	3.7838	23.5135
30.4054	3.1081	10.2703	56.2162
4.8649	0.8108	93.6486	0.6757
15.6757	37.8378	9.4595	37.027
10.4054	46.8919	17.027	25.6757
13.9189	38.9189	10.8108	36.3514
24.8649	24.7297	21.2162	29.1892
25.81082581	21.62162162	23.91892392	28.64862865
25.1351	21.6216	26.4865	26.7568
27.2973	24.5946	23.3784	24.7297
27.027	21.7568	23.2432	27.973
