>tfdimers__MD00061
26.01757398	24.51797548	20.06667993	29.3977706
25.6606	23.0897	19.0193	32.2304
23.2326	22.1376	19.3763	35.2535
21.7091	23.661	21.3521	33.2778
22.58987741	24.42277558	19.70958029	33.27776672
24.399	34.8726	17.5434	23.185
19.6382	25.5415	27.8743	26.946
0	13.4016	0.0238	86.5746
0	13.473	0.0238	86.5032
0	0	0	100
0	99.7382	0	0.2618
19.61438039	0.4760995239	1.047398953	78.86212114
0	0	84.956	15.044
1.9757	18.9717	2.4994	76.5532
7.0935	24.7322	9.0931	59.0812
0	93.4301	6.5699	0
19.56678043	25.08927491	0.4998995001	54.84404516
18.1623	26.1842	20.7094	34.9441
25.2321	25.2559	16.5913	32.9207
23.8277	22.8755	19.4239	33.8729
25.0893	21.1616	19.3049	34.4442
25.1845	23.6372	18.9717	32.2066
