>tfdimers__MD00056
29.3629	19.6676	27.2853	23.6842
31.57893158	21.19112119	21.05262105	26.17732618
30.4709	20.2216	25.7618	23.5457
32.8255	18.6981	23.8227	24.6537
34.903	16.482	22.1607	26.4543
39.47366053	12.04988795	25.34627465	23.13017687
29.0859	27.5623	25.6233	17.7285
44.8753	17.7285	25.0693	12.3269
34.4875	2.2161	51.2465	12.0499
25.6233	0.4155	73.1302	0.831
40.9972	6.5097	38.5042	13.9889
80.3324	2.0776	8.1717	9.4183
0.9695	16.205	76.7313	6.0942
15.2355	0.277	1.2465	83.241
0	5.4017	94.5983	0
100	0	0	0
100	0	0	0
100	0	0	0
0	100	0	0
53.3241	39.3352	7.3407	0
30.0554	19.3906	23.2687	27.2853
31.5789	19.9446	26.1773	22.2992
32.964	20.2216	22.9917	23.8227
32.964	17.59	24.0997	25.3463
28.2548	19.8061	22.4377	29.5014
27.9778	20.9141	22.1607	28.9474
