>tfdimers__MD00030
31.23563124	19.2007192	18.23611824	31.32753133
28.34177166	20.02757997	18.32798167	33.3026667
30.0873	20.395	19.017	30.5007
31.7409	18.328	19.9357	29.9954
30.77633078	23.42672343	18.14421814	27.65272765
28.6633	16.7662	18.4198	36.1507
32.7974328	18.00641801	26.68812669	22.50802251
44.4649	0.2756	31.3275	23.932
0	1.6996	98.3004	0
42.53564254	17.08771709	19.61411961	20.76252076
92.972	0.2297	6.7524	0.0459
1.5158	98.4842	0	0
85.3468	2.7561	0.0919	11.8052
23.3808	33.3946	23.4267	19.7979
38.6771	8.5898	10.0138	42.7193
21.5434	27.7446	33.5324	17.1796
3.9045	0.689	1.4699	93.9366
1.6996	3.6748	92.0533	2.5723
16.169	7.2118	2.1589	74.4603
17.8686	20.3491	19.017	42.7653
12.49428751	63.61963638	10.97838902	12.90768709
26.4584	20.3032	0.6431	52.5953
24.71292471	20.11942012	16.67431667	38.49333849
27.0556	19.5682	23.8861	29.4901
28.3877	19.5682	21.9568	30.0873
29.9035299	19.84381984	18.28201828	31.97063197
30.22506977	18.97108103	20.99217901	29.81167019
31.3275	18.5117	21.865	28.2958
31.97056803	17.91458209	19.66008034	30.45476955
