>tfdimers__MD00159
25.8517	23.0461	23.8477	27.2545
28.9579	21.6433	21.1423	28.2565
27.2545	22.2445	23.6473	26.8537
25.9519	19.1383	26.4529	28.4569
28.2565	20.8417	26.1523	24.7495
25.8517	26.0521	25.0501	23.0461
27.5551	18.7375	21.3427	32.3647
22.5451	27.2545	19.2385	30.9619
34.7695	22.8457	3.7074	38.6774
49.0982	0.1002	50	0.8016
0.3006	0	99.2986	0.4008
0.2004	0	99.7996	0
98.497	0.1002	0.501	0.9018
1.1022	1.4028	0	97.495
1.002	0.2004	16.1323	82.6653
33.86773387	4.80960481	32.46493246	28.85772886
1.3026	97.495	0.9018	0.3006
42.8858	27.2545	3.3066	26.5531
22.5451	31.6633	16.3327	29.4589
52.70545271	28.05612806	9.418809419	9.81960982
54.6092	7.3146	18.6373	19.4389
14.0281	22.7455	27.3547	35.8717
23.0461	31.2625	19.8397	25.8517
29.05812906	29.35872936	11.12221112	30.46093046
26.6533	23.6473	21.1423	28.5571
27.2545	20.4409	22.2445	30.0601
26.2525	20.8417	25.0501	27.8557
26.2525	23.0461	22.5451	28.1563
29.8597	21.5431	21.7435	26.8537
