>tfdimers__MD00601
33.38486662	23.02937697	15.61048439	27.97527202
30.2937	18.238	19.4745	31.9938
30.29366971	18.08348192	17.61978238	34.003066
28.9026	18.0835	19.7836	33.2303
31.221	20.711	18.7017	29.3663
33.2303	19.3199	9.8918	37.558
22.8748	11.9011	14.0649	51.1592
33.07573308	12.82841283	35.7032357	18.39261839
32.1484	10.51	36.3215	21.0201
37.558	21.9474	16.847	23.6476
29.0572	21.3292	12.8284	36.7852
37.86706213	18.7016813	15.45598454	27.97527202
34.3122	20.711	20.8655	24.1113
27.6662	22.8748	19.4745	29.9845
36.9397	3.0912	15.1468	44.8223
3.245703246	8.037108037	75.88877589	12.82841283
2.473	84.544	5.5641	7.4189
19.4745	78.6708	0.4637	1.391
88.0989	4.9459	0	6.9552
89.9536	0	10.0464	0
0	0	0	100
100	0	0	0
100	0	0	0
67.38796739	15.14681515	0	17.46521747
73.5703	26.4297	0	0
35.8578	20.2473	13.9104	29.9845
27.9753	21.6383	17.9289	32.4575
30.75733076	17.61981762	22.41112241	29.21172921
28.5935	19.0108	19.9382	32.4575
36.93973694	17.61981762	16.22871623	29.21172921
