>tfdimers__MD00112
23.7982	24.7025	22.9891	28.5102
25.51167449	24.22657577	22.7034773	27.55827244
24.7025	25.4165	23.0842	26.7968
25.55927444	25.03567496	22.46547753	26.93957306
22.5607	27.7963	19.1337	30.5093
12.3275	20.6092	11.09	55.9733
0.8091	0.5236	15.326	83.3413
24.22657577	21.41837858	42.55115745	11.8038882
9.519290481	58.54354146	12.08948791	19.84768015
55.8782	34.6502	8.7577	0.7139
38.6007	0.4284	7.663	53.3079
68.5388	9.1385	9.9952	12.3275
99.14320086	0.0475999524	0.3807996192	0.4283995716
0	11.09	88.91	0
0	100	0	0
0	100	0	0
0.0951999048	39.98096002	1.856298144	58.06754193
19.8953	23.8458	26.5588	29.7001
25.94	21.466	23.6078	28.9862
25.8448	24.6549	22.6559	26.8444
26.84437316	22.32267768	22.56067744	28.27227173
24.6073	24.1314	21.3232	29.9381
25.702	25.2737	21.0376	27.9867
