>tfdimers__MD00213
33.7313	16.1194	15.8209	34.3284
31.9403	17.3134	16.7164	34.0299
34.3284	17.0149	15.5224	33.1343
37.6119	14.0299	16.4179	31.9403
39.403	16.7164	19.1045	24.7761
48.05965194	14.92538507	14.02988597	22.98507701
47.1642	9.8507	23.2836	19.7015
31.94026806	22.08957791	22.98507701	22.98507701
11.94031194	60.8955609	13.43281343	13.73131373
8.6567	54.0299	1.194	36.1194
64.77616478	17.01491701	1.194001194	17.01491701
88.95528896	1.194001194	4.776104776	5.074605075
0.597000597	1.492501493	0.2985002985	97.61199761
82.9851	0.597	1.194	15.2239
92.8358	0.597	0.2985	6.2687
98.5075	0.2985	0.8955	0.2985
78.806	7.7612	7.7612	5.6716
37.01493701	9.850709851	9.552209552	43.58214358
25.6716	12.8358	15.2239	46.2687
5.0746	2.6866	1.194	91.0448
0	0	0	100
0	0	0	100
66.56713343	8.358191642	6.268693731	18.80598119
18.806	0.597	0.2985	80.2985
47.7612	7.4627	16.7164	28.0597
24.1791	15.8209	25.3731	34.6269
31.64176836	14.62688537	19.4029806	34.32836567
32.2388	15.5224	20.8955	31.3433
32.5373	16.7164	23.2836	27.4627
31.0448	17.0149	18.5075	33.4328
35.2239	16.1194	15.2239	33.4328
