>tfdimers__MD00255
39.4068	16.1017	17.7966	26.6949
36.4407	17.3729	19.0678	27.1186
29.661	15.2542	23.3051	31.7797
33.0508	20.7627	18.6441	27.5424
31.77966822	20.33897966	19.91528008	27.96607203
26.69492669	1.694901695	31.35593136	40.25424025
30.50846949	35.16946483	13.98308602	20.33897966
35.16946483	0.8474991525	0	63.98303602
85.5932	0.8475	1.2712	12.2881
100	0	0	0
1.271198729	1.271198729	18.64408136	78.81352119
0.8474991525	96.61010339	0	2.542397458
17.3729	40.2542	0	42.3729
95.339	1.2712	3.3898	0
91.52549153	1.271201271	2.118602119	5.084705085
2.9661	0.4237	0	96.6102
2.118602119	8.050808051	3.38980339	86.44078644
69.0678	2.1186	11.4407	17.3729
43.2203	1.2712	34.7458	20.7627
19.9153	20.7627	29.661	29.661
32.2033678	21.61017839	15.67798432	30.50846949
37.2881	22.0339	19.9153	20.7627
27.11862712	12.28811229	25.000025	35.59323559
30.08473008	19.49151949	25.000025	25.42372542
25.84747415	20.76267924	18.64408136	34.74576525
33.8983	19.4915	18.6441	27.9661
27.9661	18.6441	23.3051	30.0847
31.7797	24.5763	18.2203	25.4237
30.50846949	17.7965822	16.94918305	34.74576525
