>tfdimers__MD00599
33.9806	18.4466	17.4757	30.0971
39.8058	16.5049	15.534	28.1553
32.03883204	25.24272524	20.38832039	22.33012233
25.2427	23.301	18.4466	33.0097
28.1553	34.9515	14.5631	22.3301
0	0	0	100
0	0	100	0
100	0	0	0
4.8544	95.1456	0	0
0	100	0	0
0	17.4757	0	82.5243
1.9417	10.6796	0.9709	86.4078
0	1.9417	4.8544	93.2039
2.9126	71.8447	14.5631	10.6796
8.7379	77.6699	1.9417	11.6505
9.708709709	54.36895437	28.15532816	7.767007767
33.9806	17.4757	9.7087	38.835
25.2427	21.3592	18.4466	34.9515
27.1845	20.3883	19.4175	33.0097
33.98056602	19.41748058	15.53398447	31.06796893
30.0971301	24.27182427	13.59221359	32.03883204
