>tfdimers__MD00284
30	21.25	19.375	29.375
22.5	13.75	26.875	36.875
30	19.375	26.25	24.375
32.5	18.125	18.75	30.625
26.875	17.5	26.25	29.375
41.25	17.5	22.5	18.75
33.75	20.625	23.125	22.5
38.75	8.125	38.125	15
11.25	25.625	40	23.125
1.875	21.25	2.5	74.375
75	20	3.75	1.25
96.875	2.5	0	0.625
1.25	0	0.625	98.125
1.25	1.25	8.75	88.75
85.625	0	10.625	3.75
11.25	15	63.125	10.625
0	100	0	0
100	0	0	0
16.25	32.5	20	31.25
0	18.125	33.75	48.125
0	0	0	100
0	0	100	0
36.875	21.875	18.125	23.125
37.5	13.75	23.75	25
33.125	13.75	17.5	35.625
31.875	13.75	32.5	21.875
29.375	20.625	31.25	18.75
