>tfdimers__MD00504
22.327	26.4151	28.6164	22.6415
28.93082893	23.58492358	23.27042327	24.21382421
26.1006261	24.21382421	23.27042327	26.41512642
21.0692	28.9308	29.8742	20.1258
23.5849	25.7862	27.044	23.5849
23.5849	19.8113	25.7862	30.8176
16.6667	28.3019	30.5031	24.5283
12.5786	29.8742	15.4088	42.1384
3.144696855	0.3144996855	10.69178931	85.84901415
1.572301572	0.6289006289	95.28309528	2.515702516
6.9182	2.2013	88.6792	2.2013
11.3208	80.8176	7.8616	0
98.4277	1.5723	0	0
0	0	100	0
0	0	100	0
100	0	0	0
100	0	0	0
26.1006	12.8931	61.0063	0
17.2956	40.8805	15.4088	26.4151
21.3836	41.195	22.956	14.4654
38.6792	22.956	21.0692	17.2956
32.3899	16.3522	30.1887	21.0692
29.24532925	21.38362138	30.5031305	18.86791887
25.1572	24.8428	30.8176	19.1824
22.956	27.044	26.7296	23.2704
24.8428	22.956	24.2138	27.9874
22.956	29.5597	26.7296	20.7547
26.72957327	26.41507358	22.95597704	23.8993761
