>tfdimers__MD00293
37.71926228	16.66668333	16.66668333	28.94737105
37.7193	23.6842	16.6667	21.9298
32.4561	28.9474	17.5439	21.0526
42.10525789	15.78948421	17.54388246	24.56137544
36.84206316	15.78948421	29.82457018	17.54388246
66.6667	7.0175	12.2807	14.0351
92.98240702	0	0.8771991228	6.14039386
0	87.7193	3.5088	8.7719
99.1228	0	0	0.8772
97.3684	1.7544	0.8772	0
58.7719	0	0.8772	40.3509
21.9298	0	72.807	5.2632
34.21053421	13.15791316	45.61404561	7.017507018
30.7018	22.807	19.2982	27.193
14.0351	20.1754	24.5614	41.2281
7.017507018	43.85964386	11.4035114	37.71933772
8.7719	50	1.7544	39.4737
31.5789	6.1404	0.8772	61.4035
0	3.5088	2.6316	93.8596
0	0	0	100
2.6316	22.807	63.1579	11.4035
3.5088	0	0	96.4912
3.5088	21.0526	17.5439	57.8947
17.5439	34.2105	4.386	43.8596
21.9298	13.1579	9.6491	55.2632
14.9123	23.6842	33.3333	28.0702
21.05262105	20.17542018	25.43862544	33.33333333
21.92982193	25.43862544	21.05262105	31.57893158
27.193	20.1754	16.6667	35.9649
21.9298	17.5439	21.0526	39.4737
38.5964614	12.28068772	18.42108158	30.7017693
