>tfdimers__MD00536
22.0183	37.6147	25.6881	14.6789
24.7706	31.1927	21.1009	22.9358
29.3578	28.4404	20.1835	22.0183
27.52292752	30.27523028	23.85322385	18.34861835
27.5229	15.5963	33.945	22.9358
45.8716	0	54.1284	0
0	0	100	0
0	0	100	0
2.752297248	0	4.587195413	92.66050734
0	100	0	0
14.6789	85.3211	0	0
0.9174009174	98.16519817	0.9174009174	0
36.6972	19.2661	4.5872	39.4495
19.26608073	6.421993578	55.04584495	19.26608073
19.2661	0	79.8165	0.9174
1.834898165	0	96.33020367	1.834898165
1.8349	0	98.1651	0
46.789	15.5963	32.1101	5.5046
25.6881	38.5321	17.4312	18.3486
14.6789	38.5321	19.2661	27.5229
27.52292752	24.77062477	17.43121743	30.27523028
18.3486	22.9358	38.5321	20.1835
22.93577706	33.94496606	26.60547339	16.51378349
26.6055	19.2661	26.6055	27.5229
18.34861835	27.52292752	29.35782936	24.77062477
25.68812569	24.77062477	24.77062477	24.77062477
14.67891468	26.60552661	36.6972367	22.01832202
