>tfdimers__MD00321
28.84617115	16.66668333	37.17946282	17.30768269
25	15.3846	39.7436	19.8718
27.56412756	20.51282051	35.8974359	16.02561603
22.4359	25	33.3333	19.2308
44.8718	9.6154	32.0513	13.4615
22.4359	53.8462	23.7179	0
89.1025109	6.41029359	4.487195513	0
0	0	100	0
0	0	100	0
100	0	0	0
58.33335833	0.641000641	0	41.02564103
0	0	100	0
3.8462	0	8.3333	87.8205
0	0	100	0
0	8.333308333	88.46158846	3.205103205
4.4872	0	14.7436	80.7692
0	0	76.9231	23.0769
0	7.0513	92.9487	0
27.5641	21.7949	28.2051	22.4359
24.359	14.7436	32.6923	28.2051
26.2821	15.3846	34.6154	23.7179
19.2308	30.7692	32.6923	17.3077
28.8462	23.7179	25	22.4359
