>tfdimers__MD00183
30.3704	19.1111	20.8889	29.6296
33.33333333	17.03701704	19.40741941	30.22223022
32.2963	18.5185	20.5926	28.5926
29.77782978	20.14812015	20.14812015	29.92592993
30.66666933	17.18518281	26.07407393	26.07407393
44.74074474	12.59261259	16.74071674	25.92592593
64.74076474	7.703707704	11.40741141	16.14811615
47.1111	15.4074	25.7778	11.7037
89.48158948	4.740704741	1.333301333	4.444404444
12.59261259	1.333301333	1.333301333	84.74078474
2.518502519	0	97.03709704	0.4444004444
24.14812415	4.148104148	65.03706504	6.666706667
7.851892148	29.92587007	10.96298904	51.25924874
0	0	0	100
95.2593	0	4.7407	0
100	0	0	0
8.8889	9.1852	7.7037	74.2222
10.8148	46.8148	15.7037	26.6667
43.5556	16.1481	9.4815	30.8148
28.2963	17.7778	16	37.9259
26.3704	14.8148	18.3704	40.4444
30.963	16.7407	22.0741	30.2222
33.4815	17.1852	21.3333	28
