>tfdimers__MD00149
26.7589	24.8346	23.0908	25.3157
28.98377102	22.30907769	23.57187643	25.13527486
28.5027	23.4516	23.2712	24.7745
27.23992724	24.65422465	21.94832195	26.15752616
26.4582	22.6097	22.8503	28.0818
24.2934	21.1666	26.6386	27.9014
39.0259	13.65	29.8256	17.4985
45.7607	3.4275	41.9122	8.8996
38.6651	3.1269	57.4263	0.7817
14.1311	13.1088	71.798	0.9621
11.1245	10.1624	28.7432	49.9699
2.1648	87.733	2.4654	7.6368
20.9862	77.27	1.2026	0.5412
91.1004911	7.817207817	0.0601000601	1.022201022
20.8058	8.9597	18.7011	51.5334
17.6188	47.9856	25.1954	9.2002
0.902	0.1804	0.6013	98.3163
0.4209	1.9844	97.0535	0.5412
14.07098593	10.16238984	3.547796452	72.21882778
6.794906795	30.42693043	20.74562075	42.03254203
8.719208719	70.29467029	13.28921329	7.696907697
26.819	23.0908	0.7817	49.3085
21.22672123	26.15752616	22.18882219	30.42693043
22.1888	26.2177	25.6765	25.917
23.3915	25.015	22.2489	29.3446
23.5719	24.6542	24.3536	27.4203
26.6987267	23.81242381	22.24892225	27.23992724
24.3536	24.1732	21.5875	29.8857
25.37582538	22.42932243	22.24892225	29.94592995
