>tfdimers__MD00330
39.08046092	16.09198391	16.66668333	28.16087184
28.7356	24.7126	21.2644	25.2874
39.08046092	12.06898793	13.79308621	35.05746494
46.5517	12.069	20.1149	21.2644
44.2529	9.7701	18.3908	27.5862
50	1.1494	45.4023	3.4483
6.3218	37.931	3.4483	52.2989
93.67810632	2.298897701	2.298897701	1.724098276
98.8506	0.5747	0.5747	0
97.12649713	1.149401149	1.149401149	0.5747005747
0	100	0	0
98.2759	1.1494	0	0.5747
58.62064138	11.49428851	12.64368736	17.24138276
44.2529	15.5172	14.3678	25.8621
38.5057	21.2644	16.092	24.1379
44.8276	17.8161	15.5172	21.8391
71.2644	1.1494	20.1149	7.4713
1.1494	0	98.2759	0.5747
82.7586	2.8736	4.023	10.3448
89.6552	0	1.7241	8.6207
17.2414	46.5517	14.3678	21.8391
50.57475057	5.747105747	24.13792414	19.54021954
17.2414	12.069	14.9425	55.7471
22.4138	13.7931	13.7931	50
2.298897701	90.8045092	2.298897701	4.597695402
34.4828	14.9425	9.1954	41.3793
32.1839	17.2414	25.8621	24.7126
38.5057	15.5172	20.6897	25.2874
33.90803391	19.54021954	20.11492011	26.43682644
35.05746494	18.39078161	16.66668333	29.88507011
27.58617241	16.09198391	21.26437874	35.05746494
