>tfdimers__MD00220
28.0495	22.878	24.6206	24.4519
28.7802	22.597	22.9904	25.6324
27.8808	24.1147	22.7656	25.2389
31.4784	23.8336	22.9904	21.6976
31.5346	22.3721	24.9578	21.1355
33.38953339	33.8954339	19.28051928	13.43451343
70.99497099	18.88701889	1.18040118	8.937608938
24.95782496	0.1124001124	21.3041213	53.62565363
5.5649	5.6773	84.4857	4.2721
24.9016249	46.03714604	28.94882895	0.1124001124
95.39060461	3.934796065	0.2810997189	0.3934996065
77.0658	2.9792	16.3575	3.5975
52.5014525	0.1686001686	39.17933918	8.150608151
36.8184	46.1495	0.3373	16.6948
0	100	0	0
0	100	0	0
0.1124001124	87.2962873	0.0562000562	12.53511254
34.90726509	46.88025312	0.0561999438	18.15628184
32.37773238	22.48452248	20.17992018	24.95782496
27.3749	22.7094	25.7448	24.1709
25.6324	25.9134	25.0703	23.3839
26.6442	25.4637	21.5852	26.3069
24.5082	27.5998	21.4165	26.4755
