>tfdimers__MD00586
29.1349	21.6285	23.5369	25.6997
26.2087	23.1552	24.6819	25.9542
27.60812761	22.77352277	24.17302417	25.44532545
23.9186	22.3919	25.5725	28.117
26.8448	25.4453	22.5191	25.1908
16.15778384	10.05088995	23.02797697	50.76334924
25.827	8.9059	50.6361	14.631
46.31044631	8.778608779	27.48092748	17.43001743
6.997493003	17.55728244	63.61313639	11.83208817
1.145001145	3.053403053	1.653901654	94.14769415
4.8346	92.6209	1.6539	0.8906
98.6004014	0.8905991094	0.2544997455	0.2544997455
10.1781	18.3206	40.8397	30.6616
25.4453	25.9542	22.7735	25.827
24.173	25.4453	23.4097	26.972
30.02543003	26.08142608	24.17302417	19.72011972
69.084	2.0356	27.2265	1.6539
0	0	100	0
0	0	100	0
22.6463	2.2901	28.8804	46.1832
17.8117	51.6539	23.4097	7.1247
92.6209	5.9796	0.1272	1.2723
23.028	16.9211	42.8753	17.1756
26.7176	20.1018	29.3893	23.7913
25.1908	20.7379	28.2443	25.827
28.8804	20.1018	27.6081	23.4097
26.5903	23.028	24.9364	25.4453
29.51652952	21.75572176	24.04582405	24.68192468
