>tfdimers__MD00095
29.45207055	21.91777808	18.49318151	30.13696986
25.34247466	17.80818219	29.45207055	27.3972726
29.4521	20.5479	23.2877	26.7123
31.5068	16.4384	28.0822	23.9726
26.7123	41.7808	23.2877	8.2192
96.57539658	2.73970274	0	0.6849006849
0	0	100	0
0	0	100	0
100	0	0	0
100	0	0	0
47.94524795	7.534207534	44.52054452	0
0	100	0	0
98.6301	0	1.3699	0
0	17.8082	56.1644	26.0274
19.1781	71.2329	9.589	0
0	2.7397	0	97.2603
0	0	100	0
19.1781	23.9726	26.7123	30.137
29.45207055	19.17808082	27.3972726	23.97257603
28.7671	17.1233	21.2329	32.8767
26.7123	17.1233	26.7123	29.4521
25.3425	26.7123	19.1781	28.7671
