>tfdimers__MD00201
31.75676824	19.05408095	17.2972827	31.89186811
28.5135	21.0811	16.7568	33.6486
28.51352851	17.83781784	18.51351851	35.13513514
35.27026473	13.10808689	22.56757743	29.05407095
26.35137365	14.59458541	31.89186811	27.16217284
4.5946	19.8649	7.8378	67.7027
14.8649	0	0	85.1351
100	0	0	0
100	0	0	0
8.5135	0	4.7297	86.7568
14.3243	0	53.9189	31.7568
8.513491487	2.567597432	2.162197838	86.75671324
0	0	0	100
0	0	0	100
63.7838	12.1622	4.3243	19.7297
36.62163662	0.9459009459	0.8108008108	61.62166162
34.1892	23.5135	11.6216	30.6757
15.2703	33.6486	15	36.0811
30.2703	20.4054	13.1081	36.2162
30.67566932	21.35137865	18.51348149	29.45947054
30.1351	18.7838	18.1081	32.973
29.1892	18.2432	20.6757	31.8919
32.027	17.5676	17.027	33.3784
