>tfdimers__MD00571
40.1961402	19.60781961	19.60781961	20.58822059
36.2745	13.7255	19.6078	30.3922
46.0784	18.6275	15.6863	19.6078
42.15685784	17.64708235	17.64708235	22.54897745
36.27453627	19.60781961	19.60781961	24.50982451
45.0980451	20.58822059	23.52942353	10.78431078
40.1961	10.7843	23.5294	25.4902
10.78431078	19.60781961	33.33333333	36.27453627
32.3529	16.6667	22.549	28.4314
14.70588529	40.1960598	3.921596078	41.17645882
68.6275	22.549	1.9608	6.8627
76.47052353	2.941197059	2.941197059	17.64708235
6.8627	5.8824	9.8039	77.451
81.3725	0.9804	2.9412	14.7059
97.0588	0	0.9804	1.9608
95.098	1.9608	0.9804	1.9608
95.098	0	4.902	0
35.2941	14.7059	4.902	45.098
32.3529	10.7843	42.1569	14.7059
86.2745	0.9804	7.8431	4.902
4.902	0	94.1176	0.9804
6.8627	0	91.1765	1.9608
97.0588	0.9804	0.9804	0.9804
82.35298235	1.960801961	6.862706863	8.823508824
14.7059	10.7843	69.6078	4.902
22.549	13.7255	10.7843	52.9412
40.1961	10.7843	21.5686	27.451
46.0784	16.6667	19.6078	17.6471
41.1765	21.5686	15.6863	21.5686
34.3137	13.7255	23.5294	28.4314
38.2353	11.7647	19.6078	30.3922
