>tfdimers__MD00269
29.97277003	16.62128338	18.8010812	34.6048654
31.3351	20.1635	17.7112	30.7902
38.96456104	17.98368202	16.34878365	26.7029733
33.515	20.9809	17.1662	28.3379
28.3379	10.6267	15.5313	45.5041
21.7984	15.2589	48.7738	14.1689
72.4796	5.4496	13.079	8.9918
0	0	0	100
0	8.4469	0	91.5531
100	0	0	0
84.4687	5.4496	9.2643	0.8174
4.35969564	15.25888474	0.2724997275	80.10891989
8.446891553	91.28060872	0	0.2724997275
79.2916	18.5286	0	2.1798
64.3052	4.3597	13.079	18.2561
16.34878365	13.8964861	13.35148665	56.4032436
0.544999455	57.22064278	19.07358093	23.16077684
79.8365	4.6322	4.9046	10.6267
25.0681	24.2507	20.7084	29.9728
30.24523025	20.70842071	22.07082207	26.97552698
32.42506757	19.07358093	21.25337875	27.24797275
37.8747	18.8011	19.346	23.9782
32.6975327	17.16621717	23.97822398	26.15802616
29.42777057	17.98368202	20.43597956	32.15256785
31.06266894	19.07358093	18.8010812	31.06266894
