>tfdimers__MD00250
23.78752379	26.55892656	19.86141986	29.79212979
28.4065	23.7875	20.0924	27.7136
29.56117044	21.47807852	20.55427945	28.40647159
21.2471	27.0208	20.7852	30.9469
23.5566	24.2494	20.5543	31.6397
17.321	33.4873	21.0162	28.1755
10.8545	26.7898	4.388	57.9677
18.70668129	9.237890762	2.309497691	69.74593025
100	0	0	0
0	0.4619	0	99.5381
0	100	0	0
34.642	6.6975	2.5404	56.1201
17.0901	26.5589	27.7136	28.6374
27.02077298	24.48037552	12.7020873	35.7967642
22.1709	23.7875	25.4042	28.6374
39.26096074	27.02077298	27.02077298	6.697493303
29.7921	16.3972	17.552	36.2587
19.3995	35.7968	25.1732	19.6305
26.097	14.7806	17.7829	41.3395
8.776008776	63.27946328	8.545008545	19.3995194
0.2309	99.3072	0	0.4619
89.83838984	9.468809469	0	0.6928006928
0.9238	1.8476	24.7113	72.5173
25.63507436	16.62818337	21.47807852	36.25866374
6.4665	18.7067	8.776	66.0508
27.9446	15.2425	10.8545	45.9584
13.3949	24.9423	24.0185	37.6443
23.7875	25.6351	21.0162	29.5612
30.7159	30.0231	23.0947	16.1663
44.1109	13.8568	13.3949	28.6374
19.86141986	32.1016321	26.32792633	21.70902171
28.4065	23.3256	18.4758	29.7921
27.71362771	22.86372286	21.70902171	27.71362771
26.097	24.4804	20.7852	28.6374
28.8684	26.7898	16.8591	27.4827
27.94462794	22.4018224	18.93761894	30.71593072
