>tfdimers__MD00298
33.66006634	17.64708235	18.3006817	30.39216961
32.3529	16.6667	16.6667	34.3137
37.5817	16.6667	19.9346	25.817
29.4118	19.281	20.5882	30.719
30.71896928	18.62748137	17.32028268	33.33326667
34.6405	11.4379	17.3203	36.6013
44.77124477	10.78431078	21.24182124	23.2026232
45.4248	18.6275	16.3399	19.6078
25.4902	15.3595	7.1895	51.9608
11.4379	3.5948	19.281	65.6863
37.5817	9.8039	28.4314	24.183
34.9673	0.3268	16.9935	47.7124
0.9804	0	98.0392	0.9804
33.6601	23.5294	1.9608	40.8497
94.4444	5.2288	0	0.3268
98.6928	0.3268	0	0.9804
77.7778	0	22.2222	0
0	21.8954	0.3268	77.7778
95.7516	4.2484	0	0
100	0	0	0
100	0	0	0
2.6144	49.6732	0	47.7124
92.48360752	5.882394118	1.633998366	0
50.3268	11.4379	8.4967	29.7386
39.8693	9.8039	27.7778	22.549
41.83005817	10.45748954	17.64708235	30.06536993
45.098	16.6667	10.4575	27.7778
30.3922	19.281	18.6275	31.6993
39.21566078	17.32028268	18.3006817	25.16337484
32.35293235	16.01311601	19.60781961	32.02613203
36.92806307	17.97388203	16.01308399	29.08497092
30.39216961	18.62748137	20.58817941	30.39216961
