>tfdimers__MD00055
30.54546945	26.90907309	19.99998	22.54547745
24.36362436	28.000028	19.27271927	28.36362836
26.1818	24.7273	21.4545	27.6364
31.63636836	19.99998	22.54547745	25.81817418
27.2727	25.4545	28.7273	18.5455
100	0	0	0
0	0	0	100
100	0	0	0
100	0	0	0
0	0	0	100
0	100	0	0
0	60	1.0909	38.9091
9.4545	16.7273	12	61.8182
0	100	0	0
0	77.8182	0	22.1818
10.1818	35.6364	0	54.1818
24	21.8182	12.7273	41.4545
28	27.6364	20.3636	24
26.90912691	24.36362436	23.27272327	25.45452545
22.18182218	20.36362036	27.27272727	30.18183018
24.7273	28.3636	18.5455	28.3636
27.2727	25.0909	16	31.6364
