>tfdimers__MD00160
38.78503879	16.35511636	17.75701776	27.1028271
31.77566822	20.09347991	14.95328505	33.17756682
29.4393	23.3645	16.8224	30.3738
28.5047	18.2243	21.028	32.243
31.30843131	25.7009257	21.02802103	21.96262196
20.09347991	36.44856355	18.69158131	24.76637523
18.2243	21.9626	28.0374	31.7757
35.04673505	17.28971729	21.4953215	26.16822617
27.1028	12.6168	47.6636	12.6168
4.6729	33.6449	3.271	58.4112
2.8037	19.6262	0	77.5701
92.52330748	0.9345990654	5.14019486	1.401898598
92.0561	1.4019	2.3364	4.2056
2.3364	0.9346	0.4673	96.2617
5.607494393	14.95328505	9.813090187	69.62613037
85.04678505	0	12.14951215	2.803702804
28.5047	4.2056	35.9813	31.3084
0.9346	0.4673	0.4673	98.1308
85.51408551	2.336402336	7.476607477	4.672904673
99.0654	0.4673	0.4673	0
12.1495	28.0374	10.2804	49.5327
3.738303738	68.69166869	7.009307009	20.56072056
28.5046715	23.36447664	1.401898598	46.72895327
0.9346	43.4579	30.8411	24.7664
42.9907	22.4299	7.4766	27.1028
14.9533	30.8411	21.9626	32.243
35.04673505	16.82241682	17.75701776	30.37383037
26.1682	19.6262	16.8224	37.3832
31.7757	19.1589	20.5607	28.5047
27.5701	22.4299	18.6916	31.3084
23.8318	21.028	22.4299	32.7103
