>tfdimers__MD00474
31.3808	15.8996	17.9916	34.728
32.63596736	21.33887866	18.82848117	27.1966728
36.4017	19.2469	17.5732	26.7782
31.3808	18.41	19.2469	30.9623
28.0335	15.0628	21.7573	35.1464
39.74896025	9.204990795	35.56486444	15.48118452
64.4351	6.2762	28.0335	1.2552
55.6485	20.9205	7.113	16.318
44.7699	0	8.3682	46.8619
77.82422218	6.694593305	9.204990795	6.276193724
99.5816	0.4184	0	0
14.6444	0	0	85.3556
10.0418	7.9498	2.9289	79.0795
59.4142	0.8368	7.113	32.636
74.477	17.5732	5.8577	2.0921
34.3096	19.6653	5.0209	41.0042
1.2552	0	0.4184	98.3264
2.0921	0.4184	0	97.4895
97.48959749	0.8368008368	0.4184004184	1.255201255
26.77822678	14.22591423	0.8368008368	58.15905816
69.87443013	19.24688075	3.347296653	7.531392469
35.9833	14.2259	14.6444	35.1464
36.8201	15.8996	13.8075	33.4728
33.8912	20.9205	19.2469	25.9414
30.5439	19.6653	16.318	33.4728
32.21756778	19.66528033	12.55228745	35.56486444
