>tfdimers__MD00584
31.31763132	17.6957177	18.77781878	32.20883221
29.599	17.1865	17.6321	35.5824
30.5538	17.7594	16.8682	34.8186
29.2807	15.7225	16.9319	38.0649
26.60727339	18.07768192	14.57668542	40.73835926
11.1394	4.774	0	84.0866
82.9408	0	0	17.0592
78.0395	0	0	21.9605
12.73071273	6.238106238	7.638407638	73.39277339
3.6283	0	2.4825	93.8892
5.4742	0.8275	91.5977	2.1006
9.3571	16.55	10.6938	63.3991
0	100	0	0
0	0	0	100
19.86	8.9752	51.2412	19.9236
21.13302113	22.08782209	21.57862158	35.2005352
27.94397206	21.51497849	18.71418129	31.82686817
29.0261	20.4328	16.55	33.9911
32.1451	17.8867	17.7594	32.2088
29.28067072	19.73268027	18.45958154	32.52706747
29.599	19.5417	16.8682	33.9911
