>tfdimers__MD00032
27.4662	21.47	19.9226	31.1412
25.33847466	21.85687814	19.34238066	33.46226654
28.8201	21.2766	19.1489	30.7544
26.69247331	26.69247331	22.24367776	24.37137563
23.2108	26.499	16.2476	34.0426
0	68.0851	0	31.9149
100	0	0	0
0	100	0	0
0	0	0	100
100	0	0	0
100	0	0	0
0	0	14.7002	85.2998
0	100	0	0
30.56093056	39.65183965	0.7737007737	29.01352901
11.99228801	43.13345687	21.08317892	23.79107621
28.23982824	4.642204642	25.72532573	41.39264139
12.37911238	14.89361489	41.39264139	31.33463133
13.15281315	36.17023617	25.72532573	24.95162495
23.0174	27.6596	12.9594	36.3636
25.7253	21.2766	19.3424	33.6557
28.23982824	21.66342166	18.56871857	31.52803153
29.4004	22.4371	19.5358	28.6267
29.0135	22.6306	19.7292	28.6267
28.62667137	22.63057737	21.08317892	27.65957234
