>tfdimers__MD00294
23.7792	23.3546	30.5732	22.293
25.0531	21.2314	31.6348	22.0807
26.96392696	24.41612442	29.08702909	19.53291953
29.087	20.5945	30.9979	19.3206
25.0531	21.6561	33.3333	19.9575
43.7367	15.7113	26.7516	13.8004
52.01694798	7.218692781	32.48406752	8.28029172
46.70914671	2.123102123	49.46924947	1.698501699
12.1019	6.3694	80.0425	1.4862
7.431	7.6433	45.8599	39.0658
6.1571	70.4883	10.4034	12.9512
11.8896	83.6518	3.6093	0.8493
90.0212	0.8493	0.4246	8.7049
0	0	100	0
0	1.4862	97.8769	0.6369
2.335497665	0	1.061598938	96.6029034
0	0.4246	98.3015	1.2739
0	0.2123	99.7877	0
21.0191	28.0255	30.1486	20.8068
25.0531	22.9299	29.2994	22.7176
26.9639	19.3206	32.4841	21.2314
21.8684	25.9023	27.8132	24.4161
23.7792	19.9575	32.6964	23.5669
