>tfdimers__MD00587
25.45987454	23.32597667	29.21267079	22.001478
24.6505	23.1052	31.7145	20.5298
23.17882318	24.06182406	30.61073061	22.14862215
25.0184	22.0015	32.0824	20.8977
26.1221	23.3996	30.2428	20.2355
24.35612436	18.69021869	35.0993351	21.85432185
19.79398021	28.77117123	37.82186218	13.61298639
21.78072178	32.37673238	27.59382759	18.24871825
26.41652642	22.59012259	32.81823282	18.17511818
23.8411	26.3429	34.6578	15.1582
41.5011	3.7528	23.5467	31.1994
0	0	100	0
0	33.6277	0	66.3723
0	0	100	0
0	0	100	0
14.6431	0.2208	84.8418	0.2943
99.55840044	0.2207997792	0.0735999264	0.1471998528
66.8874	0.4415	32.5975	0.0736
72.3326	0.883	26.3429	0.4415
20.0883	35.688	28.1825	16.0412
7.2848	10.1545	67.5497	15.011
25.092	24.5769	32.0824	18.2487
27.74097226	21.55997844	30.90506909	19.79398021
24.7976	21.56	32.9654	20.677
24.57687542	24.28257572	29.13907086	22.001478
23.2524	25.6806	29.1391	21.9279
