>tfdimers__MD00451
31.46256854	19.38778061	20.74827925	28.4013716
32.6531	17.8571	19.898	29.5918
31.1224	20.2381	18.1973	30.4422
32.6531	22.7891	16.8367	27.7211
31.6327	19.5578	18.1973	30.6122
30.2721	38.4354	12.2449	19.0476
34.6939	27.7211	10.7143	26.8707
17.3469	35.7143	23.1293	23.8095
27.55097245	19.38778061	14.62588537	38.43536156
9.013609014	67.85716786	18.53741854	4.591804592
93.53749354	1.870701871	0	4.591804592
81.12248112	1.02040102	13.77551378	4.081604082
7.142892857	0.5101994898	92.17680782	0.1700998299
31.4626	0.3401	27.0408	41.1565
0	0	100	0
65.4762	34.1837	0	0.3401
0.3401	0	0	99.6599
0.1701	0	0.3401	99.4898
31.4626	9.1837	13.7755	45.5782
27.381	17.517	25.3401	29.7619
25.3401	18.1973	25	31.4626
29.08162908	21.08842109	18.70751871	31.12243112
30.9524	18.8776	17.8571	32.3129
32.65306735	17.00678299	19.8979801	30.44216956
29.7619	21.2585	19.898	29.0816
29.2517	17.1769	19.7279	33.8435
