>tfdimers__MD00287
25.58687441	22.53517746	26.29107371	25.58687441
25.3521	22.77	27.6995	24.1784
27.23	22.77	26.5258	23.4742
25.3521	26.2911	21.3615	26.9953
24.41312441	21.5962216	26.76062676	27.23002723
21.5962216	25.82162582	28.87322887	23.70892371
26.52582653	21.5962216	23.70892371	28.16902817
25.3521	22.3005	28.6385	23.7089
26.9953	29.8122	23.4742	19.7183
22.5352	32.1596	19.4836	25.8216
30.9859	19.2488	21.1268	28.6385
30.9859	18.7793	26.7606	23.4742
37.32393732	15.25821526	35.44603545	11.97181197
46.9484	0.4695	47.4178	5.1643
0.7042	0.2347	0.939	98.1221
0	0	100	0
99.7653	0	0	0.2347
0	100	0	0
100	0	0	0
0	0	100	0
0	100	0	0
35.6808	0	3.0516	61.2676
0	22.3005	77.6995	0
15.7277	27.9343	28.169	28.169
20.892	20.4225	28.4038	30.2817
24.8826	25.1174	26.9953	23.0047
28.6385	24.1784	24.1784	23.0047
27.23	23.9437	23.2394	25.5869
25.58687441	20.89197911	26.76057324	26.76057324
23.7089	23.7089	29.108	23.4742
