>tfdimers__MD00082
26.875	19.375	20.625	33.125
26.875	33.75	14.375	25
34.375	26.25	13.75	25.625
32.5	24.375	20	23.125
26.25	31.25	25	17.5
40.625	3.75	28.125	27.5
0	0	100	0
100	0	0	0
0	0	0	100
94.375	0	0	5.625
95	0	3.125	1.875
1.25	0	0.625	98.125
0	100	0	0
5.625	83.125	0	11.25
28.125	29.375	12.5	30
48.75	31.875	18.75	0.625
0	100	0	0
38.75	21.875	3.125	36.25
29.375	21.25	22.5	26.875
28.75	25	20	26.25
36.875	23.75	18.75	20.625
32.5	21.25	19.375	26.875
