>tfdimers__MD00046
27.7677	21.5971	22.323	28.3122
28.49362849	22.14162214	20.87112087	28.49362849
27.7677	23.412	23.9564	24.8639
24.6824	23.412	24.3194	27.5862
29.7641	26.3158	24.3194	19.6007
23.2305	6.1706	15.7895	54.8094
2.9038	13.6116	74.5917	8.8929
4.7187	19.7822	15.245	60.2541
0	100	0	0
0	0	0	100
3.811296189	5.081694918	88.2032118	2.903797096
11.97821198	28.67512868	28.67512868	30.67153067
28.6751	20.5082	24.8639	25.9528
23.5935	21.4156	27.7677	27.2232
27.0417	20.3267	22.1416	30.49
25.0454	21.2341	25.2269	28.4936
22.14157786	23.77497623	23.23047677	30.85296915
30.853	19.0563	27.2232	22.8675
28.6751	28.3122	23.775	19.2377
58.2577	1.9964	7.078	32.6679
0	0	100	0
99.4555	0	0.5445	0
0	0	0	100
75.4991	1.4519	6.5336	16.5154
64.9728	5.0817	21.2341	8.7114
29.7641	18.1488	37.0236	15.0635
30.6715	18.8748	30.49	19.9637
28.3122	20.8711	24.8639	25.9528
26.67877332	20.50817949	23.41197659	29.4010706
28.4936	20.6897	24.3194	26.4973
25.5898	19.7822	26.3158	28.3122
