>tfdimers__MD00172
32.3741	13.6691	17.9856	35.9712
28.777	31.6547	17.9856	21.5827
27.33812734	24.46042446	11.51081151	36.69063669
25.17987482	18.7049813	25.17987482	30.93526906
28.77697122	23.02157698	22.3021777	25.8992741
39.5683	0	23.0216	37.4101
38.1295	0	52.518	9.3525
35.9712	0	64.0288	0
4.316504317	0	91.36699137	4.316504317
0	5.035994964	2.158297842	92.80570719
3.597103597	15.10791511	7.194207194	74.1007741
92.8058	4.3165	0	2.8777
100	0	0	0
0	0	0	100
100	0	0	0
100	0	0	0
0	0	0	100
11.51081151	12.94961295	10.07191007	65.46766547
52.51794748	14.38848561	10.79138921	22.3021777
54.67624532	14.38848561	11.51078849	19.42448058
19.4245	38.8489	11.5108	30.2158
28.0576	23.0216	12.9496	35.9712
