>tfdimers__MD00083
24.0695	28.0397	19.8511	28.0397
24.5658	24.3176	23.8213	27.2953
27.5434	24.5658	22.5806	25.3102
20.5955206	28.78412878	28.03972804	22.58062258
27.0471	21.0918	30.5211	21.34
0	100	0	0
0	100	0	0
100	0	0	0
0	0	0	100
28.536	59.8015	0	11.6625
2.977697022	0	2.233297767	94.78900521
0	0	100	0
0	18.61041861	66.5012665	14.88831489
13.3995	0	5.4591	81.1414
0	2.2333	88.8337	8.933
0	18.8586	81.1414	0
24.06952407	27.04712705	26.3027263	22.58062258
24.0695	21.8362	26.3027	27.7916
22.5806	24.0695	24.3176	29.0323
26.0546	21.8362	21.8362	30.273
26.3027263	21.58812159	22.58062258	29.52852953
