>tfdimers__MD00074
30.2789	29.8805	18.3267	21.5139
35.4582	21.5139	17.9283	25.0996
23.1076	17.9283	14.741	44.2231
19.1235	28.6853	14.3426	37.8486
23.1076	19.9203	11.5538	45.4183
0	100	0	0
0	100	0	0
100	0	0	0
0	0	0	100
43.42634343	13.94421394	27.49002749	15.13941514
92.4303	0	1.992	5.5777
1.992001992	88.84468884	2.39040239	6.772906773
99.6016	0	0	0.3984
98.008	0.7968	0.7968	0.3984
62.9482	0.3984	0	36.6534
18.3267	0	78.8845	2.7888
22.7092	20.7171	54.9801	1.5936
28.28687171	27.09157291	28.68527131	15.93628406
35.4582	20.7171	19.9203	23.9044
31.8725	20.3187	24.7012	23.1076
28.6853	25.0996	21.1155	25.0996
28.2869	25.0996	21.5139	25.0996
