>tfdimers__MD00144
25.56817443	26.13637386	17.04548295	31.24996875
26.7045267	20.45452045	23.86362386	28.97732898
27.8409	27.2727	26.1364	18.75
24.4318	23.2955	20.4545	31.8182
27.2727	27.8409	19.8864	25
36.36363636	13.06821307	26.7045267	23.86362386
31.25	5.1136	50	13.6364
46.0227	9.0909	40.9091	3.9773
0.5681994318	94.88630511	1.136398864	3.409096591
60.22723977	10.22728977	6.818193182	22.72727727
20.4545	0.5682	6.8182	72.1591
0	1.136398864	98.2954017	0.5681994318
0.5682	41.4773	0	57.9545
1.136401136	76.7045767	1.704501705	20.45452045
9.0909	36.3636	3.9773	50.5682
23.2955	33.5227	22.1591	21.0227
88.6364	11.3636	0	0
97.72720227	1.136398864	1.136398864	0
0	100	0	0
23.2954767	13.06818693	6.24999375	57.38634261
13.06821307	8.522708523	32.95453295	45.45454545
11.9318	10.7955	69.3182	7.9545
8.522708523	43.18184318	11.93181193	36.36363636
23.8636	32.3864	14.2045	29.5455
22.1591	25.5682	19.3182	32.9545
26.1364	21.0227	21.5909	31.25
26.7045267	21.02272102	24.43182443	27.84092784
23.8636	21.0227	22.7273	32.3864
