>tfdimers__MD00340
34.38316562	15.48558451	17.84778215	32.28346772
34.64566535	14.6981853	18.37268163	32.28346772
35.6955	19.1601	15.2231	29.9213
32.021	20.7349	17.0604	30.1837
33.5958	21.5223	15.4856	29.3963
18.6352	0	0	81.3648
27.55907244	57.74274226	14.6981853	0
85.0394	0	0.7874	14.1732
0	8.1365	91.8635	0
0	100	0	0
99.4751	0	0.5249	0
100	0	0	0
52.4934	0	0	47.5066
40.9449	0	0	59.0551
100	0	0	0
93.4383	0	0	6.5617
50.1312	13.9108	12.5984	23.3596
39.895	17.3228	16.7979	25.9843
36.4829	20.9974	13.6483	28.8714
34.6457	18.3727	16.5354	30.4462
33.5958	18.1102	16.7979	31.4961
