>tfdimers__MD00291
32.48406752	20.38217962	13.37578662	33.75796624
38.2166	14.0127	25.4777	22.293
28.6624	24.8408	21.0191	25.4777
40.1274	16.5605	15.9236	27.3885
31.8471	22.293	21.0191	24.8408
38.21656178	19.10828089	19.10828089	23.56687643
44.586	23.5669	14.0127	17.8344
54.14015414	9.554109554	6.369406369	29.93632994
71.33752866	10.19108981	1.273898726	17.1974828
100	0	0	0
100	0	0	0
0	100	0	0
100	0	0	0
100	0	0	0
0	0	0	100
0	0	100	0
0	0	100	0
38.8535	15.9236	22.293	22.9299
34.39486561	17.1974828	24.84077516	23.56687643
31.8471	16.5605	20.3822	31.2102
31.84713185	21.01912102	18.47131847	28.66242866
29.9363	19.1083	22.293	28.6624
