>tfdimers__MD00004
28.3149	21.3102	23.3031	27.0718
26.8942	22.4349	24.6843	25.9866
26.95342695	23.34252334	22.37572238	27.32832733
23.77662378	23.00712301	22.51382251	30.7024307
25.2565	22.9084	21.4286	30.4065
26.7956	23.0663	19.4554	30.6827
36.7995368	18.9029189	19.15941916	25.13812514
10.57618942	11.7008883	7.537492463	70.18542981
6.1957	12.7664	4.0253	77.0126
5.4657	0.2368	3.3346	90.9629
10.31968968	15.80508419	64.20673579	9.668490332
12.03628796	82.95181705	3.216296784	1.795598204
88.003112	4.025295975	0.1972998027	7.774292226
14.266	1.3418	14.1081	70.2841
33.7609	17.1073	35.0631	14.0687
72.7901	3.1373	3.8082	20.2644
6.906093094	53.2951467	33.38596661	6.412793587
94.69210531	2.525697474	0.7497992502	2.032397968
91.0813	2.4862	4.2226	2.2099
59.6488	2.1113	7.1626	31.0773
35.45776454	4.340995659	52.74264726	7.458592541
30.38673039	17.42301742	48.18474818	4.005504006
41.0813	24.783	21.8232	12.3125
41.79155821	20.42227958	21.60617839	16.17998382
31.7877	23.678	26.3615	18.1728
29.4001706	25.92737407	20.93527906	23.73717626
31.43253143	23.00712301	22.47432247	23.08602309
29.2423	22.1784	23.1847	25.3946
28.1768	20.8169	23.4215	27.5848
27.8019	21.3891	22.7901	28.0189
27.9006	20.3828	23.6582	28.0584
27.8019	21.3496	23.8161	27.0324
