>tfdimers__MD00573
23.9486	29.9065	24.8053	21.3396
22.8193	26.324	27.4922	23.3645
21.57317843	29.55607044	25.62307438	23.24767675
21.02802103	27.60902761	28.23212823	23.13082313
21.3006	30.4128	28.5826	19.704
25.1168	12.6558	22.7025	39.5249
1.47979852	23.87067613	69.8987301	4.750795249
3.271003271	19.50931951	23.5981236	53.62155362
0	100	0	0
0	0	0	100
5.257	8.6059	85.1246	1.0125
1.0125	85.1246	8.6059	5.257
100	0	0	0
0	0	100	0
53.62155362	23.5981236	19.50931951	3.271003271
4.750795249	69.8987301	23.87067613	1.47979852
39.5249	22.7025	12.6558	25.1168
19.704	28.5826	30.4128	21.3006
23.13082313	28.23212823	27.60902761	21.02802103
23.24767675	25.62307438	29.55607044	21.57317843
23.3645	27.4922	26.324	22.8193
21.3396	24.8053	29.9065	23.9486
