>tfdimers__MD00478
31.0647	17.2507	20.8221	30.8625
32.2776	17.2507	18.5984	31.8733
31.94073194	16.98111698	19.27221927	31.80593181
32.14286786	15.76818423	21.02427898	31.06466894
31.8059	19.5418	19.9461	28.7062
38.54446146	44.60915539	0.0673999326	16.77898322
37.7358	1.6173	5.593	55.0539
16.1051	19.0027	0	64.8922
0	0	0	100
0	0	100	0
0	9.097	18.4636	72.4394
20.6873	24.5283	31.8733	22.9111
31.67116833	0.2021997978	41.23985876	26.88677311
2.156302156	0.9434009434	96.15909616	0.7412007412
96.496	1.0782	0.3369	2.0889
83.9623	1.4151	1.2129	13.4097
30.5256	2.4933	20.6199	46.3612
30.1887	17.7224	22.1024	29.9865
33.8949	17.9245	18.0593	30.1213
32.2102	19.4744	17.9919	30.3235
32.74933275	17.04851705	18.3962184	31.80593181
30.7951308	16.30731631	19.67651968	33.22103322
