>tfdimers__MD00501
27.8481	27.4864	21.8807	22.7848
22.96562297	26.4014264	25.4973255	25.13562514
26.0398	28.5714	22.0615	23.3273
23.1465	24.5931	23.5081	28.7523
25.3165	21.6998	29.1139	23.8698
13.2007	48.8246	22.7848	15.1899
0	99.8192	0	0.1808
83.906	7.5949	0.5425	7.9566
3.9783	43.038	34.7197	18.264
23.3273	56.4195	16.2749	3.9783
0.1808	0.3617	0.9042	98.5533
0	0.1808001808	99.0958991	0.7233007233
1.8083	2.7125	44.6655	50.8137
3.0741	85.1718	11.3924	0.3617
87.88421212	6.690793309	1.446698553	3.978296022
0.9041990958	96.38330362	1.808298192	0.9041990958
1.085	4.1591	5.2441	89.5118
0.9041990958	17.9023821	37.79386221	43.3995566
18.0832	19.8915	35.8047	26.2206
15.1899	46.2929	21.519	16.9982
26.0398	28.0289	17.3599	28.5714
26.4014264	25.4973255	22.96562297	25.13562514
23.1465	22.7848	24.0506	30.0181
20.6148	30.5606	23.1465	25.6781
24.9548	25.6781	22.604	26.7631
