>tfdimers__MD00051
24.73117527	26.16487384	16.48748351	32.61646738
19.1756	27.2401	19.7133	33.871
14.15771416	34.76703477	19.35481935	31.72043172
17.92111792	33.33333333	15.94981595	32.7957328
31.72043172	22.58062258	21.50542151	24.19352419
0	75.98562401	12.00718799	12.00718799
0.3584	0	0	99.6416
0	0	0	100
0	100	0	0
0	100	0	0
0	37.276	2.8674	59.8566
8.2437	44.6237	6.9892	40.1434
0	0	0	100
1.2545	0	0	98.7455
0	100	0	0
10.2151	55.3763	0	34.4086
12.36561237	35.12543513	5.197105197	47.31184731
19.17561918	31.8996319	17.92111792	31.003631
22.7599	28.6738	17.0251	31.5412
20.43007957	23.11827688	19.71328029	36.73836326
16.48748351	31.003569	18.27958172	34.22936577
19.17561918	34.22943423	17.92111792	28.67382867
