>tfdimers__MD00596
31.57893158	15.31101531	17.7033177	35.40673541
29.6651	16.7464	22.488	31.1005
26.79427321	22.00957799	19.13878086	32.05736794
22.9665	20.0957	22.488	34.4498
32.0574	14.3541	21.5311	32.0574
0	0	18.6603	81.3397
17.7033	0	14.3541	67.9426
0	0	0	100
0	0	0	100
100	0	0	0
0	33.0144	0	66.9856
74.1627	0	23.9234	1.9139
0	0	100	0
0	0	100	0
18.6603	0.9569	29.6651	50.7177
27.27272727	46.41154641	16.26791627	10.04781005
92.3445	3.3493	0.9569	3.3493
24.8804	16.7464	37.3206	21.0526
36.8421	10.0478	23.445	29.6651
32.5359	19.1388	18.1818	30.1435
35.8852	15.311	18.1818	30.622
33.97133397	17.7033177	18.18181818	30.14353014
28.70812871	21.05262105	19.61721962	30.62203062
