>tfdimers__MD00322
26.9737	26.9737	22.2039	23.8487
23.19077681	24.50657549	26.48027352	25.82237418
27.4671	26.3158	24.1776	22.0395
26.8092	25.1645	23.8487	24.1776
26.48027352	23.19077681	26.48027352	23.84867615
23.1908	20.5592	27.6316	28.6184
31.90786809	27.7960722	32.56576743	7.73029227
30.0987	17.4342	20.8882	31.5789
16.1184	26.3158	39.8026	17.7632
26.64472664	14.8026148	31.08553109	27.46712747
8.0592	63.9803	12.8289	15.1316
0.3289003289	99.01329901	0.3289003289	0.3289003289
91.1184	8.0592	0	0.8224
0	0.6578993421	30.92106908	68.42103158
25.1645	28.9474	19.0789	26.8092
3.125	1.1513	3.9474	91.7763
0	0	100	0
0	0	100	0
17.9276	0	66.2829	15.7895
0	0	100	0
90.4605	0.1645	0	9.375
25.98682599	16.28291628	48.02634803	9.703909704
33.8816	17.2697	27.1382	21.7105
23.8487	24.6711	25.9868	25.4934
29.2763	20.5592	26.1513	24.0132
24.8355	17.5987	33.5526	24.0132
30.2632	19.2434	28.6184	21.875
