>tfdimers__MD00034
23.36067664	25.81967418	27.04917295	23.77047623
29.0983709	22.54097746	20.49177951	27.86887213
25.4098	18.8525	23.7705	31.9672
25.40982541	21.72132172	20.49182049	32.37703238
29.91802992	24.18032418	18.44261844	27.45902746
31.96723197	17.21311721	25.40982541	25.40982541
31.9672	22.541	19.2623	26.2295
22.13112213	29.0984291	16.39341639	32.37703238
19.2623	26.2295	21.7213	32.7869
10.65571066	43.03284303	19.67211967	26.63932664
2.0492	64.7541	0.4098	32.7869
38.1148	2.459	0	59.4262
0	1.639301639	1.639301639	96.72139672
0.4098	0	0.8197	98.7705
2.0492	0.8197	97.1311	0
2.0492	2.0492	0.4098	95.4918
12.7049127	21.72132172	15.16391516	50.40985041
48.77054877	8.196708197	1.639301639	41.39344139
1.639301639	4.098404098	7.377007377	86.88528689
6.5574	1.2295	55.7377	36.4754
4.508204508	52.45905246	10.65571066	32.37703238
24.5902	0	0	75.4098
100	0	0	0
100	0	0	0
7.7869	0	4.918	87.2951
6.9672	0	64.7541	28.2787
36.0656	20.4918	20.4918	22.9508
30.32786967	21.31147869	23.77047623	24.59017541
29.50817049	22.54097746	18.85248115	29.0983709
22.541	27.0492	19.2623	31.1475
27.0492	23.7705	19.2623	29.918
