>tfdimers__MD00098
27.4933	20.8895	23.0458	28.5714
26.95417305	21.02427898	18.73318127	33.28836671
25.33692534	19.27221927	23.04582305	32.34503235
26.8194	22.7763	20.8895	29.5148
28.3018717	24.12397588	19.13748086	28.43667156
68.7332	0	31.2668	0
15.09431509	28.03232803	43.3962434	13.47711348
0	7.9515	4.1779	87.8706
0	0	0	100
0	0	0	100
0	100	0	0
55.3908	10.3774	4.717	29.5148
26.6846	19.9461	25.4717	27.8976
31.67116833	9.838290162	16.30728369	42.18325782
42.0485	19.407	17.1159	21.4286
0.2695	0.1348	0.1348	99.4609
0.5391	1.0782	91.6442	6.7385
96.496	0.8086	1.2129	1.4825
10.6469	57.8167	19.2722	12.2642
18.0593	11.0512	7.0081	63.8814
22.1024	46.9003	8.4906	22.5067
62.6685	14.0162	6.3342	16.9811
28.5714	16.3073	26.1456	28.9757
32.4798	23.1806	17.9245	26.4151
29.6496	22.2372	19.5418	28.5714
31.2668	20.0809	21.9677	26.6846
27.2237	23.1806	20.7547	28.841
28.3019	21.0243	20.7547	29.9191
