>tfdimers__MD00182
28.53857146	24.51087549	26.6973733	20.25317975
26.92747307	23.47527652	25.2013748	24.3958756
27.733	22.4396	29.229	20.5984
29.6893	20.9436	28.6536	20.7135
30.4948	19.2175	27.618	22.6697
35.0978	36.1335	28.7687	0
38.7802	0	32.4511	28.7687
0	100	0	0
100	0	0	0
0	0	100	0
0	100	0	0
88.9528	0.1151	4.0276	6.9045
0	0.1151	99.8849	0
1.611001611	0.9206009206	97.12319712	0.3452003452
89.5282	1.8412	7.8251	0.8055
62.2555	0.8055	25.5466	11.3924
15.6502	12.6582	63.4062	8.2854
15.65018435	26.92747307	24.3958756	33.02646697
26.0069	26.8124	24.8562	22.3245
28.3084	21.8642	27.9632	21.8642
28.3084	23.7054	26.3521	21.6341
24.51092451	23.59032359	27.73302773	24.16572417
26.5823	23.5903	26.122	23.7054
