>tfdimers__MD00043
26.8212	19.702	27.649	25.8278
25.4967255	24.33772434	24.33772434	25.82782583
25.8278	24.5033	25.1656	24.5033
26.8212	22.351	25.3311	25.4967
23.6755	25.8278	25.1656	25.3311
38.57616142	20.6953793	23.17877682	17.54968245
58.2781	8.4437	22.8477	10.4305
59.7682	3.1457	35.0993	1.9868
12.9139	3.3113	82.947	0.8278
6.1258	5.9603	55.9603	31.9536
7.2848	65.894	16.2252	10.596
5.9603	92.3841	1.1589	0.4967
99.8344	0	0	0.1656
4.4702	9.9338	2.649	82.947
2.8146	92.7152	3.6424	0.8278
0.4967	0	0.1656	99.3377
0.1655998344	0	99.66880033	0.1655998344
0.6623	20.6954	69.8675	8.7748
24.1722	53.6424	5.6291	16.5563
40.2318	9.6026	10.4305	39.7351
18.3775	23.0132	17.5497	41.0596
18.04638195	23.84107616	16.22518377	41.88735811
21.35762136	24.5033245	24.83442483	29.3046293
24.0066	25.4967	23.5099	26.9868
24.33772434	23.17882318	25.82782583	26.65562666
25.3311	25.4967	22.6821	26.4901
26.49007351	21.19207881	23.67547632	28.64237136
