>tfdimers__MD00283
34.585	14.6245	18.1818	32.6087
32.4111	16.2055	17.7866	33.5968
32.6087	13.4387	17.3913	36.5613
36.166	17.1937	18.7747	27.8656
34.3874	21.9368	16.996	26.6798
39.9209	14.0316	8.8933	37.1542
84.9802	1.1858	6.917	6.917
18.3794	0	8.6957	72.9249
7.312292688	1.778698221	86.16591383	4.743095257
21.5415	41.1067	6.3241	31.0277
79.4466	7.5099	1.3834	11.6601
88.73511126	1.976298024	1.976298024	7.312292688
79.44667945	0.1976001976	0.7905007905	19.56521957
14.4269	1.3834	13.4387	70.751
70.751	13.4387	1.3834	14.4269
19.56521957	0.7905007905	0.1976001976	79.44667945
7.312292688	1.976298024	1.976298024	88.73511126
11.6601	1.3834	7.5099	79.4466
31.0277	6.3241	41.1067	21.5415
4.743095257	86.16591383	1.778698221	7.312292688
72.9249	8.6957	0	18.3794
6.917	6.917	1.1858	84.9802
37.1542	8.8933	14.0316	39.9209
26.6798	16.996	21.9368	34.3874
27.8656	18.7747	17.1937	36.166
36.5613	17.3913	13.4387	32.6087
33.5968	17.7866	16.2055	32.4111
32.6087	18.1818	14.6245	34.585
