>tfdimers__MD00027
29.2968707	19.66148034	13.67188633	37.36976263
28.9062	23.5677	15.3646	32.1615
30.0781	17.4479	16.6667	35.8073
26.0417	17.8385	16.1458	39.974
30.5989694	16.7968832	21.35417865	31.24996875
15.1042	16.0156	14.4531	54.4271
16.276	21.6146	12.2396	49.8698
0	0	0	100
19.9219	0	80.0781	0
0	0	0	100
0	3.645803646	11.58851159	84.76568477
0	0	0	100
94.1406	5.8594	0	0
0	100	0	0
39.974	0	0	60.026
0	0	0	100
30.3385	4.0365	16.1458	49.4792
0	0	35.026	64.974
25.3906	24.0885	23.1771	27.3438
29.1667	22.7865	14.5833	33.4635
33.2031	18.6198	16.9271	31.25
28.9062	16.6667	17.4479	36.9792
25.91147409	16.7968832	18.61978138	38.67186133
32.6823	16.0156	14.5833	36.7188
30.0781	16.7969	15.8854	37.2396
