>tfdimers__MD00132
24.7136	22.2586	34.2062	18.8216
27.8232	21.4403	30.6056	20.1309
24.0589	18.9853	29.9509	27.0049
26.0229	16.3666	38.2979	19.3126
28.31422831	26.35022635	32.24223224	13.09331309
0	100	0	0
100	0	0	0
11.293	16.6939	72.0131	0
36.6612	32.0786	22.2586	9.0016
0	0	0	100
0	0	100	0
0	0	100	0
0	0	41.2439	58.7561
0	0	100	0
59.9018	0	40.0982	0
0	0	100	0
30.4419	19.9673	31.9149	17.6759
27.1686	21.1129	30.6056	21.1129
24.7136	20.7856	32.7332	21.7676
24.71357529	20.45827954	33.38786661	21.44027856
28.1506	19.3126	31.4239	21.1129
