>tfdimers__MD00251
27.193	19.2982	15.7895	37.7193
40.78945921	12.71928728	17.98248202	28.50877149
27.193	25	18.8596	28.9474
37.2807	15.7895	11.8421	35.0877
30.7017693	21.92977807	16.22808377	31.14036886
35.08773509	13.15791316	6.578906579	45.17544518
31.57893158	24.12282412	19.2982193	25.000025
6.14039386	0	0.4385995614	93.42100658
0	0	98.6842	1.3158
0.4386	19.2982	0.8772	79.386
14.9123	10.5263	29.8246	44.7368
0	94.7368	5.2632	0
11.8421	35.5263	0	52.6316
23.6842	55.2632	0.8772	20.1754
94.7368	0.4386	4.386	0.4386
1.3158	0	0	98.6842
70.614	1.3158	0.4386	27.6316
98.2456	0	0	1.7544
97.807	0.4386	0.4386	1.3158
81.5789	1.3158	2.6316	14.4737
35.9649	17.1053	7.4561	39.4737
24.5614	11.4035	10.5263	53.5088
42.98245702	15.78948421	13.15788684	28.07017193
35.0877	12.7193	15.7895	36.4035
37.7193	11.4035	10.9649	39.9123
36.8421	14.4737	15.3509	33.3333
36.4035	17.1053	14.9123	31.5789
29.38597061	18.42108158	22.36837763	29.82457018
38.15786184	15.78948421	17.98248202	28.07017193
35.9649	12.2807	18.4211	33.3333
