>tfdimers__MD00353
19.1571	23.3716	21.8391	35.6322
23.3716	26.4368	14.5594	35.6322
28.35252835	19.54021954	14.17621418	37.93103793
24.5211	22.9885	16.4751	36.0153
25.2874	20.3065	21.0728	33.3333
5.7471	48.2759	13.0268	32.9502
7.2797	70.8812	0.7663	21.0728
26.0536	1.5326	0	72.4138
1.1494	3.8314	3.4483	91.5709
1.149401149	0.3831003831	0.3831003831	98.08439808
21.0728	2.2989	75.4789	1.1494
3.8314	2.2989	1.1494	92.7203
0	0	0	100
0	0.7663	75.8621	23.3716
98.46749847	0	0.3831003831	1.149401149
7.2797	72.7969	8.4291	11.4943
25.2874	14.9425	4.5977	55.1724
13.0268	45.5939	8.4291	32.9502
62.8352	13.41	4.2146	19.5402
29.1188	19.9234	22.2222	28.7356
22.2222	20.3065	25.6705	31.8008
8.8123	24.1379	37.931	29.1188
18.0077	12.2605	20.3065	49.4253
18.77391877	21.45592146	24.9042249	34.86593487
27.9693	23.7548	18.0077	30.2682
29.5019	18.3908	19.9234	32.1839
25.6705	19.5402	20.3065	34.4828
32.1839	18.0077	17.6245	32.1839
31.8008	19.5402	16.8582	31.8008
