>tfdimers__MD00406
30.64516935	10.48388952	41.93545806	16.93548306
14.5161	45.1613	12.0968	28.2258
9.677409677	20.96772097	39.51613952	29.83872984
28.2258	33.0645	29.8387	8.871
8.871	22.5806	25.8065	42.7419
0	100	0	0
98.3871	0	1.6129	0
0	22.58062258	53.22585323	24.19352419
22.5806	55.6452	21.7742	0
0	2.4194	0	97.5806
0	0	100	0
35.48386452	29.03227097	16.93548306	18.54838145
10.4839	28.2258	34.6774	26.6129
25.8065	41.129	20.9677	12.0968
36.2903	15.3226	33.0645	15.3226
8.0645	41.9355	7.2581	42.7419
13.70968629	57.25804274	18.54838145	10.48388952
11.2903	16.9355	12.0968	59.6774
5.6452	19.3548	62.0968	12.9032
25.000025	12.9032129	49.19354919	12.9032129
29.0323	16.129	37.9032	16.9355
29.8387	12.9032	35.4839	21.7742
9.6774	32.2581	47.5806	10.4839
25	26.6129	13.7097	34.6774
16.9355	27.4194	41.129	14.5161
16.129	20.1613	26.6129	37.0968
25.8065	17.7419	42.7419	13.7097
16.9355	26.6129	36.2903	20.1613
20.1613	36.2903	26.6129	16.9355
13.7097	42.7419	17.7419	25.8065
37.0968	26.6129	20.1613	16.129
14.5161	41.129	27.4194	16.9355
34.6774	13.7097	26.6129	25
10.4839	47.5806	32.2581	9.6774
21.7742	35.4839	12.9032	29.8387
16.9355	37.9032	16.129	29.0323
12.9032129	49.19354919	12.9032129	25.000025
12.9032	62.0968	19.3548	5.6452
59.6774	12.0968	16.9355	11.2903
10.48388952	18.54838145	57.25804274	13.70968629
42.7419	7.2581	41.9355	8.0645
15.3226	33.0645	15.3226	36.2903
12.0968	20.9677	41.129	25.8065
26.6129	34.6774	28.2258	10.4839
18.54838145	16.93548306	29.03227097	35.48386452
0	100	0	0
97.5806	0	2.4194	0
0	21.7742	55.6452	22.5806
24.19352419	53.22585323	22.58062258	0
0	1.6129	0	98.3871
0	0	100	0
42.7419	25.8065	22.5806	8.871
8.871	29.8387	33.0645	28.2258
29.83872984	39.51613952	20.96772097	9.677409677
28.2258	12.0968	45.1613	14.5161
16.93548306	41.93545806	10.48388952	30.64516935
