>tfdimers__MD00162
23.999976	20.8979791	35.14286486	19.95918004
24.7347	21.9592	33.8367	19.4694
22.5714	23.3878	35.0612	18.9796
23.9592	21.7551	32.8163	21.4694
27.5918	17.2245	36.0408	19.1429
21.0612	7.6327	55.7959	15.5102
26.69387331	4.938795061	58.93874106	9.428590571
18.4082	0.0408	81.4694	0.0816
17.42858257	13.95918604	57.14284286	11.46938853
6.2449	44	49.5102	0.2449
80.2449	0.4898	0.0816	19.1837
0.0816	0	99.6735	0.2449
1.8776	5.102	92.6531	0.3673
65.7959658	0.1224001224	23.46942347	10.61221061
2.122402122	0.0408000408	90.81639082	7.02040702
5.591805592	7.02040702	46.57144657	40.81634082
0.0408000408	72.77557278	25.34692535	1.836701837
99.8367	0	0	0.1633
16.93878306	6.163293837	60.24483976	16.65308335
23.4694	21.3469	37.551	17.6327
25.7143	19.8367	33.7959	20.6531
26.5714	23.4694	29.8776	20.0816
24.93877506	23.999976	29.67347033	21.38777861
25.4286	22.0408	31.7551	20.7755
