>tfdimers__MD00254
34.6898	15.3505	17.8082	32.1515
33.8034	17.365	16.6398	32.1918
33.92426608	17.60678239	17.64708235	30.82186918
34.448	17.9694	19.0975	28.4851
36.74456326	18.81548118	16.84128316	27.5986724
44.44	21.8372	12.5302	21.1926
78.28367828	9.70990971	1.047501048	10.95891096
27.23607276	0.1208998791	11.96618803	60.67683932
11.56328844	5.721194279	72.36092764	10.35458965
22.7236	49.6374	14.2627	13.3763
86.7042133	12.28848771	0.0402999597	0.966999033
83.7228	7.0105	3.9081	5.3586
70.9106	6.8896	12.6108	9.589
12.6108	15.8743	4.3513	67.1636
82.11128211	4.311004311	3.908103908	9.66960967
57.2119	1.3296	6.6882	34.7703
11.8453	5.8018	3.6664	78.6865
24.33522434	8.420608421	3.062003062	64.18216418
65.3908	3.6664	17.2039	13.7389
78.88792111	5.076594923	5.680894319	10.35458965
30.86223086	6.728406728	3.223203223	59.18615919
17.5262	6.7687	10.1531	65.552
68.0097	4.9557	13.7792	13.2554
24.8993	32.5141	13.8195	28.7671
45.36664537	19.86301986	7.937107937	26.83322683
33.72276628	15.63258437	16.72038328	33.92426608
35.3344	15.9146	18.2514	30.4996
34.36743437	16.96211696	17.76791777	30.9025309
34.40773441	15.83401583	17.32471732	32.43353243
34.0854	16.801	16.9621	32.1515
