>tfdimers__MD00224
26.0309	28.3505	21.6495	23.9691
27.8351	27.3196	19.5876	25.2577
21.9072	29.1237	22.6804	26.2887
26.0309	28.866	20.8763	24.2268
19.3299	33.7629	21.134	25.7732
0	100	0	0
0	100	0	0
100	0	0	0
0	0	0	100
0	0	1.2887	98.7113
19.3299	64.433	6.701	9.5361
69.58766959	17.01031701	9.020609021	4.381404381
5.154605155	86.34028634	7.474207474	1.030901031
84.2784	4.8969	5.6701	5.1546
4.896895103	79.63912036	14.17528582	1.288698711
15.9794	69.8454	1.0309	13.1443
14.6907	22.1649	3.866	59.2784
17.7835	27.0619	25	30.1546
27.5773	27.8351	20.1031	24.4845
23.4536	28.6082	18.299	29.6392
25	26.5464	22.6804	25.7732
25.5155	28.3505	20.1031	26.0309
