>tfdimers__MD00524
19.0909	35	19.5455	26.3636
31.3636	19.5455	23.1818	25.9091
28.1818	20.9091	22.2727	28.6364
23.6364	19.0909	39.0909	18.1818
20.90912091	32.27273227	21.36362136	25.45452545
22.2727	39.0909	22.7273	15.9091
5	75	9.0909	10.9091
100	0	0	0
0	0	100	0
57.7273	10	27.2727	5
7.272707273	85.90918591	5.454505455	1.363601364
52.7273	26.3636	5	15.9091
8.636391364	0	4.545495455	86.81811318
0	0	100	0
0	18.1818	0	81.8182
10.9091	30	20.9091	38.1818
0	99.0909	0.9091	0
23.1818	19.5455	0	57.2727
18.6364	25	25	31.3636
28.1818	27.2727	25	19.5455
25.9091	29.0909	24.0909	20.9091
32.7273	22.2727	21.8182	23.1818
25.90907409	22.72727727	22.72727727	28.63637136
