>tfdimers__MD00166
26.15272615	27.80982781	21.61382161	24.42362442
23.9914	27.0173	21.4697	27.5216
25.7205	29.1066	20.9654	24.2075
22.6225	30.5476	21.6138	25.2161
26.00862601	24.42362442	22.40632241	27.16142716
18.51588148	25.57637442	29.32277068	26.58497342
32.6369	34.366	27.3055	5.6916
33.0692	19.6686	15.9942	31.268
14.5533	41.0663	26.7291	17.6513
27.0893	18.5879	22.1902	32.1326
2.9539	79.1066	4.3228	13.6167
0.2161002161	99.71189971	0	0.072000072
92.4352	7.0605	0.2161	0.2882
0.2161	0.3602	21.0375	78.3862
20.0288	42.2911	14.4813	23.1988
3.386196614	20.1008799	11.95968804	64.55323545
21.3256	15.562	38.6167	24.4957
0.1440998559	59.94234006	0.2881997118	39.62536037
0	100	0	0
99.71189971	0.2161002161	0	0.072000072
0.6484	38.5447	29.0346	31.7723
10.44668955	61.81553818	10.44668955	17.29108271
15.34581535	34.58213458	14.40921441	35.66283566
9.7983	40.7781	31.7003	17.7233
32.78096722	38.54466146	14.04898595	14.62538537
17.6513	37.6081	25.2161	19.5245
27.7378	26.6571	21.4697	24.1354
24.8559	26.3689	23.1988	25.5764
24.71177529	27.73777226	21.97407803	25.57637442
23.5591	26.8732	22.5504	27.0173
21.9741	28.0259	24.7118	25.2882
