>tfdimers__MD00118
31.95403195	20.91952092	19.54021954	27.58622759
29.42527057	17.01148299	22.2988777	31.26436874
29.65517034	22.06897793	23.21837678	25.05747494
35.8621	17.7011	18.1609	28.2759
33.1034331	16.32181632	22.98852299	27.58622759
28.5057	15.4023	26.8966	29.1954
29.1954	34.023	19.3103	17.4713
48.9655	17.931	21.8391	11.2644
38.8506	3.908	40.6897	16.5517
18.3908	0.2299	80	1.3793
24.5977	9.6552	47.1264	18.6207
85.2874	0.4598	7.1264	7.1264
0	2.7586	90.8046	6.4368
3.908003908	0.2299002299	0.9195009195	94.94259494
2.9885	1.3793	0	95.6322
93.3333	0	0	6.6667
95.1724	0	0	4.8276
2.068997931	6.436793563	2.298897701	89.1953108
7.1264	0	44.5977	48.2759
56.092	3.908	32.4138	7.5862
26.2069	14.9425	17.0115	41.8391
23.2184	20	11.954	44.8276
35.4023	17.2414	16.5517	30.8046
44.1379	16.5517	16.092	23.2184
24.5977	28.046	13.7931	33.5632
