>tfdimers__MD00126
32.4895	21.9409	16.8776	28.692
29.32492932	22.57382257	16.24471624	31.85653186
31.85653186	18.35441835	17.08861709	32.7004327
29.7468	19.8312	19.4093	31.0127
27.6371	19.1983	22.3629	30.8017
25.31647468	20.67507932	20.25317975	33.75526624
39.2405	18.7764	0.8439	41.1392
45.1477	0.211	29.1139	25.5274
28.27	0.8439	30.1688	40.7173
0	0	0	100
100	0	0	0
100	0	0	0
30.5907	0	0.211	69.1983
4.4304	0	1.8987	93.6709
83.3333	4.4304	4.4304	7.8059
77.8481	2.1097	4.0084	16.0338
4.219395781	5.274294726	2.320697679	88.18561181
17.0886	1.8987	4.4304	76.5823
80.1688	3.5865	9.9156	6.3291
50.8439	31.4346	5.6962	12.0253
11.6033884	35.23206477	10.97048903	42.19405781
31.6456	13.2911	12.8692	42.1941
24.68347532	19.62028038	13.92408608	41.77215823
25.7384	19.1983	33.1224	21.9409
27.0042	19.8312	20.2532	32.9114
36.28693629	16.24471624	16.87761688	30.59073059
35.44303544	17.72151772	20.04222004	26.79322679
35.0211	17.9325	18.3544	28.692
29.32487068	18.14348186	23.20677679	29.32487068
