>tfdimers__MD00585
26.8011732	24.4956755	26.8011732	21.9019781
21.32562133	23.63112363	25.64842565	29.39482939
24.4957	23.9193	21.902	29.683
23.6311	26.8012	23.9193	25.6484
18.732	27.0893	22.7666	31.4121
7.4928	63.4006	20.1729	8.9337
44.95675504	30.54756945	9.798290202	14.6973853
23.6311	27.0893	13.5447	35.7349
5.1873	8.0692	8.6455	78.098
2.0173	6.9164	7.2046	83.8617
2.3055	82.7089	3.7464	11.2392
0.2882	97.6945	0	2.0173
0.8645991354	90.77800922	2.305497695	6.051893948
2.5937	95.6772	0.2882	1.4409
50.72044928	17.57928242	0.5763994236	31.12386888
25.6484	2.0173	55.6196	16.7147
15.562	0.2882	82.9971	1.1527
2.3055	0.2882	96.2536	1.1527
6.9164	2.3055	88.4726	2.3055
42.0749	22.4784	23.6311	11.8156
36.02306398	29.10657089	13.83288617	21.03747896
14.9856	31.9885	15.8501	37.1758
24.4956755	29.97117003	13.25648674	32.27666772
20.4611	19.8847	33.7176	25.9366
25.9366	24.2075	27.9539	21.902
28.2421	20.1729	24.2075	27.3775
25.6484	27.3775	25.9366	21.0375
24.4957	28.2421	21.6138	25.6484
22.7666	29.1066	21.0375	27.0893
