>tfdimers__MD00232
34.9823	12.3675	22.2615	30.3887
28.62192862	19.43461943	17.66781767	34.27563428
32.8622	15.1943	21.5548	30.3887
31.0954	16.6078	22.2615	30.0353
36.0424	14.841	21.5548	27.5618
32.5088	17.3145	36.7491	13.4276
27.5618	16.6078	21.5548	34.2756
79.1519	1.0601	0	19.788
26.5017735	9.187290813	25.44167456	38.86926113
100	0	0	0
100	0	0	0
94.6996947	2.12010212	1.766801767	1.413401413
0.7067	0	2.8269	96.4664
0	0	0.3534	99.6466
35.3357	0	51.5901	13.0742
7.0671	77.0318	13.0742	2.8269
39.576	14.4876	21.2014	24.735
24.38162438	40.63604064	0.7067007067	34.27563428
78.0919	20.4947	1.4134	0
92.2261	5.3004	0	2.4735
8.480591519	28.97527102	10.6006894	51.94344806
28.26857173	15.9010841	9.893990106	45.93635406
25.4417	24.3816	20.8481	29.3286
31.4488	16.2544	14.841	37.4558
32.8622	20.8481	13.7809	32.5088
31.4488	18.0212	20.1413	30.3887
31.8021318	18.02121802	19.43461943	30.74203074
27.5618	15.9011	22.9682	33.5689
