>tfdimers__MD00014
28.0932	19.9418	28.5298	23.4352
30.13096987	19.65068035	26.92867307	23.28967671
27.6565	20.9607	26.3464	25.0364
28.09317191	20.96067904	24.74527525	26.2008738
31.58656841	18.1950818	23.58077642	26.63757336
37.55463755	10.48031048	24.16302416	27.8020278
55.6041	0	38.8646	5.5313
26.492	0	73.508	0
0	0	100	0
64.62886463	10.48031048	18.63171863	6.259106259
40.9025	1.31	57.7875	0
0	0	100	0
100	0	0	0
0	0	0	100
36.9723	0	0	63.0277
100	0	0	0
100	0	0	0
31.44103144	17.9039179	30.42213042	20.23292023
27.21977278	21.83407817	26.2008738	24.74527525
27.36537263	22.27067773	25.18197482	25.18197482
31.14993115	20.52402052	25.32752533	22.998523
33.33333333	17.17611718	23.87192387	25.61862562
