>tfdimers__MD00551
25.80647419	18.27958172	19.89248011	36.02146398
31.7204	20.4301	17.2043	30.6452
25.8065	20.9677	13.4409	39.7849
30.6452	16.129	16.129	37.0968
28.4946	17.7419	18.2796	35.4839
22.5806	18.8172	1.0753	57.5269
23.1183	0	0	76.8817
0	0	0	100
42.4731	1.6129	0	55.914
100	0	0	0
0	0	0	100
0	0	46.2366	53.7634
32.2581	18.2796	16.129	33.3333
1.6129	40.3226	0	58.0645
0	0	0	100
0	0	0	100
0	100	0	0
0	100	0	0
27.95697204	16.66668333	2.688197312	52.68814731
0	18.2796	43.5484	38.172
33.871	20.4301	14.5161	31.1828
21.50537849	23.11827688	15.05378495	40.32255968
27.957	16.6667	22.5806	32.7957
30.1075	18.2796	22.043	29.5699
27.4194	20.9677	16.6667	34.9462
