>tfdimers__MD00400
28.0899	22.4719	18.5393	30.8989
28.6517	21.6292	18.8202	30.8989
25.8427	23.5955	17.4157	33.1461
31.1798	23.0337	17.1348	28.6517
25	24.7191	17.9775	32.3034
26.6854	31.7416	17.9775	23.5955
29.7753	20.7865	19.1011	30.3371
62.6404	8.427	6.1798	22.7528
100	0	0	0
100	0	0	0
0	0	11.5169	88.4831
0	100	0	0
23.5955	43.2584	0.2809	32.8652
15.16851517	45.78654579	14.32581433	24.71912472
18.8202	0.8427	0	80.3371
0	0	0	100
0	0.2809	0	99.7191
93.8202	0.2809	5.0562	0.8427
18.25841826	16.01121601	18.82021882	46.91014691
30.3371	13.2022	33.7079	22.7528
34.8315	17.4157	28.3708	19.382
47.191	30.618	21.9101	0.2809
32.3034	25.8427	17.9775	23.8764
33.9888	20.7865	17.4157	27.809
32.5843	19.382	18.2584	29.7753
29.7753	21.3483	19.1011	29.7753
32.5843	19.1011	18.2584	30.0562
