>tfdimers__MD00578
23.66667633	26.66667333	27.999972	21.66667833
25.6667	23.3333	25.3333	25.6667
27	23.3333	25.6667	24
25	21	32.3333	21.6667
24	26	24.6667	25.3333
24.33332433	29.33332933	24.000024	22.33332233
41.3333	22	11.6667	25
26.3333	30	34	9.6667
15.6667	0.3333	15.6667	68.3333
0	0.6666993333	98.66660133	0.6666993333
68	1	21.6667	9.3333
0.6666993333	98.66660133	0.6666993333	0
99.3333	0	0	0.6667
3.333303333	5.333305333	87.33338733	4.000004
48.66665133	24.66667533	15.999984	10.66668933
43	2	7.3333	47.6667
0	0	100	0
0	0	100	0
0	0	100	0
94.6667	4	0	1.3333
28	13.3333	30.6667	28
35	14.6667	27.3333	23
34.33333433	15.33331533	30.33333033	20.00002
23	23	31.3333	22.6667
29.6667	20.3333	28.3333	21.6667
21.6667	17.3333	33	28
32.6667	18	25	24.3333
26.999973	18.66668133	28.66667133	25.66667433
