>tfdimers__MD00036
29.81742982	20.48682049	21.5010215	28.19472819
29.8174	21.7039	19.4726	29.0061
29.0061	18.2556	22.1095	30.6288
30.02026998	20.68967931	18.66128134	30.62876937
28.6004	25.355	15.213	30.8316
13.38741339	8.924908925	13.38741339	64.3002643
26.36917363	7.505092495	38.53956146	27.58617241
57.4036426	9.533490467	11.15618884	21.90667809
9.5335	27.789	45.0304	17.6471
0.8114	1.6227	0.4057	97.1602
3.4483	94.929	0.6085	1.0142
97.9716	1.0142	0.4057	0.6085
0	0	0.2028	99.7972
0	0	0	100
0	0	0	100
0	100	0	0
0	99.5943	0	0.4057
11.9675	18.2556	2.4341	67.3428
17.4442	22.7181	22.5152	37.3225
22.10952211	27.58622759	12.98171298	37.32253732
29.6146	25.9635	13.7931	30.6288
25.76062576	20.08112008	18.05271805	36.10553611
