>tfdimers__MD00033
23.8384	30.101	23.8384	22.2222
30.5051	25.4545	18.1818	25.8586
21.2121	28.0808	28.8889	21.8182
26.06062606	31.31313131	19.39391939	23.23232323
25.65657434	18.78788121	23.83837616	31.71716828
19.39391939	0	62.42426242	18.18181818
6.0606	88.8889	5.0505	0
0	98.1818	0	1.8182
93.9394	3.8384	2.2222	0
0	6.464606465	9.494909495	84.04048404
9.090909091	67.27276727	11.31311131	12.32321232
2.8283	4.6465	1.4141	91.1111
2.6263	0	97.3737	0
0	0.8081	0	99.1919
0	100	0	0
99.1919	0.8081	0	0
0.202	36.5657	38.9899	24.2424
20	30.5051	20.404	29.0909
21.61617838	22.82827717	25.65657434	29.8989701
24.0404	24.0404	20	31.9192
22.8283	26.0606	27.4747	23.6364
23.43432343	20.80812081	25.45452545	30.3030303
