>tfdimers__MD00241
31.4917	17.1271	22.0994	29.2818
32.0442	17.1271	19.8895	30.9392
24.8619	20.442	19.8895	34.8066
25.96687403	23.75687624	24.30937569	25.96687403
27.6243	20.9945	20.9945	30.3867
43.0939	0	28.1768	28.7293
30.9392	28.7293	40.3315	0
29.28177072	24.86187514	16.02208398	29.83427017
0	0	0	100
100	0	0	0
100	0	0	0
0	0	0	100
60.221	0	39.779	0
27.0718	0	64.0884	8.8398
0	0	100	0
72.92812707	25.96687403	0	1.104998895
0	0	0.5525	99.4475
13.25968674	0.5524994475	1.104998895	85.08281492
74.5856	0	1.105	24.3094
29.8343	14.3646	34.8066	20.9945
45.3039	30.3867	1.6575	22.6519
27.6243	19.337	29.8343	23.2044
32.5967	19.337	24.3094	23.7569
33.7016663	17.12708287	23.75687624	25.41437459
30.9392	17.6796	23.2044	28.1768
28.1768	16.0221	24.3094	31.4917
