>tfdimers__MD00557
24.56142456	21.05262105	32.45613246	21.92982193
23.6842	24.1228	34.6491	17.5439
27.193	19.2982	35.9649	17.5439
18.85961886	18.85961886	42.10534211	20.17542018
25.4386	22.807	34.6491	17.1053
25.4386	10.0877	47.3684	17.1053
21.4912	13.1579	50.8772	14.4737
22.3684	5.7018	33.3333	38.5965
1.3158	0	98.2456	0.4386
21.49122149	0	71.05267105	7.456107456
0.4386	0	98.6842	0.8772
0.8772	0.4386	98.6842	0
58.3333	27.193	13.5965	0.8772
14.47368553	5.263194737	6.14039386	74.12272588
0	0	100	0
0.8772	19.2982	0	79.8246
0	0	100	0
0	0	100	0
7.894707895	19.73681974	21.92982193	50.43865044
6.14039386	30.7017693	15.78948421	47.36835263
29.82457018	15.78948421	24.12277588	30.26316974
21.9298	23.2456	25.4386	29.386
23.2456	32.8947	29.386	14.4737
27.6316	18.4211	21.4912	32.4561
24.12282412	19.73681974	32.01753202	24.12282412
20.614	25.4386	31.1404	22.807
23.24562325	20.17542018	33.77193377	22.80702281
22.807	24.1228	28.0702	25
21.9298	23.2456	30.2632	24.5614
