>tfdimers__MD00335
33.427	19.1011	22.4719	25
28.9326	26.6854	18.8202	25.5618
44.6629	14.8876	9.5506	30.8989
46.62924663	12.64041264	20.50562051	20.22472022
48.5955	6.4607	18.5393	26.4045
54.4944	1.4045	40.7303	3.3708
5.618	37.6404	3.0899	53.6517
98.0337	0.8427	0.2809	0.8427
97.191	0.8427	1.4045	0.5618
98.0337	0.2809	0.8427	0.8427
0	100	0	0
98.0337	1.4045	0	0.5618
38.2022382	29.21352921	18.25841826	14.32581433
40.1685	18.2584	9.5506	32.0225
13.4831	72.191	10.3933	3.9326
96.9101	0.5618	0	2.5281
74.4382	0	23.8764	1.6854
4.7753	0.5618	94.6629	0
42.9775	9.5506	14.0449	33.427
52.809	9.5506	23.8764	13.764
22.19102219	38.76403876	19.1011191	19.94381994
33.9888	21.6292	14.6067	29.7753
32.0225	19.9438	18.2584	29.7753
39.60673961	14.88761489	17.97751798	27.52812753
32.0225	20.5056	19.6629	27.809
33.9888	16.8539	18.8202	30.3371
28.3708	19.1011	26.9663	25.5618
