>tfdimers__MD00498
36.87706312	13.95348605	25.24917475	23.92027608
37.54153754	16.94351694	20.5980206	24.91692492
34.5515	17.9402	25.2492	22.2591
34.55146545	19.93358007	22.59137741	22.92357708
26.2458	2.6578	45.515	25.5814
0	0	100	0
68.1063	31.8937	0	0
0	0	0	100
0	0	0	100
88.7043	0	0	11.2957
43.8538	2.6578	33.5548	19.9336
41.5282	16.2791	39.5349	2.6578
96.3455	0	0	3.6545
8.6379	44.5183	42.5249	4.3189
98.3389	0.9967	0.3322	0.3322
92.0266	0.3322	6.6445	0.9967
70.4319	0	11.9601	17.608
34.5515	1.3289	55.814	8.3056
30.5648	12.9568	51.1628	5.3156
43.1894	24.2525	23.2558	9.3023
28.57142857	19.6013196	28.23922824	23.58802359
30.5648	15.6146	22.2591	31.5615
31.5615	19.6013	19.6013	29.2359
28.23922824	18.27241827	23.58802359	29.9003299
33.5548	16.2791	25.2492	24.9169
