>tfdimers__MD00120
24.5833	26.6667	24.5833	24.1667
25.4167	20.4167	27.0833	27.0833
16.25	32.5	21.25	30
22.5	23.3333	20.4167	33.75
17.08331708	25.000025	27.08332708	30.83333083
5.8333	69.1667	6.25	18.75
0.4167	97.5	0	2.0833
78.75	1.25	0.4167	19.5833
1.666698333	0.4166995833	1.24999875	96.66660333
3.75000375	17.08331708	7.083307083	72.08337208
13.3333	20.8333	11.6667	54.1667
31.25	7.5	14.5833	46.6667
26.25	20.8333	8.75	44.1667
93.3333	1.25	1.25	4.1667
0	0.4166995833	0.4166995833	99.16660083
1.25	0.4167	88.75	9.5833
0.8333	81.25	2.9167	15
72.91662708	1.24999875	0.4166995833	25.41667458
87.5	0.8333	5	6.6667
97.9167	0.8333	0	1.25
8.3333	1.6667	3.75	86.25
17.0833	15.4167	35.4167	32.0833
44.16665583	20.41667958	14.16668583	21.24997875
35.8333	18.3333	27.9167	17.9167
33.75	26.6667	22.0833	17.5
29.58332958	22.08332208	22.08332208	26.25002625
24.5833	21.6667	24.1667	29.5833
33.3333	24.1667	19.1667	23.3333
27.0833	26.6667	19.1667	27.0833
29.1667	23.75	25	22.0833
