>tfdimers__MD00436
34.1935	20	20.6452	25.1613
28.3871	22.5806	27.0968	21.9355
28.3871	16.7742	27.7419	27.0968
30.3226	21.9355	20	27.7419
25.1613	22.5806	27.0968	25.1613
0	2.580602581	39.35483935	58.06455806
1.29029871	0.6451993548	97.41930258	0.6451993548
19.3548	25.1613	43.2258	12.2581
1.2903	0	20	78.7097
10.3226	11.6129	55.4839	22.5806
40	6.4516	5.8065	47.7419
9.6774	0	90.3226	0
0	0	100	0
100	0	0	0
0	0	0	100
38.7097	0	0	61.2903
100	0	0	0
100	0	0	0
35.4839	11.6129	30.9677	21.9355
28.38712839	16.12901613	30.96773097	24.51612452
29.67737032	20.64517935	25.80647419	23.87097613
38.0645	15.4839	20	26.4516
23.2258	22.5806	28.3871	25.8065
