>tfdimers__MD00247
34.507	18.3099	19.7183	27.4648
34.507	16.9014	18.3099	30.2817
32.3944	22.5352	14.7887	30.2817
32.39436761	16.9013831	26.76057324	23.94367606
27.4648	19.7183	20.4225	32.3944
30.2817	8.4507	28.8732	32.3944
49.2958	20.4225	12.6761	17.6056
28.16902817	11.97181197	30.98593099	28.87322887
23.94367606	10.56338944	58.45064155	7.042292958
15.49298451	38.73236127	2.112697887	43.66195634
80.2817	16.1972	0.7042	2.8169
76.7606	0	17.6056	5.6338
1.408498592	1.408498592	0.7041992958	96.47880352
52.1127	0	0	47.8873
97.1831	0	0.7042	2.1127
90.14089014	0.7042007042	0	9.154909155
56.338	4.2254	3.5211	35.9155
31.6901	16.9014	21.831	29.5775
83.8028	0	5.6338	10.5634
0	0	0	100
0	0	0	100
100	0	0	0
69.0141	3.5211	17.6056	9.8592
19.7183	39.4366	12.6761	28.169
24.6479	23.9437	19.7183	31.6901
37.32393732	19.01411901	20.42252042	23.23942324
36.6197	16.1972	22.5352	24.6479
33.0986	15.493	19.7183	31.6901
