>tfdimers__MD00404
10.7143	10	21.4286	57.8571
18.5714	14.2857	25.7143	41.4286
20	10.7143	12.8571	56.4286
15	7.8571	37.1429	40
12.8571	7.8571	17.1429	62.1429
3.5714	9.2857	6.4286	80.7143
0	0.7143	1.4286	97.8571
0	0	100	0
0	0.7143	0	99.2857
0.7143	0	0	99.2857
2.142897857	0	1.428598571	96.42850357
12.85711286	7.857107857	65.000065	14.28571429
0	12.8571	0.7143	86.4286
7.8571	13.5714	7.1429	71.4286
0.7143	2.8571	0	96.4286
20	2.8571	70	7.1429
0.7143	4.2857	0.7143	94.2857
2.142897857	1.428598571	4.999995	91.42850857
2.1429	2.8571	4.2857	90.7143
28.57142857	0	47.85714786	23.57142357
5.7143	27.8571	14.2857	52.1429
19.2857	14.2857	10	56.4286
5.714294286	27.14287286	4.999995	62.14283786
32.1429	1.4286	13.5714	52.8571
21.4286	12.1429	28.5714	37.8571
10	19.2857	26.4286	44.2857
25	22.8571	10	42.1429
24.999975	11.42858857	22.14287786	41.42855857
23.5714	17.1429	25.7143	33.5714
23.57142357	15.71431571	17.85711786	42.85714286
22.1429	17.8571	25.7143	34.2857
29.28572929	13.57141357	22.85712286	34.28573429
