>tfdimers__MD00450
26.41977358	18.51848148	30.12346988	24.93827506
27.9012279	20.74072074	29.13582914	22.22222222
30.8642	18.2716	29.8765	20.9877
27.6543	17.5309	30.3704	24.4444
26.66667333	18.27158173	32.0987679	22.96297704
17.53088247	5.432094568	46.91355309	30.12346988
19.5062	6.6667	51.1111	22.716
32.0987679	8.395091605	43.45675654	16.04938395
17.77778222	10.12348988	34.07406593	38.02466198
0.9877	0.7407	63.4568	34.8148
68.3951	0	29.1358	2.4691
14.07408593	0.2468997531	60.98763901	24.69137531
0.7407007407	0	93.33339333	5.925905926
11.358	1.2346	86.6667	0.7407
12.8395	0	77.7778	9.3827
14.321	5.4321	78.2716	1.9753
93.8272	0.4938	3.4568	2.2222
0	0	0	100
0	11.8519	0	88.1481
100	0	0	0
36.2963	9.1358	39.5062	15.0617
28.1481	19.2593	30.6173	21.9753
25.9259	19.2593	29.3827	25.4321
29.1358	23.2099	27.4074	20.2469
26.41977358	24.69137531	25.43207457	23.45677654
30.1235	17.5309	28.1481	24.1975
