>tfdimers__MD00338
28.8703	21.9665	19.6653	29.4979
23.95397605	24.47697552	23.11717688	28.45187155
23.6402	23.8494	22.9079	29.6025
24.6862	26.046	21.3389	27.9289
26.98742699	22.8033228	18.61921862	31.59003159
17.78241778	17.25941726	26.88282688	38.07533808
1.7782	32.113	29.0795	37.0293
1.673601674	55.02095502	16.63181663	26.67362667
13.3891	83.9958	0.4184	2.1967
18.72381872	14.01671402	0	67.25946726
0.4184004184	33.36823337	1.778201778	64.43516444
0.4184	0.1046	0.523	98.954
0.523000523	0.9414009414	97.90799791	0.6276006276
24.477	22.3849	0.7322	52.4059
24.2678	20.8159	16.318	38.5983
0	1.7782	0.1046	98.1172
1.046	0.2092	12.5523	86.1925
15.272	7.8452	43.7238	33.159
0.9414	98.7448	0.1046	0.2092
45.29294529	22.59412259	1.673601674	30.43933044
27.5105	30.1255	15.3766	26.9874
57.9498	27.7197	6.1715	8.159
53.9749	6.4854	16.841	22.6987
12.8661	25.6276	25.1046	36.4017
25.1046	27.7197	16.9456	30.2301
29.9163	27.1967	12.6569	30.2301
26.67362667	26.15062615	18.0962181	29.07952908
25.4184	26.2552	19.2469	29.0795
25.1046251	22.6987227	22.17572218	30.02093002
25.6276	26.8828	19.8745	27.6151
23.01257699	24.16317584	20.60667939	32.21756778
