>tfdimers__MD00493
32.58926741	18.3035817	22.76787723	26.33927366
27.6786	19.1964	21.4286	31.6964
30.35713036	27.23212723	17.85711786	24.55362455
33.48213348	17.85711786	22.32142232	26.33932634
33.4821	21.875	21.4286	23.2143
28.57142857	29.46432946	17.85711786	24.10712411
24.5536	18.75	21.875	34.8214
31.25	15.625	22.3214	30.8036
31.6964	26.3393	28.125	13.8393
37.05356295	25.89287411	15.17858482	21.87497813
33.4821	10.2679	14.7321	41.5179
27.67857232	15.17858482	26.33927366	30.8035692
59.82145982	16.96431696	14.73211473	8.482108482
82.1429	0	12.9464	4.9107
0.4464	0	0	99.5536
0	0	100	0
100	0	0	0
0	46.875	11.1607	41.9643
16.0714	23.2143	4.4643	56.25
88.3929	11.6071	0	0
100	0	0	0
0	100	0	0
11.60711161	11.60711161	5.803605804	70.98217098
26.3393	7.1429	39.2857	27.2321
14.73211473	27.23212723	42.85714286	15.17861518
9.821409821	37.5000375	19.1964192	33.48213348
26.7857	21.4286	17.4107	34.375
30.3571	19.6429	22.7679	27.2321
32.5893	18.3036	22.3214	26.7857
29.0179	17.8571	17.4107	35.7143
29.9107	19.6429	23.2143	27.2321
