>tfdimers__MD00003
25.9831	25.5898	21.7786	26.6485
26.86027314	24.98487502	23.10947689	25.04537495
25.13612514	24.5009245	23.8959239	26.46702647
25.8016	27.1325	22.928	24.1379
25.7713	23.775	23.17	27.2837
19.147	28.4332	31.0042	21.4156
20.2057	35.9649	15.608	28.2214
19.9637	27.2232	26.1041	26.709
17.8766	9.1349	46.4307	26.5578
2.147602148	91.59109159	3.236503237	3.024803025
0.0302	99.9698	0	0
99.12289912	0	0.0302000302	0.8469008469
3.901996098	0.6654993345	37.56806243	57.86444214
57.86444214	37.56806243	0.6654993345	3.901996098
0.8469008469	0.0302000302	0	99.12289912
0	0	99.9698	0.0302
3.024803025	3.236503237	91.59109159	2.147602148
26.5578	46.4307	9.1349	17.8766
26.709	26.1041	27.2232	19.9637
28.2214	15.608	35.9649	20.2057
21.4156	31.0042	28.4332	19.147
27.2837	23.17	23.775	25.7713
24.1379	22.928	27.1325	25.8016
26.46702647	23.8959239	24.5009245	25.13612514
25.04537495	23.10947689	24.98487502	26.86027314
26.6485	21.7786	25.5898	25.9831
