>tfdimers__MD00260
28.88887111	20.55557944	24.999975	25.55557444
24.44442444	18.33331833	28.88892889	28.33332833
33.3333	19.4444	25.5556	21.6667
22.22222222	23.33332333	29.44442944	25.000025
27.2222	22.7778	21.6667	28.3333
32.7778	28.3333	11.1111	27.7778
29.44442944	22.22222222	19.44441944	28.88892889
25.55557444	23.33327667	10.55558944	40.55555944
46.1111	5	17.2222	31.6667
1.666698333	0.5555994444	96.11100389	1.666698333
0.5555994444	0.5555994444	97.77770222	1.111098889
1.1111	2.7778	95	1.1111
76.6667	19.4444	1.1111	2.7778
10	16.1111	0	73.8889
100	0	0	0
100	0	0	0
0.5556	0	0	99.4444
0	100	0	0
0	63.88883611	0.5555994444	35.55556444
21.66667833	46.11105389	25.55557444	6.666693333
30	23.8889	15	31.1111
20.55557944	21.66667833	27.77777222	29.99997
26.6667	25	22.2222	26.1111
23.3333	25.5556	17.2222	33.8889
25.55557444	26.11107389	21.66667833	26.66667333
