>tfdimers__MD00507
26.3056	22.0503	31.528	20.1161
24.7582	19.5358	34.236	21.47
24.9516	23.9845	30.7544	20.3095
26.1122	23.5977	26.1122	24.1779
27.2727	17.9884	35.3965	19.3424
50.677	0	49.323	0
0	0	100	0
0	0	94.5841	5.4159
21.66342166	21.66342166	31.33463133	25.33852534
0	93.4236	0	6.5764
100	0	0	0
19.72921973	7.736907737	57.44685745	15.08701509
26.69247331	18.18178182	44.68085532	10.44488956
20.6963	2.9014	21.0832	55.3191
0.3868003868	0.1934001934	98.64609865	0.7737007737
17.6015176	0.1934001934	74.46817447	7.736907737
0.7737	0.1934	89.1683	9.8646
1.5474	1.5474	96.5184	0.3868
75.4352	13.5397	9.8646	1.1605
25.9188	28.0464	26.1122	19.9226
33.0754	18.5687	27.4662	20.8897
23.5977	23.9845	28.8201	23.5977
28.2398	19.3424	33.2689	19.1489
28.62667137	19.34238066	30.75436925	21.27657872
