>tfdimers__MD00513
27.95822796	24.82602483	21.69372169	25.52202552
28.30627169	25.98607401	20.64967935	25.05797494
26.6821	25.29	23.4339	24.594
25.98607401	23.2018768	25.05797494	25.75407425
27.14617285	24.59397541	23.31787668	24.94197506
34.6868	26.9142	20.5336	17.8654
39.6752	16.2413	21.2297	22.8538
22.04177796	30.62646937	18.56148144	28.77027123
29.23432923	33.99073399	15.1972152	21.57772158
25.29002529	46.17174617	6.844506845	21.69372169
16.0093	54.8724	0.116	29.0023
2.4362	95.4756	2.0882	0
96.1717	0.232	0.232	3.3643
4.524395476	83.41061659	12.06498794	0
57.65665766	33.06263306	0.116000116	9.164709165
26.5661	2.6682	55.1044	15.6613
0.116	0	99.884	0
99.652	0.116	0.232	0
89.9072	0.232	9.8608	0
77.3782	0.232	22.3898	0
20.88167912	31.9025681	24.47797552	22.73777726
22.96982297	21.22972123	37.7030377	18.0974181
30.7425	23.0858	26.6821	19.4896
31.2065	23.3179	22.9698	22.5058
28.5383	23.4339	24.942	23.0858
28.53827146	19.48958051	24.47797552	27.49417251
28.30627169	21.57767842	23.2018768	26.91417309
