>tfdimers__MD00534
29.0541	20.2703	20.9459	29.7297
32.4324	10.8108	19.5946	37.1622
35.13513514	20.94592095	18.91891892	25.000025
30.4054	19.5946	19.5946	30.4054
30.4054	14.1892	21.6216	33.7838
28.3784	15.5405	19.5946	36.4865
27.027	12.1622	27.7027	33.1081
21.6216	16.2162	20.2703	41.8919
48.64864865	16.21621622	11.48651149	23.64862365
43.24324324	8.783808784	23.64862365	24.32432432
23.64862365	8.108108108	10.81081081	57.43245743
9.4595	13.5135	2.027	75
77.027	6.7568	2.7027	13.5135
85.8108	2.7027	7.4324	4.0541
3.3784	0	0.6757	95.9459
4.72969527	4.054095946	26.35137365	64.86483514
81.0811	0.6757	2.7027	15.5405
65.5405	1.3514	3.3784	29.7297
1.351398649	3.378396622	0.6756993243	94.59450541
84.45941554	1.351398649	0	14.18918581
94.5946	2.7027	0	2.7027
1.351398649	5.405394595	66.89183311	26.35137365
1.351398649	4.054095946	1.351398649	93.24310676
77.7027	0.6757	19.5946	2.027
33.7838	12.8378	4.0541	49.3243
45.2703	2.027	11.4865	41.2162
17.5676	18.9189	13.5135	50
30.4054	19.5946	27.027	22.973
29.0541	20.9459	22.973	27.027
27.7027	24.3243	17.5676	30.4054
24.3243	20.2703	17.5676	37.8378
25.6757	18.2432	20.2703	35.8108
