>tfdimers__MD00439
35.873	20.3175	15.873	27.9365
31.1111	17.1429	23.1746	28.5714
36.5079	16.1905	20.3175	26.9841
32.0635	22.2222	15.873	29.8413
34.9206	8.254	19.3651	37.4603
36.50793651	14.6032146	44.44444444	4.444404444
5.0794	0	1.5873	93.3333
0.9524	5.7143	86.9841	6.3492
97.7778	0.3175	0.6349	1.2698
32.6983673	40.31745968	6.666693333	20.31747968
8.571408571	0.9524009524	84.44448444	6.031706032
0	0	0	100
99.6825	0	0.3175	0
100	0	0	0
46.3492	26.3492	11.1111	16.1905
53.65074635	23.49207651	10.47618952	12.38098762
30.15873016	27.61902762	18.0952181	24.12702413
31.4286	18.4127	19.0476	31.1111
31.11113111	16.50791651	19.68251968	32.6984327
32.0635	20.6349	20.9524	26.3492
30.1587	20.9524	20.3175	28.5714
31.746	17.7778	17.7778	32.6984
