>tfdimers__MD00180
24.812	27.0677	29.6992	18.4211
20.6767	26.8797	31.9549	20.4887
22.7444	29.6992	25.188	22.3684
21.24057876	28.94737105	26.5037735	23.30827669
20.6767	27.0677	29.6992	22.5564
15.4135	53.9474	19.5489	11.0902
33.4586	1.5038	18.2331	46.8045
0.3759	1.6917	97.1805	0.7519
0.7519	86.0902	12.9699	0.188
5.2632	4.1353	0	90.6015
0.9398	22.9323	74.6241	1.5038
49.6241	0.3759	0.3759	49.6241
1.5038	74.6241	22.9323	0.9398
90.6015	0	4.1353	5.2632
0.188	12.9699	86.0902	0.7519
0.7519	97.1805	1.6917	0.3759
46.8045	18.2331	1.5038	33.4586
11.0902	19.5489	53.9474	15.4135
22.5564	29.6992	27.0677	20.6767
23.30827669	26.5037735	28.94737105	21.24057876
22.3684	25.188	29.6992	22.7444
20.4887	31.9549	26.8797	20.6767
18.4211	29.6992	27.0677	24.812
