>tfdimers__MD00453
31.1688	16.8831	20.1299	31.8182
31.1688	24.026	18.8312	25.974
33.1169	15.5844	21.4286	29.8701
37.6623	16.2338	17.5325	28.5714
28.57142857	22.07792208	15.58441558	33.76623377
18.1818	30.5195	14.2857	37.013
0	0	0	100
97.4026	0	2.5974	0
100	0	0	0
0.6494	0	2.5974	96.7532
9.090890909	18.83118117	18.83118117	53.24674675
66.2338	0	32.4675	1.2987
59.0909	23.3766	2.5974	14.9351
66.23373377	2.597397403	29.22077078	1.948098052
0	0	0	100
0	100	0	0
100	0	0	0
23.37662338	12.98701299	35.06493506	28.57142857
30.5195	27.2727	20.1299	22.0779
22.7273	17.5325	20.7792	38.961
29.2208	18.1818	18.8312	33.7662
28.5714	22.7273	22.0779	26.6234
25.3247	23.3766	17.5325	33.7662
25.32467468	20.12987987	20.12987987	34.41556558
