>tfdimers__MD00115
32	22.5714	17.7143	27.7143
26.28567371	21.14287886	21.14287886	31.42856857
22.8571	23.1429	22.8571	31.1429
22.5714	19.4286	19.4286	38.5714
26.5714	24.2857	17.1429	32
34	20	24.5714	21.4286
19.71428029	25.71427429	33.14286686	21.42857857
0	1.4286	0	98.5714
0	0.2857	0	99.7143
0	0	0	100
0	100	0	0
97.7143	0	2.2857	0
0	0	100	0
0	0	20	80
10.5714	0	0	89.4286
0	70	0	30
95.7143	0.2857	3.7143	0.2857
22.2857	22.2857	29.7143	25.7143
30.5714	19.4286	20.8571	29.1429
25.42857457	15.42858457	19.42858057	39.71426029
31.14286886	19.14288086	16.57138343	33.14286686
26.28567371	21.14287886	19.14288086	33.42856657
