>tfdimers__MD00075
39.05426095	17.68828231	15.93698406	27.32047268
38.704	21.0158	15.0613	25.2189
45.53415447	16.11208389	13.13488687	25.21887478
49.387	13.1349	14.0105	23.4676
47.8109	10.8581	14.0105	27.3205
47.28545271	16.63748336	17.86338214	18.21368179
44.1331	23.1173	1.4011	31.3485
90.3678	4.3783	0	5.2539
100	0	0	0
99.8249	0	0.1751	0
0	100	0	0
100	0	0	0
86.1646	6.3047	6.4799	1.0508
95.6217	0.7005	1.4011	2.2767
1.401098599	84.23811576	10.15758984	4.203195797
99.1243	0.5254	0	0.3503
97.02270298	0.8756991243	0.7004992995	1.401098599
82.48681751	0.8756991243	3.852896147	12.78458722
52.8897	18.7391	20.3152	8.056
60.7706	12.9597	23.993	2.2767
60.4203	20.1401	11.2084	8.2312
60.9457	13.4851	14.3608	11.2084
43.60774361	22.06652207	16.98771699	17.33801734
45.1839	23.6427	12.4343	18.7391
40.4553	21.5412	13.8354	24.1681
39.9299	19.4396	16.8126	23.8179
39.0543	20.3152	15.7618	24.8687
33.4501	20.6655	16.4623	29.4221
38.17863818	22.59192259	16.63751664	22.59192259
34.676	19.4396	18.3888	27.4956
