>tfdimers__MD00566
35.0299	18.8623	17.3653	28.7425
29.6407	18.5629	17.6647	34.1317
30.8383	21.2575	17.6647	30.2395
32.0359	19.7605	18.5629	29.6407
33.8323	16.4671	22.7545	26.9461
38.02396198	13.17368683	33.83226617	14.97008503
73.3533	8.0838	17.3653	1.1976
62.87423713	14.07188593	10.17958982	12.87428713
49.4012	0.5988	13.7725	36.2275
68.2635	10.7784	13.1737	7.7844
97.006	0.5988	1.1976	1.1976
17.3653	0.2994	0	82.3353
1.1976	1.7964	12.8743	84.1317
41.9162	2.6946	24.8503	30.5389
36.8263	29.6407	19.7605	13.7725
28.7425	3.5928	65.8683	1.7964
65.8683	23.6527	5.3892	5.0898
90.7186	2.0958	1.1976	5.988
91.9162	0.8982	2.6946	4.491
6.287406287	4.79040479	6.886206886	82.03598204
9.580809581	69.16176916	10.17961018	11.07781108
81.73658174	7.185607186	0.2994002994	10.77841078
25.7485	19.7605	18.2635	36.2275
29.3413	23.0539	17.0659	30.5389
20.6587	26.0479	21.5569	31.7365
37.42513743	26.34732635	9.580809581	26.64672665
40.1198	20.9581	12.2754	26.6467
34.4311	15.5689	17.6647	32.3353
32.9341	19.4611	18.5629	29.0419
35.3293	20.0599	16.1677	28.4431
34.1317	17.0659	19.7605	29.0419
30.5389	17.0659	17.9641	34.4311
