>tfdimers__MD00597
29.4963705	22.3021777	20.14387986	28.05757194
30.5755	19.7842	22.6619	26.9784
28.4173	20.8633	17.6259	33.0935
33.8129	19.4245	21.223	25.5396
32.7338	20.5036	18.3453	28.4173
29.4964	41.3669	12.9496	16.1871
28.4173	35.6115	9.3525	26.6187
6.1151	51.0791	22.3022	20.5036
17.6259	30.5755	5.3957	46.4029
0.7194	96.0432	3.2374	0
100	0	0	0
61.8705	0	38.1295	0
4.3165	0	95.6835	0
100	0	0	0
4.3165	0	0	95.6835
39.9281	0	0	60.0719
100	0	0	0
100	0	0	0
34.89206511	11.15108885	30.93526906	23.02157698
25.1799	19.0647	28.4173	27.3381
32.37413237	19.06471906	18.70501871	29.85612986
23.741	20.5036	25.1799	30.5755
30.9353	18.705	23.3813	26.9784
