>tfdimers__MD00564
28.12217188	23.18057682	20.84457916	27.85267215
26.68462668	21.65322165	19.85621986	31.80593181
25.24707475	21.02427898	23.18057682	30.54806945
26.5948	20.9344	22.9111	29.5597
26.14557385	22.28207772	22.37197763	29.2003708
24.4385	22.8212	18.0593	34.681
19.7664	36.6577	15.274	28.3019
11.1411	28.212	5.0314	55.6155
3.683703684	0.6289006289	10.51211051	85.17528518
0.7188	0.2695	97.1249	1.8868
3.8634	2.7853	90.4762	2.8751
22.01257799	61.72503827	10.24258976	6.01979398
41.9587	20.7547	7.3675	29.9191
29.1105	21.0243	24.8877	24.9775
19.8562	26.7745	33.7826	19.5867
19.58668041	38.36476164	11.32078868	30.72776927
29.82927017	13.83648616	23.71967628	32.61456739
4.7619	6.3792	59.2093	29.6496
1.437598562	93.44110656	1.527398473	3.593896406
0.0898000898	99.73059973	0.0898000898	0.0898000898
94.5193	1.0782	0.0898	4.3127
9.8832	0.6289	30.9075	58.5804
13.2974133	23.45012345	28.21202821	35.04043504
20.9344	13.4771	7.1878	58.4007
15.6334	14.106	23.54	46.7206
25.5166	24.8877	21.204	28.3917
27.673	24.0791	18.5085	29.7394
28.841	21.1141	20.7547	29.2902
27.76282776	22.82122282	21.38362138	28.03232803
25.9659	20.575	21.6532	31.8059
