>tfdimers__MD00562
26.66667333	17.14288286	29.52377048	26.66667333
27.61902762	20.95242095	23.80952381	27.61902762
27.61902762	18.0952181	29.52382952	24.76192476
21.9048	20.9524	22.8571	34.2857
25.7143	21.9048	27.619	24.7619
21.9047781	32.38096762	21.9047781	23.80947619
28.5714	29.5238	30.4762	11.4286
41.9047581	21.9047781	21.9047781	14.28568571
43.80954381	13.33331333	27.61902762	15.23811524
21.9048	58.0952	16.1905	3.8095
76.1905	8.5714	8.5714	6.6667
0.9524	0	99.0476	0
0	0	100	0
100	0	0	0
89.5238	0.9524	0	9.5238
25.7143	4.7619	68.5714	0.9524
11.4286	29.5238	23.8095	35.2381
37.1429	24.7619	20	18.0952
21.9047781	26.66667333	31.42856857	19.99998
20.9524	13.3333	28.5714	37.1429
17.14288286	19.99998	40.95235905	21.9047781
24.7619	16.1905	31.4286	27.619
28.5714	12.381	35.2381	23.8095
28.5714	24.7619	21.9048	24.7619
29.5238	25.7143	26.6667	18.0952
33.33333333	18.0952181	20.95242095	27.61902762
31.42856857	19.99998	21.9047781	26.66667333
25.7143	16.1905	33.3333	24.7619
33.3333	23.8095	26.6667	16.1905
54.2857	3.8095	5.7143	36.1905
0	0	100	0
99.0476	0	0.9524	0
0	0	0	100
77.1429	2.8571	7.619	12.381
52.38094762	0.9523990476	37.14286286	9.523790476
20.95237905	17.14288286	46.66665333	15.23808476
33.33333333	18.0952181	29.52382952	19.04761905
34.28566571	17.14288286	31.42856857	17.14288286
30.4762	15.2381	24.7619	29.5238
23.8095	17.1429	31.4286	27.619
25.71427429	21.9047781	31.42856857	20.95237905
