>tfdimers__MD00434
24.35897564	24.35897564	24.03847596	27.24357276
23.71792372	25.64102564	24.25212425	26.38892639
26.1752	25.3205	24.359	24.1453
26.28207372	22.43587756	27.77777222	23.5042765
20.19227981	38.56836143	23.18377682	18.05558194
0	100	0	0
100	0	0	0
8.974391026	16.13248387	38.35466165	36.53846346
0	61.5385	30.9829	7.4786
0	0	0	100
0	0	100	0
17.41451741	16.55981656	29.38032938	36.64533665
7.3718	64.2094	8.1197	20.2991
0.4274	98.9316	0	0.641
83.547	14.3162	0.4274	1.7094
0.8546991453	1.068398932	25.74787425	72.32902767
19.8718	26.9231	22.4359	30.7692
5.4487	21.7949	13.5684	59.188
25.9615	16.7735	16.453	40.812
15.81198419	20.94017906	28.31197169	34.93586506
21.47437853	22.32907767	30.55556944	25.64097436
26.2821	29.8077	29.0598	14.8504
41.7735	15.0641	13.141	30.0214
15.5983	33.0128	29.1667	22.2222
24.67947532	26.28207372	20.61967938	28.41877158
22.9701	25.3205	23.9316	27.7778
27.7778	22.8632	21.7949	27.5641
27.2436	24.1453	22.0085	26.6026
24.999975	26.92307308	21.47437853	26.6025734
