>tfdimers__MD00367
32.65993266	18.18181818	16.83501684	32.32323232
28.95622896	16.16161616	17.84511785	37.03703704
29.96632997	14.47811448	22.22222222	33.33333333
31.64983165	17.50841751	20.2020202	30.63973064
28.28282828	15.48821549	19.86531987	36.36363636
31.98653199	21.54882155	18.18181818	28.28282828
22.8956229	19.52861953	13.46801347	44.10774411
38.72053872	12.12121212	12.12121212	37.03703704
15.4882	6.734	0	77.7778
0	0	0	100
0	0	0	100
93.266	0	6.734	0
10.7744	24.2424	5.7239	59.2593
34.0067	6.0606	0	59.9327
26.5993	0	73.4007	0
0	0	100	0
0	0	100	0
100	0	0	0
60.6061	10.4377	3.7037	25.2525
36.7003367	22.22222222	14.47811448	26.5993266
37.71043771	16.16161616	20.87542088	25.25252525
33.67003367	29.96632997	14.81481481	21.54882155
40.4040404	15.48821549	15.15151515	28.95622896
31.64983165	14.14141414	19.86531987	34.34343434
27.94612795	12.79461279	22.22222222	37.03703704
34.00673401	18.51851852	20.87542088	26.5993266
28.61952862	19.19191919	22.55892256	29.62962963
