>tfdimers__MD00041
33.8235	21.3235	16.1765	28.6765
32.35293235	19.85291985	21.32352132	26.47062647
27.2059	13.9706	19.1176	39.7059
35.29413529	21.32352132	19.11761912	24.26472426
33.8235	17.6471	22.7941	25.7353
27.9412	22.7941	29.4118	19.8529
38.9706	21.3235	13.2353	26.4706
44.85294485	13.97061397	19.85291985	21.32352132
44.11764412	13.97061397	19.85291985	22.05882206
33.82353382	13.23531324	20.58822059	32.35293235
2.941197059	67.64703235	5.147094853	24.26467574
5.147094853	0.7352992647	1.470598529	92.64700735
54.41174559	0.7352992647	41.91175809	2.941197059
1.4706	0.7353	96.3235	1.4706
0	0.7353	0.7353	98.5294
14.7059	0.7353	0.7353	83.8235
94.8529	0.7353	0.7353	3.6765
73.5294	6.6176	5.8824	13.9706
18.3824	11.0294	6.6176	63.9706
29.41177059	13.97058603	43.38235662	13.23528676
83.8235	0.7353	2.2059	13.2353
0	0	0	100
0	3.6765	0	96.3235
100	0	0	0
57.35295735	8.823508824	24.26472426	9.558809559
26.47057353	27.94117206	15.44118456	30.14706985
27.9412	22.0588	14.7059	35.2941
36.02943603	19.85291985	11.76471176	32.35293235
39.70593971	19.11761912	19.11761912	22.05882206
27.20592721	19.11761912	19.11761912	34.55883456
