>tfdimers__MD00190
29.902	15.6863	23.0392	31.3725
25	21.0784	25.4902	28.4314
20.58822059	23.03922304	24.50982451	31.86273186
16.6667	21.5686	28.4314	33.3333
26.47057353	30.39216961	16.66668333	26.47057353
0	0	0	100
0	0	0	100
60.2941	0	0	39.7059
97.0588	0	0	2.9412
0	0	0	100
0	96.0784	0	3.9216
15.6863	70.098	2.451	11.7647
0.4902	98.0392	0.4902	0.9804
19.60781961	31.86273186	1.960801961	46.56864657
0.9804	94.1176	0	4.902
31.8627	64.7059	0	3.4314
14.70588529	37.25486275	18.13728186	29.9019701
19.1176	40.1961	25	15.6863
10.2941	62.7451	17.6471	9.3137
28.9216	25.9804	12.7451	32.3529
21.0784	28.9216	24.5098	25.4902
21.0784	28.9216	20.098	29.902
25.98037402	27.94117206	16.17648382	29.9019701
24.999975	30.88236912	18.13728186	25.98037402
