>tfdimers__MD00499
34.01116599	17.98248202	17.78308222	30.22326978
32.97446703	16.94578305	16.34768365	33.73206627
32.9346	18.5008	16.6667	31.8979
32.33653234	18.66031866	16.98561699	32.01753202
36.6029	18.1419	16.866	28.3892
41.7464	23.5646	14.7927	19.8963
81.6986	8.8118	0.5981	8.8915
21.8501	0.1196	11.0048	67.0255
6.060593939	3.827796172	82.57571742	7.535892464
24.8804	48.4848	18.3413	8.2935
92.82290718	4.784695215	0.1594998405	2.232897767
69.7767	4.8644	8.5726	16.7863
48.2456	9.8086	15.1515	26.7943
8.5327	3.8278	2.8309	84.8086
0	0	0	100
0	0	0	100
56.9378	15.1515	5.622	22.2887
20.01592002	0.5183005183	0.4386004386	79.02717903
41.7464	13.5965	16.1882	28.4689
20.1754	29.2265	17.6635	32.9346
33.9713	19.4976	14.2344	32.2967
31.26	18.8995	17.0255	32.815
31.6587	19.2584	15.7097	33.3732
29.9043	18.6204	16.1085	35.3668
30.4625	17.504	17.1053	34.9282
