>tfdimers__MD00111
27.32097268	22.81167719	20.68967931	29.17767082
35.0133	19.0981	16.9761	28.9125
28.382	24.1379	16.7109	30.7692
33.9523	18.0371	19.6286	28.382
28.6472	23.8727	20.4244	27.0557
24.4032	18.5676	10.3448	46.6844
14.3236	42.1751	14.8541	28.6472
53.3156	5.5703	11.6711	29.443
16.4456	34.4828	14.3236	34.748
38.1963	31.0345	8.7533	22.0159
26.2599	48.2759	15.3846	10.0796
71.61807162	6.366006366	11.14061114	10.87531088
5.0398	2.3873	2.122	90.4509
6.6313	77.4536	4.244	11.6711
95.49060451	2.387297613	0.2652997347	1.856798143
72.679	7.4271	3.4483	16.4456
27.32097268	1.591498409	3.978796021	67.10873289
29.17767082	22.28117772	34.48276552	14.05838594
88.5942	3.183	1.8568	6.366
0	0	0	100
0	7.4271	0	92.5729
100	0	0	0
62.8647	6.8966	20.4244	9.8143
23.0769	37.1353	9.2838	30.504
29.7082	21.2202	10.6101	38.4615
34.21753422	19.0981191	20.42442042	26.25992626
31.8302	15.1194	23.6074	29.443
31.565	18.5676	19.3634	30.504
