>tfdimers__MD00016
22.2222	23.7374	31.8182	22.2222
27.7778	20.202	26.2626	25.7576
33.3333	19.1919	29.798	17.6768
26.7677	30.303	27.2727	15.6566
34.8485	29.2929	24.7475	11.1111
0	100	0	0
100	0	0	0
1.515198485	12.62628737	24.24237576	61.61613838
0	52.0202	43.4343	4.5455
0	0	0	100
0	0	100	0
5.5556	22.7273	47.4747	24.2424
23.7374	22.2222	24.7475	29.2929
27.2727	22.7273	22.7273	27.2727
29.2929	24.7475	22.2222	23.7374
24.2424	47.4747	22.7273	5.5556
0	100	0	0
100	0	0	0
4.5455	43.4343	52.0202	0
61.61613838	24.24237576	12.62628737	1.515198485
0	0	0	100
0	0	100	0
11.1111	24.7475	29.2929	34.8485
15.6566	27.2727	30.303	26.7677
17.6768	29.798	19.1919	33.3333
25.7576	26.2626	20.202	27.7778
22.2222	31.8182	23.7374	22.2222
