>tfdimers__MD00174
28.6972287	19.19011919	20.42252042	31.69013169
28.3451	19.1901	19.3662	33.0986
27.46477254	22.35917764	15.49298451	34.68306532
24.6479	24.4718	15.3169	35.5634
21.6549	23.7676	16.5493	38.0282
28.8732	26.5845	17.0775	27.4648
38.2042	21.1268	18.4859	22.1831
5.4577	42.0775	8.8028	43.662
0	0	0	100
1.7606	0	0	98.2394
0	100	0	0
13.5563	50	0	36.4437
15.3169	32.2183	5.1056	47.3592
11.7958	79.0493	0	9.1549
69.0141	9.331	0	21.6549
0	0	0	100
0	0	0	100
77.4648	0	0	22.5352
40.669	8.6268	42.4296	8.2746
29.9296	17.9577	21.1268	30.9859
30.2817	22.1831	17.7817	29.7535
31.338	19.7183	18.1338	30.8099
30.9859	20.9507	17.0775	30.9859
27.4648	20.9507	19.1901	32.3944
