>tfdimers__MD00259
23.74302374	20.94972095	23.74302374	31.56423156
27.65362765	19.27371927	25.6983257	27.37432737
28.77092877	22.90502291	19.83241983	28.49162849
25.9777	24.581	22.905	26.5363
26.8156	16.7598	25.9777	30.4469
20.1117	42.4581	20.6704	16.7598
26.25697374	1.675998324	16.75978324	55.30724469
1.396601397	2.234602235	93.57549358	2.793302793
2.234602235	79.60897961	15.92181592	2.234602235
19.27371927	1.955301955	0.2793002793	78.49167849
1.117298883	13.68718631	80.72621927	4.469295531
99.4413	0	0.5587	0
0	0	0	100
100	0	0	0
100	0	0	0
44.4134	29.0503	0	26.5363
63.6872	36.3128	0	0
36.31283631	19.27371927	20.67042067	23.74302374
31.2849	19.8324	19.8324	29.0503
29.6089	19.5531	21.7877	29.0503
29.32962933	22.06702207	22.90502291	25.6983257
29.05027095	20.67037933	22.34637765	27.93297207
