>tfdimers__MD00532
38.0228	17.1103	19.0114	25.8555
35.74143574	22.81372281	19.39161939	22.05322205
35.3612	18.6312	22.0532	23.9544
33.8403	18.251	19.0114	28.8973
45.2471	15.9696	20.5323	18.251
41.0646	23.9544	15.2091	19.7719
52.85164715	17.11028289	19.77188023	10.26618973
51.33074867	17.11028289	2.281397719	29.27757072
73.76422624	15.58938441	0	10.64638935
99.6198	0.3802	0	0
99.23959924	0.3802003802	0	0.3802003802
0	100	0	0
99.6198	0.3802	0	0
63.87836388	16.34981635	11.02661103	8.745208745
57.0342	9.5057	15.5894	17.8707
28.8973289	43.72624373	15.96961597	11.40681141
86.3118	7.6046	0.3802	5.7034
46.0076	0	9.8859	44.1065
27.75667224	5.703394297	60.45623954	6.083693916
20.1521	60.8365	12.1673	6.8441
93.5361	5.3232	0	1.1407
78.7072	3.4221	9.5057	8.365
67.6806	4.943	15.9696	11.4068
35.7414	30.4183	12.1673	21.673
47.90874791	17.11031711	14.06841407	20.91252091
45.6274	17.4905	16.3498	20.5323
41.44485856	18.25098175	14.82888517	25.47527452
41.0646	17.1103	20.1521	21.673
39.5437	18.251	18.6312	23.5741
34.981	21.673	19.3916	23.9544
