>tfdimers__MD00045
24.605	20.6546	27.4266	27.3138
21.8961781	19.86458014	26.86227314	31.37696862
18.9616	23.8149	27.991	29.2325
20.6546	24.2664	27.088	27.991
25.395	28.3296	18.3973	27.8781
0.1128998871	8.577891422	22.91197709	68.3972316
0	0	100	0
0	0	0	100
0	0	100	0
0	0	100	0
5.079	37.1332	7.7878	50
0	0	0	100
3.4989	0	0	96.5011
0	100	0	0
15.237	42.5508	0	42.2122
20.88037912	26.52367348	14.33408567	38.26186174
21.8962	26.298	22.009	29.7968
22.4605	23.2506	26.7494	27.5395
23.9278	23.702	24.1535	28.2167
23.2506	27.7652	22.4605	26.5237
23.2506	25.2822	23.3634	28.1038
