>tfdimers__MD00039
33.4928	13.1579	17.9426	35.4067
29.66507033	20.57417943	22.00957799	27.75117225
31.5789	16.9856	19.1388	32.2967
30.622	16.0287	21.2919	32.0574
30.8612	20.3349	21.2919	27.512
40.6699	16.5072	18.1818	24.6411
34.2105	26.0766	17.4641	22.2488
61.004861	2.392302392	0.2392002392	36.36363636
0.7177	0.9569	97.8469	0.4785
95.933	2.1531	0.4785	1.4354
0.4784995215	0.4784995215	1.196198804	97.84680215
21.0526	39.4737	4.3062	35.1675
15.311	4.067	0.4785	80.1435
20.3349	1.1962	1.9139	76.555
100	0	0	0
0	3.3493	0	96.6507
0	100	0	0
37.7990378	7.177007177	1.913901914	53.11005311
21.7703	25.3589	24.1627	28.7081
22.488	21.7703	19.8565	35.8852
26.3158	22.7273	20.0957	30.8612
29.9043299	21.77032177	18.18181818	30.14353014
27.75117225	23.44497656	19.85648014	28.94737105
