>tfdimers__MD00274
29.13912914	18.54301854	19.86751987	32.45033245
32.45033245	18.54301854	21.85432185	27.15232715
37.08613709	17.21851722	18.54301854	27.15232715
24.5033	27.8146	18.543	29.1391
24.5033	27.8146	13.245	34.4371
9.933790066	3.311296689	0	86.75491325
92.7152	0	0	7.2848
96.6887	0	0	3.3113
5.297994702	5.96029404	8.609291391	80.13241987
11.2583	0	12.5828	76.1589
41.72185828	3.311296689	47.01985298	7.946992053
44.37085563	10.5959894	22.51657748	22.51657748
32.45033245	18.54301854	15.23181523	33.77483377
40.3974	9.2715	10.596	39.7351
33.11256689	22.51657748	22.51657748	21.85427815
0	100	0	0
100	0	0	0
29.1391	17.8808	52.9801	0
43.0464	29.1391	7.947	19.8675
0	0	0	100
0	0	100	0
14.5695	20.5298	27.8146	37.0861
27.15232715	17.21851722	21.85432185	33.77483377
33.77483377	19.20531921	18.54301854	28.47682848
34.4371	17.2185	20.5298	27.8146
28.4768	17.8808	23.1788	30.4636
