>tfdimers__MD00067
25.22522523	25.40542541	25.04502505	24.32432432
22.8829	21.6216	29.1892	26.3063
26.8468	26.6667	26.3063	20.1802
24.3243	22.1622	28.4685	25.045
20.5405	31.3514	26.4865	21.6216
29.9099	34.0541	9.5495	26.4865
23.96397604	26.30627369	20.36037964	29.36937063
22.16217784	29.00897099	12.25228775	36.57656342
33.87386613	6.486493514	24.68467532	34.95496505
0	0	100	0
0	0	100	0
0	0	100	0
96.5766	1.982	0	1.4414
53.1532	9.1892	29.009	8.6486
49.72974973	0.5405005405	35.13513514	14.59461459
31.3514	45.9459	0.5405	22.1622
0	100	0	0
0	100	0	0
0.3603996396	88.10801189	0.3603996396	11.17118883
33.15316685	51.35134865	0	15.4954845
30.09013009	24.14412414	22.52252252	23.24322324
27.9279	24.5045	27.2072	20.3604
28.64862865	22.34232234	27.92792793	21.08112108
24.3243	29.009	27.3874	19.2793
27.20722721	27.92792793	21.62162162	23.24322324
