>tfdimers__MD00401
30.15873016	17.46031746	28.57142857	23.80952381
36.5079	18.254	33.3333	11.9048
25.3968	18.254	29.3651	26.9841
22.2222	16.6667	39.6825	21.4286
24.6032	21.4286	38.0952	15.873
26.9841	21.4286	37.3016	14.2857
26.1905	22.2222	34.127	17.4603
40.4762	7.9365	31.746	19.8413
19.0476	51.5873	28.5714	0.7937
73.8095	6.3492	11.1111	8.7302
0	0	100	0
0	0	100	0
99.2063	0	0.7937	0
66.66663333	0	0.7936992063	32.53966746
2.380997619	5.555594444	92.06340794	0
1.5873	14.2857	10.3175	73.8095
0.7937	0	91.2698	7.9365
0	0	89.6825	10.3175
2.380997619	3.968296032	92.06340794	1.587298413
9.5238	3.1746	3.9683	83.3333
0	0	95.2381	4.7619
2.381	6.3492	75.3968	15.873
3.968296032	20.63487937	23.01587698	52.38094762
26.1905	17.4603	30.1587	26.1905
20.63492063	17.46031746	26.98412698	34.92063492
17.4603	23.8095	35.7143	23.0159
26.19047381	19.84128016	30.95236905	23.01587698
32.5397	17.4603	29.3651	20.6349
