>tfdimers__MD00516
35.37736462	17.21698278	18.63208137	28.77357123
32.0755	16.0377	18.8679	33.0189
27.35847264	19.57548042	20.04717995	33.01886698
31.13206887	19.57548042	18.16038184	31.13206887
32.783	19.5755	19.3396	28.3019
41.74525825	36.79246321	0	21.46227854
55.1887	0.7075	6.1321	37.9717
8.2547	10.6132	0	81.1321
0	0	0	100
0	0	100	0
0	20.9906	24.5283	54.4811
26.6509	20.5189	37.9717	14.8585
6.3679	10.3774	0	83.2547
91.9811	0	0	8.0189
92.6887	0	0	7.3113
4.9528	7.3113	4.2453	83.4906
10.1415	0	6.6038	83.2547
35.3774	6.3679	42.9245	15.3302
29.4811	19.5755	19.5755	31.3679
29.717	19.8113	19.8113	30.6604
31.83963184	19.33961934	15.56601557	33.25473325
33.2547	18.3962	19.1038	29.2453
30.8962	18.6321	18.3962	32.0755
