>tfdimers__MD00123
30.1775	15.3846	22.4852	31.9527
23.6686	21.8935	17.7515	36.6864
36.0947	21.3018	16.568	26.0355
36.0947	15.9763	23.0769	24.8521
36.0947	16.568	19.5266	27.8107
30.7692	18.9349	13.0178	37.2781
45.5621	18.3432	21.3018	14.7929
0	1.7751	0	98.2249
0	0.5917	0	99.4083
0	0	0	100
0	100	0	0
100	0	0	0
0	100	0	0
100	0	0	0
100	0	0	0
0	0	0	100
34.3195	21.8935	8.284	35.503
31.3609	22.4852	13.6095	32.5444
27.21892722	23.07692308	16.56801657	33.13613314
25.44382544	23.07692308	20.11832012	31.36093136
27.2189	28.4024	15.3846	28.9941
