>tfdimers__MD00161
29.13167087	22.40897759	19.88798011	28.57137143
29.97197003	18.48738151	19.88798011	31.65266835
27.73107227	20.16807983	25.21007479	26.89077311
32.493	17.0868	22.1289	28.2913
38.65546134	14.28568571	22.40897759	24.64987535
33.3333	15.1261	33.6134	17.9272
34.4538	30.5322	28.0112	7.0028
0.2801	0	0.2801	99.4398
0.2801	0	99.1597	0.5602
98.3193	1.4006	0	0.2801
9.8039	56.3025	23.2493	10.6443
19.60781961	11.76471176	7.002807003	61.62466162
35.29406471	36.13446387	22.12887787	6.442593557
93.2773	3.6415	2.2409	0.8403
65.26616527	7.843107843	16.52661653	10.36411036
72.549	5.6022	10.6443	11.2045
28.57142857	28.57142857	30.53223053	12.32491232
29.13167087	2.240897759	13.72548627	54.9019451
0.8403008403	0.5602005602	98.03929804	0.5602005602
94.1176	2.2409	3.6415	0
96.3585	1.9608	1.4006	0.2801
98.5994986	0	0.8403008403	0.5602005602
20.7283	31.9328	31.3725	15.9664
23.2493	22.9692	12.0448	41.7367
31.09243109	16.24651625	28.57142857	24.08962409
35.5742	17.9272	23.8095	22.6891
34.1737	17.9272	21.8487	26.0504
34.4538	18.7675	21.5686	25.2101
36.41456359	22.12887787	18.76748123	22.68907731
32.7731	22.1289	14.2857	30.8123
