>tfdimers__MD00090
32.5758	13.1313	21.4646	32.8283
33.8384	18.4343	16.9192	30.8081
36.6162	16.9192	19.1919	27.2727
29.5455	20.202	19.1919	31.0606
34.3434	15.9091	17.1717	32.5758
34.34343434	14.39391439	31.31313131	19.94951995
26.0101	42.4242	25	6.5657
0	0	0	100
0	0	100	0
98.2323	1.7677	0	0
27.02017298	30.55556944	36.61616338	5.808094192
13.1313	10.8586	0	76.0101
100	0	0	0
91.91910808	7.575792424	0.5050994949	0
100	0	0	0
0	69.697	0	30.303
100	0	0	0
52.0202	9.596	22.4747	15.9091
54.29295429	11.11111111	20.2020202	14.39391439
35.8586	14.3939	19.1919	30.5556
36.1111	16.6667	21.4646	25.7576
34.0909	24.7475	16.4141	24.7475
33.0808	18.9394	20.7071	27.2727
35.35353535	16.41411641	21.21212121	27.02022702
