>tfdimers__MD00130
23.58642359	29.24072924	23.26332326	23.90952391
27.6252	31.1793	18.5784	22.6171
23.4249	26.3328	23.5864	26.6559
23.74797625	28.10987189	23.74797625	24.39417561
28.75607124	17.77058223	25.04037496	28.43297157
13.7318	3.0695	61.5509	21.6478
5.0081	88.0452	6.3005	0.6462
0.3231	96.2843	0	3.3926
88.2068	8.8853	1.2924	1.6155
0.4847	9.8546	14.7011	74.9596
11.14701115	60.42006042	16.96281696	11.47011147
0	0.1616	0	99.8384
0	0	100	0
11.147	0	54.9273	33.9257
0	68.4976	31.5024	0
0	100	0	0
0	0	0	100
6.1389	38.6107	23.748	31.5024
24.2326	28.9176	16.8013	30.0485
20.51697948	28.75607124	25.68657431	25.04037496
24.2326	26.6559	21.3247	27.7868
25.0404	25.0404	21.3247	28.5945
25.2019252	25.36352536	22.61712262	26.81742682
