>tfdimers__MD00087
28.92642893	20.77532078	19.58251958	30.71573072
26.04372604	20.77532078	19.48311948	33.6978337
27.4354	21.3718	20.4771	30.7157
26.9384	22.8628	20.4771	29.7217
24.0557	26.3419	18.8867	30.7157
13.6183	31.5109	8.1511	46.7197
15.1093	29.6223	16.998	38.2704
28.6282	26.839	14.8111	29.7217
14.71171471	39.16503917	9.542709543	36.58053658
1.192801193	0.1988001988	0	98.60839861
87.7734	0.0994	6.8588	5.2684
99.6024	0.0994	0.1988	0.0994
6.958293042	7.952292048	20.87477913	64.21463579
4.771395229	76.44132356	8.34989165	10.43738956
1.8887	81.7097	0	16.4016
0.1988	30.1193	0.0994	69.5825
5.4672	13.9165	2.5845	78.0318
1.9881	0.3976	2.1869	95.4274
15.8052	23.2604	42.1471	18.7873
78.1312	3.2803	4.175	14.4135
22.5646	0.3976	4.8708	72.167
12.6243	41.2525	34.3936	11.7296
26.5408	25.7455	14.3141	33.3996
27.03777296	23.75747624	19.68188032	29.52287048
28.32997167	23.65807634	18.78728121	29.22467078
28.6282	22.167	18.5885	30.6163
26.73957326	21.96817803	20.87477913	30.41746958
