>tfdimers__MD00306
31.6024	18.1009	18.3976	31.8991
35.60833561	15.13351513	21.06822107	28.18992819
30.4154	19.1395	17.8042	32.6409
35.6083	16.6172	18.546	29.2285
32.6409	14.9852	21.6617	30.7122
37.83383783	13.35311335	32.64093264	16.17211617
66.3205	10.089	21.0682	2.5223
58.01184199	16.61718338	9.940690059	15.43028457
50.8902	0.8902	11.4243	36.7953
68.546	10.8309	10.5341	10.089
96.58759659	1.186901187	0.8902008902	1.335301335
12.6113	1.0386	0.4451	85.905
12.908	4.5994	7.8635	74.6291
50.2967	1.632	21.9585	26.1128
13.0564	40.2077	35.0148	11.7211
11.7211	35.0148	40.2077	13.0564
26.1128	21.9585	1.632	50.2967
74.6291	7.8635	4.5994	12.908
85.905	0.4451	1.0386	12.6113
1.335301335	0.8902008902	1.186901187	96.58759659
10.089	10.5341	10.8309	68.546
36.7953	11.4243	0.8902	50.8902
15.43028457	9.940690059	16.61718338	58.01184199
2.5223	21.0682	10.089	66.3205
16.17211617	32.64093264	13.35311335	37.83383783
30.7122	21.6617	14.9852	32.6409
29.2285	18.546	16.6172	35.6083
32.6409	17.8042	19.1395	30.4154
28.18992819	21.06822107	15.13351513	35.60833561
31.8991	18.3976	18.1009	31.6024
