>tfdimers__MD00047
27.1777	22.9965	30.662	19.1638
25.78397422	21.6027784	27.87457213	24.73867526
24.3902	22.6481	30.3136	22.6481
26.4808	21.9512	25.784	25.784
29.9652	16.7247	31.7073	21.6028
20.2091	17.4216	46.6899	15.6794
40.7666	18.8153	16.7247	23.6934
32.4042324	15.67941568	37.28223728	14.63411463
44.2509	0	30.662	25.0871
1.045301045	0.3484003484	98.25789826	0.3484003484
46.6899	2.439	44.5993	6.2718
95.8188	1.7422	2.0906	0.3484
2.0906	88.1533	9.4077	0.3484
99.6516	0	0	0.3484
5.2265	9.7561	79.0941	5.9233
82.5784	11.1498	4.1812	2.0906
3.4843	1.0453	2.439	93.0314
0	0.3484	99.6516	0
0.6969	0.3484	97.9094	1.0453
10.8014	81.8815	4.1812	3.1359
22.2996777	6.271793728	22.996477	48.43205157
8.0139	12.5436	67.2474	12.1951
19.51221951	41.46344146	23.34492334	15.67941568
12.1951	31.7073	28.223	27.8746
20.2091	25.4355	26.4808	27.8746
28.223	23.6934	24.7387	23.3449
20.2091	24.3902	33.101	22.2997
24.7387	19.8606	28.9199	26.4808
23.34492334	26.48082648	23.69342369	26.48082648
