>tfdimers__MD00386
34.2007	20.4461	21.1896	24.1636
23.4201	24.5353	23.0483	28.9963
36.803	12.6394	28.2528	22.3048
31.9703	22.6766	23.7918	21.5613
36.4312	10.4089	25.6506	27.5093
11.5242	7.0632	59.1078	22.3048
33.829	0.7435	65.0558	0.3717
0.3717003717	0	99.25659926	0.3717003717
98.513	0	0	1.487
1.115201115	1.858701859	0	97.02609703
1.115201115	0.3717003717	0.3717003717	98.14139814
81.41268141	0	15.98511599	2.602202602
65.4275	17.1004	1.1152	16.3569
34.5725	0	40.8922	24.5353
3.345703346	1.115201115	89.96288996	5.576205576
19.7026	57.6208	16.3569	6.3197
95.539	3.7175	0	0.7435
81.0409	2.2305	12.6394	4.0892
45.3532	8.1784	29.7398	16.7286
36.803	20.8178	17.8439	24.5353
31.97026803	15.98508401	25.65057435	26.39407361
31.5985316	20.81782082	24.53532454	23.04832305
35.68773569	20.07432007	19.7026197	24.53532454
31.5984684	18.58738141	26.39407361	23.42007658
33.08553309	22.3048223	23.04832305	21.56132156
30.855	21.1896	20.4461	27.5093
