>tfdimers__MD00343
23.0088	24.7788	25.6637	26.5487
24.7788	25.6637	31.8584	17.6991
18.58408142	28.31857168	28.31857168	24.77877522
26.54867345	36.28316372	20.35397965	16.81418319
28.3186	23.0088	23.8938	24.7788
32.74336726	7.964592035	42.47785752	16.81418319
27.4336	4.4248	59.292	8.8496
42.4779	4.4248	51.3274	1.7699
0.884999115	92.03530796	0.884999115	6.194693805
57.52215752	19.46901947	5.30970531	17.6991177
24.77877522	2.654897345	12.38938761	60.17693982
0	0.885	99.115	0
0.884999115	78.76102124	0.884999115	19.46898053
0.884999115	86.72561327	1.76989823	10.61948938
9.7345	47.7876	1.7699	40.708
19.46901947	17.6991177	53.0973531	9.734509735
8.84959115	3.53979646	70.7964292	16.81418319
0	0.885	97.3451	1.7699
0	97.3451	1.7699	0.885
96.4602	0	0	3.5398
22.1239	22.1239	37.1681	18.5841
12.3894	27.4336	50.4425	9.7345
16.8142	37.1681	18.5841	27.4336
15.0442	32.7434	33.6283	18.5841
12.3894	35.3982	24.7788	27.4336
18.58411858	23.00882301	35.3982354	23.00882301
19.46901947	29.2035292	25.66372566	25.66372566
26.5487	17.6991	29.2035	26.5487
20.35397965	24.77877522	24.77877522	30.08846991
22.1239	24.7788	25.6637	27.4336
21.2389	24.7788	27.4336	26.5487
