>tfdimers__MD00188
22.5961774	24.999975	23.55767644	28.84617115
23.55767644	30.28846971	24.03847596	22.11537788
19.71151971	25.96152596	28.36542837	25.96152596
25.4808	28.3654	19.7115	26.4423
21.63462163	27.4038274	20.19232019	30.76923077
26.44232644	38.46153846	16.82691683	18.26921827
0	0	0	100
5.2885	0	94.7115	0
12.01921202	25.96152596	21.63462163	40.38464038
4.3269	95.6731	0	0
0	100	0	0
0	53.8462	0	46.1538
14.9038149	38.46153846	6.25000625	40.38464038
50.96144904	3.846196154	16.34618365	28.84617115
0	0	100	0
0	0	100	0
0	0	100	0
88.46158846	8.653808654	0.4808004808	2.403802404
34.13463413	18.26921827	25.96152596	21.63462163
37.98076202	16.34618365	22.11537788	23.55767644
31.25	20.6731	25	23.0769
22.1154	22.5962	27.4038	27.8846
27.8846	19.2308	28.3654	24.5192
29.8077	20.6731	21.1538	28.3654
25	27.8846	27.8846	19.2308
29.32692933	23.07692308	23.07692308	24.51922452
