>tfdimers__MD00066
27.98832799	19.53351953	27.98832799	24.48982449
24.7813	22.7405	30.0292	22.449
30.0292	18.0758	29.1545	22.7405
21.8659	21.5743	35.5685	20.9913
36.44313644	13.41111341	37.60933761	12.53641254
25.07292507	37.02623703	28.57142857	9.329409329
92.4198	7.5802	0	0
0	0	100	0
0	0	100	0
100	0	0	0
100	0	0	0
0	0	100	0
0	7.2886	0	92.7114
0	0	100	0
0	0	100	0
10.7872	22.1574	29.4461	37.6093
25.65602566	9.912509913	0.2915002915	64.13996414
30.3207	8.7464	33.8192	27.1137
23.0321	18.3673	23.3236	35.277
22.7405	19.8251	25.3644	32.07
16.3265	15.4519	34.9854	33.2362
19.5335	26.8222	25.656	27.9883
28.5714	18.6589	26.2391	26.5306
28.863	16.9096	31.7784	22.449
28.86297114	18.07578192	28.86297114	24.1982758
24.4898	23.0321	29.1545	23.3236
