>tfdimers__MD00552
20.8661	30.0197	30.9055	18.2087
22.9331	27.2638	27.8543	21.9488
20.1772	32.9724	28.3465	18.5039
20.07872008	28.54332854	29.72442972	21.65352165
14.6654	30.2165	38.2874	16.8307
0	100	0	0
100	0	0	0
0	5.708694291	93.996006	0.2952997047
0	0	100	0
0	10.9252	87.8937	1.1811
0	0	100	0
22.44092244	19.29131929	52.65755266	5.61020561
3.74019626	68.01173199	2.559097441	25.68897431
20.374	3.937	46.063	29.626
8.6614	44.4882	24.2126	22.6378
10.13781014	22.04722205	47.73624774	20.07872008
0.9843	69.9803	18.3071	10.7283
33.46456654	3.543296457	9.645690354	53.34644665
14.5669	20.1772	40.6496	24.6063
20.7677	27.6575	32.185	19.3898
20.8661	25.3937	31.9882	21.752
20.7677	28.3465	30.1181	20.7677
23.9173	26.9685	28.5433	20.5709
20.76767923	29.13387087	27.16537283	22.93307707
