>tfdimers__MD00521
26.8535	21.1573	24.774	27.2152
24.4123	23.2369	21.9711	30.3797
23.1465	25.7685	23.1465	27.9385
26.49187351	21.33817866	20.61477939	31.55516844
27.396	20.5244	21.6094	30.4702
33.63473363	6.962006962	23.41772342	35.98553599
0	0	100	0
0	0	100	0
0	0	100	0
36.528	2.0796	36.2568	25.1356
36.3472	32.5497	29.3852	1.7179
3.9783	1.8987	2.3508	91.7722
0	0	0	100
0	0	0	100
28.2098	28.6618	6.962	36.1664
9.7649	0.9042	0.4521	88.8788
30.65096935	15.64198436	22.51357749	31.19346881
11.3924	28.8427	22.8752	36.8897
27.66727233	20.88607911	18.71608128	32.73056727
23.5081	21.6094	21.6094	33.2731
23.50812351	23.32732333	21.79022179	31.37433137
24.2315	20.3436	22.2423	33.1826
25.22602523	19.89151989	22.24232224	32.64013264
