>tfdimers__MD00334
26.1411	25.7261	24.8963	23.2365
25.3112	25.7261	20.332	28.6307
31.1203	24.0664	21.9917	22.8216
30.7054	24.8963	21.9917	22.4066
20.332	31.5353	19.0871	29.0456
0	100	0	0
100	0	0	0
0	10.7884	65.1452	24.0664
0	0	100	0
0	5.3942	44.3983	50.2075
0	0	100	0
75.1037	9.9585	9.9585	4.9793
25.72612573	31.12033112	7.053907054	36.0996361
4.5643	4.5643	2.9046	87.9668
0.4149	4.9793	3.7344	90.8714
3.3195	90.0415	1.2448	5.3942
8.7137	81.7427	0.8299	8.7137
9.5436	63.9004	19.5021	7.0539
29.04562905	24.48132448	17.42741743	29.04562905
28.2158	18.2573	29.0456	24.4813
25.7261	24.8963	28.2158	21.1618
27.3859	21.1618	19.917	31.5353
21.99167801	21.57677842	29.46057054	26.97097303
