>tfdimers__MD00591
28.34782835	20.34782035	24.34782435	26.95652696
23.4783	21.913	22.9565	31.6522
22.95652296	24.52172452	24.52172452	28.000028
26.43477357	22.43477757	20.6956793	30.43476957
27.47827252	23.47827652	24.86957513	24.17387583
23.82607617	24.6956753	28.86957113	22.60867739
41.5652	17.5652	14.6087	26.2609
46.7826	6.6087	14.087	32.5217
63.1304	17.0435	9.3913	10.4348
90.6087	0	0.1739	9.2174
0.1739	99.8261	0	0
98.6087	0	0	1.3913
95.6522	0	0.1739	4.1739
56.6957	0.5217	3.4783	39.3043
45.21744522	1.913001913	31.3043313	21.56522157
0	8.6957	91.3043	0
0	100	0	0
0	100	0	0
0	38.4348	2.9565	58.6087
18.2609	25.5652	25.7391	30.4348
21.0435	25.5652	26.4348	26.9565
22.78262278	24.52172452	25.56522557	27.13042713
27.65217235	21.21737878	26.08697391	25.04347496
26.087	21.0435	26.9565	25.913
25.5652	22.4348	25.3913	26.6087
