>tfdimers__MD00368
20.64307936	33.08256692	22.25087775	24.02347598
20.7049207	33.24743325	22.28182228	23.76582377
20.5503	34.4533	20.8801	24.1163
20.6122	33.1959	21.4882	24.7037
16.8402	41.482	19.3548	22.323
21.36452136	53.32375332	4.431604432	20.88012088
12.7383	50.0567	20.1484	17.0566
11.21301121	28.80552881	12.74861275	47.23284723
4.9263	48.2531	42.4405	4.3801
35.3499	14.6759	5.9775	43.9967
1.772601773	94.65119465	3.225803226	0.3504003504
0.2164	99.4538	0.0309	0.2989
0.4225004225	38.94673895	0.5874005874	60.04336004
1.0512	64.5574	1.8345	32.5569
6.513406513	86.85978686	5.297305297	1.32950133
67.4843	3.1021	2.0612	27.3524
6.7402	68.5458	22.6425	2.0715
17.4688	64.9078	0.9172	16.7062
10.7493	60.0433	14.0781	15.1293
2.68989731	49.84025016	20.78737921	26.68247332
19.32388068	37.98826201	18.53038147	24.15747584
21.3439	32.2684	22.1581	24.2296
20.38542039	33.90703391	22.69402269	23.01352301
18.7159	35.9786	22.0653	23.2402
19.2209	34.5254	21.313	24.9407
