>tfdimers__MD00314
31.1765	18.8235	17.0588	32.9412
28.0882	17.3529	18.3824	36.1765
28.82347118	17.64708235	17.64708235	35.88236412
31.61763162	17.35291735	18.52941853	32.5000325
24.7059	24.8529	19.5588	30.8824
30.7353	31.9118	13.2353	24.1176
31.6176	18.8235	24.4118	25.1471
0	13.0882	0.1471	86.7647
0.1470998529	7.4999925	0.1470998529	92.20580779
0	0.1471	0	99.8529
0	97.0588	0	2.9412
22.7941	61.7647	0.7353	14.7059
0.5882005882	0	0.5882005882	98.82359882
0.5882	0.8824	94.4118	4.1176
94.4118	2.0588	1.0294	2.5
13.23528676	44.70585529	22.64707735	19.41178059
19.5588	9.5588	12.5	58.3824
19.2647	48.6765	4.7059	27.3529
62.64703735	20.88237912	4.705895294	11.76468824
27.9412	19.1176	22.6471	30.2941
28.23527176	22.64707735	17.20588279	31.91176809
34.85293485	17.35291735	16.32351632	31.47063147
35.58823559	15.58821559	16.32351632	32.5000325
31.0294	20.4412	18.5294	30
31.32353132	16.76471676	20.58822059	31.32353132
