>tfdimers__MD00103
27.381	23.8095	20.2381	28.5714
29.16667083	19.64288036	22.02377798	29.16667083
30.3571	18.4524	23.2143	27.9762
32.1429	17.2619	20.2381	30.3571
23.8095	20.8333	32.1429	23.2143
24.4047756	24.999975	21.42857857	29.16667083
27.38097262	19.64288036	22.02377798	30.95236905
22.619	24.4048	26.1905	26.7857
33.3333	14.881	16.6667	35.119
30.3571	26.1905	25	18.4524
40.4762	5.9524	17.8571	35.7143
0	0	100	0
0	8.9286	0	91.0714
0	0	100	0
0	0	100	0
100	0	0	0
0	0	0	100
0	0	0	100
100	0	0	0
0	0	0	100
14.881	27.9762	26.7857	30.3571
24.4047756	29.16667083	14.28568571	32.14286786
29.16667083	26.19047381	20.23807976	24.4047756
28.5714	18.4524	25	27.9762
27.38097262	20.23807976	23.21427679	29.16667083
25.5952	19.6429	20.8333	33.9286
