>tfdimers__MD00165
28.2609	19.5652	21.0702	31.1037
30.602	19.8997	16.7224	32.7759
31.43813144	19.06351906	18.72911873	30.76923077
26.9231	19.8997	19.5652	33.612
29.5986704	11.53848846	18.8962811	39.96656003
23.913	9.5318	55.6856	10.8696
65.5518	10.3679	13.2107	10.8696
0	0	0	100
0	7.0234	0	92.9766
100	0	0	0
65.88623411	8.026791973	21.4046786	4.682295318
0.5017	0	0.8361	98.6622
0.5016994983	1.504998495	93.47820652	4.515095485
97.82619783	0.8361008361	1.003301003	0.3344003344
13.5452	32.9431	19.0635	34.4482
13.3779	13.8796	9.0301	63.7124
35.4515	37.291	6.5217	20.7358
73.07682692	15.71908428	3.846196154	7.357892642
28.4281	22.5753	16.8896	32.107
25.25082525	21.4047214	18.39461839	34.94983495
32.60866739	17.72578227	18.72908127	30.93646906
33.1104	20.2341	18.7291	27.9264
31.60536839	18.06018194	18.72908127	31.60536839
31.7726	19.2308	19.7324	29.2642
