>tfdimers__MD00138
29.5503	17.5589	16.2741	36.6167
23.76872377	21.62742163	20.55672056	34.04713405
22.91222291	21.84152184	20.98502099	34.26123426
23.1263	23.7687	17.9872	35.1178
31.90576809	15.41758458	17.98718201	34.68946531
16.2741	32.9764	28.4797	22.2698
7.066392934	3.64029636	3.64029636	85.65301435
5.567494433	4.282695717	7.28049272	82.86931713
0.8565	7.7088	1.2848	90.1499
1.0707	83.94	2.1413	12.848
69.37906938	5.995705996	2.783702784	21.84152184
5.567494433	40.8993591	36.61666338	16.91648308
1.498901499	1.284801285	0.2141002141	97.002197
0.8565	2.7837	3.6403	92.7195
2.997897002	22.6980773	1.927198073	72.37682762
0.4283	80.5139	2.7837	16.2741
65.7388	7.0664	7.2805	19.9143
0	0	99.7859	0.2141
0	0	0	100
0	0	4.7109	95.2891
17.773	32.1199	21.6274	28.4797
20.1285	29.7645	11.9914	38.1156
25.91007409	20.77087923	18.84368116	34.47536552
29.3362	20.5567	19.4861	30.621
28.69382869	20.55672056	16.48821649	34.26123426
28.4797	18.2013	18.4154	34.9036
