>tfdimers__MD00517
22.905	24.581	25.1397	27.3743
25.13967486	21.22907877	18.99438101	34.63686536
27.3743	22.3464	17.3184	32.9609
31.84356816	18.43578156	16.2010838	33.51956648
22.3464	24.581	22.905	30.1676
31.8436	7.8212	12.8492	47.486
18.9944	20.1117	19.5531	41.3408
10.6145	11.1732	8.3799	69.8324
1.675998324	4.469295531	0.5586994413	93.2960067
1.1173	7.8212	3.352	87.7095
1.117301117	94.41349441	2.234602235	2.234602235
0	97.7654	0	2.2346
73.18432682	0.5586994413	0	26.25697374
0.5587	2.7933	1.1173	95.5307
6.7039	0.5587	3.9106	88.8268
15.08381508	25.6983257	44.69274469	14.52511453
45.2514	2.2346	2.7933	49.7207
29.60892961	24.02232402	12.29051229	34.07823408
80.4469	0.5587	4.4693	14.5251
5.5866	0	1.676	92.7374
2.2346	0.5587	75.419	21.7877
7.821207821	55.86595587	16.2011162	20.11172011
67.5977324	3.351996648	1.675998324	27.37427263
66.48046648	3.910603911	20.67042067	8.938508939
84.91611508	6.145293855	4.469295531	4.469295531
22.3464	8.9385	17.8771	50.838
26.8156	18.4358	23.4637	31.2849
25.1397	22.905	24.0223	27.933
31.28493128	26.81562682	17.87711788	24.02232402
32.4022	22.3464	17.3184	27.933
30.72626927	22.34637765	15.64248436	31.28486872
