>tfdimers__MD00554
38.5	17	23	21.5
30.5	23.5	20.5	25.5
30	22	22.5	25.5
25.5	23.5	25	26
25.5	27	19.5	28
23	28.5	13	35.5
25	30	25.5	19.5
43.5	12.5	10.5	33.5
14.5	22.5	53.5	9.5
23	12	40	25
18.5	0.5	17.5	63.5
26	1	69.5	3.5
95	3.5	1	0.5
0	1.5	0	98.5
4	37	3.5	55.5
83.5	8	4	4.5
73	3.5	19	4.5
20.5	4	61.5	14
5	0	94.5	0.5
2.5	1.5	93	3
69	8.5	18.5	4
0.5	18	31	50.5
7.5	0	1	91.5
25.5	7.5	46	21
34.5	15.5	26	24
21.5	21.5	39	18
32.5	17	16.5	34
5.5	28.5	45.5	20.5
28	20.5	24.5	27
29	20	22	29
27	17.5	29	26.5
35	21	23	21
31.5	13	28	27.5
