>tfdimers__MD00117
31.8091	19.4831	25.0497	23.6581
23.85687614	22.46517753	29.22467078	24.45327555
24.2545	22.4652	27.0378	26.2425
25.4473	24.8509	28.827	20.8748
22.8628	22.8628	29.6223	24.6521
28.6282	29.6223	21.4712	20.2783
29.8211	19.6819	24.4533	26.0437
20.2783	28.4294	40.7555	10.5368
12.32601233	0.1988001988	13.91651392	73.55867356
1.9881	1.7893	95.6262	0.5964
62.4254	5.5666	22.2664	9.7416
1.9881	94.4334	2.9821	0.5964
97.6143	0	0.3976	1.9881
0	5.169	90.2584	4.5726
0	0	100	0
0	0	0	100
0	0	100	0
0	0	100	0
19.4831	33.3996	26.0437	21.0736
26.839	23.0616	29.4235	20.6759
25.8449	19.2843	33.5984	21.2724
22.664	19.6819	33.002	24.6521
25.4473	20.8748	30.6163	23.0616
