>tfdimers__MD00021
28.2272	23.9243	26.6781	21.1704
29.432	22.031	27.3666	21.1704
28.5714	24.957	22.3752	24.0964
25.6454	22.8916	25.8176	25.6454
29.9484	3.7866	32.7022	33.5628
0	0	100	0
16.5232	0	83.4768	0
100	0	0	0
100	0	0	0
100	0	0	0
42.5129	0	46.2995	11.1876
23.2358	59.8967	0	16.8675
0	100	0	0
0	100	0	0
0	95.6971	0	4.3029
42.5129	33.7349	0	23.7522
33.56283356	18.41651842	24.44062444	23.58002358
29.2599	21.6867	23.9243	25.1291
28.3993	23.4079	23.0637	25.1291
24.6127	28.0551	21.3425	25.9897
23.7522	25.4733	22.5473	28.2272
