>tfdimers__MD00363
27.3196	21.6495	23.7113	27.3196
24.2268	22.6804	27.8351	25.2577
26.8041268	19.58761959	29.38142938	24.22682423
28.866	18.5567	27.3196	25.2577
23.1958768	17.52578247	30.41236959	28.86597113
26.8041268	29.38142938	20.1031201	23.71132371
43.8144	20.6186	7.2165	28.3505
25.2577	29.8969	32.9897	11.8557
17.52578247	0.5154994845	13.4020866	68.55663144
1.546398454	0	96.39170361	2.061897938
72.6804	2.0619	17.0103	8.2474
0.5154994845	96.39170361	1.546398454	1.546398454
97.9381	0	0	2.0619
5.67009433	6.185593814	81.95871804	6.185593814
70.1031	4.6392	19.5876	5.6701
13.4021	1.5464	8.2474	76.8041
0	0	100	0
2.061897938	1.546398454	94.32980567	2.061897938
86.5979	1.5464	9.7938	2.0619
89.17521082	2.061897938	6.700993299	2.061897938
70.1031	11.3402	8.7629	9.7938
54.12364588	14.94848505	17.52578247	13.4020866
45.87625412	10.30928969	7.731992268	36.08246392
27.3196	19.5876	31.4433	21.6495
37.1134	16.4948	20.6186	25.7732
25.2577	21.134	20.1031	33.5052
30.9278	15.4639	30.4124	23.1959
28.3505	23.7113	27.3196	20.6186
