>tfdimers__MD00454
35.35353535	18.38381838	19.7980198	26.46462646
33.1313	16.7677	18.9899	31.1111
35.9596	13.9394	20.404	29.697
33.93936606	14.54548545	21.61617838	29.8989701
34.9495	12.3232	21.2121	31.5152
38.78786121	11.51518848	35.15146485	14.54548545
73.5354	5.0505	21.2121	0.202
62.02026202	17.17171717	4.444404444	16.36361636
54.34345434	0.404000404	7.070707071	38.18183818
77.37377737	9.090909091	9.292909293	4.242404242
99.596	0	0.202	0.202
18.5859	0	0	81.4141
15.75758424	4.646495354	6.868693131	72.72722727
59.596	4.6465	15.3535	20.404
82.8283	0	17.1717	0
100	0	0	0
34.7475	0	0	65.2525
52.1212	0	0	47.8788
100	0	0	0
85.0505	0	0	14.9495
42.82825717	18.58588141	18.58588141	19.99998
36.5657	17.3737	18.9899	27.0707
35.55556444	19.5959804	16.76768323	28.08077192
33.53536646	22.62627737	16.96968303	26.86867313
33.9394	18.7879	17.9798	29.2929
