>tfdimers__MD00561
27.6821	23.3113	19.6026	29.404
26.6225	24.5033	19.4702	29.404
25.5629	24.106	20.2649	30.0662
27.6821	24.5033	17.8808	29.9338
23.7086	25.9603	20.7947	29.5364
14.9669	34.9669	11.5232	38.543
0	0	0	100
92.3179	0	7.6821	0
100	0	0	0
7.6821	6.4901	10.3311	75.4967
3.4437	71.6556	0	24.9007
0	100	0	0
0	45.6954	0	54.3046
49.404	39.7351	10.8609	0
55.894	44.106	0	0
100	0	0	0
0	34.9669	25.4305	39.6026
34.96686503	24.76817523	0.1324998675	40.13245987
25.298	24.5033	22.3841	27.8146
30.0662	24.3709	17.6159	27.947
29.6689	23.7086	16.2914	30.3311
27.81457219	20.13247987	20.52977947	31.52316848
27.4172	21.8543	23.8411	26.8874
