>tfdimers__MD00476
33.74083374	15.64791565	17.35941736	33.25183325
29.8289	22.0049	15.6479	32.5183
24.2054	21.7604	20.5379	33.4963
25.1834	18.8264	16.8704	39.1198
29.0954	15.4034	22.0049	33.4963
16.1369	19.0709	18.5819	46.2103
21.2714	21.2714	5.6235	51.8337
0.489	0	0	99.511
19.8044	0.2445	78.7286	1.2225
0	0	0.2445	99.7555
0.7334992665	5.134494866	8.068491932	86.06351394
0	0.2445	0	99.7555
23.2274	2.6895	52.3227	21.7604
7.335	54.7677	7.0905	30.8068
22.0049	0.2445	11.4914	66.2592
6.846	20.0489	58.9242	14.1809
69.19313081	0	6.356993643	24.44987555
5.867994132	1.711498289	69.92663007	22.49387751
8.068491932	7.823992176	25.42787457	58.67964132
2.933997066	69.68213032	21.51587848	5.867994132
96.577	1.2225	0	2.2005
31.0513	6.357	29.8289	32.7628
22.7384	20.7824	22.9829	33.4963
30.56233056	16.38141638	18.82641883	34.22983423
34.9633	17.8484	20.2934	26.8949
31.54033154	18.58191858	17.6039176	32.27383227
28.3619	20.5379	19.3154	31.7848
