>tfdimers__MD00085
27.3481	21.547	22.6519	28.453
22.37572238	24.03312403	26.51932652	27.07182707
31.4917	22.6519	20.442	25.4144
29.558	25.9669	23.2044	21.2707
29.00552901	19.88951989	24.58562459	26.51932652
28.7293	30.9392	25.4144	14.9171
21.2707	29.0055	21.547	28.1768
29.558	32.5967	19.8895	17.9558
84.53031547	13.81218619	1.657498343	0
98.0663	0.8287	0.5525	0.5525
0.8287008287	98.8950989	0.2762002762	0
12.1547	15.4696	4.6961	67.6796
13.5359	5.2486	51.9337	29.2818
9.3923	24.5856	53.5912	12.4309
10.4972	47.5138	11.8785	30.1105
27.0718	25.1381	14.0884	33.7017
27.3481	22.6519	22.6519	27.3481
33.7017	14.0884	25.1381	27.0718
30.1105	11.8785	47.5138	10.4972
12.4309	53.5912	24.5856	9.3923
29.2818	51.9337	5.2486	13.5359
67.6796	4.6961	15.4696	12.1547
0	0.2762002762	98.8950989	0.8287008287
0.5525	0.5525	0.8287	98.0663
0	1.657498343	13.81218619	84.53031547
17.9558	19.8895	32.5967	29.558
28.1768	21.547	29.0055	21.2707
14.9171	25.4144	30.9392	28.7293
26.51932652	24.58562459	19.88951989	29.00552901
21.2707	23.2044	25.9669	29.558
25.4144	20.442	22.6519	31.4917
27.07182707	26.51932652	24.03312403	22.37572238
28.453	22.6519	21.547	27.3481
