>tfdimers__MD00053
24.76187524	20.95237905	32.38096762	21.9047781
28.254	21.5873	25.7143	24.4444
25.71427429	20.95237905	35.55556444	17.77778222
26.9841	17.7778	37.7778	17.4603
18.73018127	17.77778222	36.82536317	26.66667333
37.14286286	11.42858857	51.11104889	0.3174996825
39.99996	17.14288286	41.9047581	0.9523990476
0	100	0	0
100	0	0	0
0	0	100	0
53.01584698	21.9047781	25.07937492	0
0	0	0	100
0	0	100	0
0	0	100	0
0	0	0	100
0	0	100	0
0	0	100	0
21.9048	28.8889	30.1587	19.0476
24.12697587	20.95237905	32.38096762	22.53967746
31.74603175	16.50791651	32.6984327	19.04761905
22.8571	21.9048	30.7937	24.4444
28.57142857	21.26982127	32.06353206	18.0952181
