>tfdimers__MD00242
22.0537	32.711	22.4556	22.7797
20.9646	33.3722	21.4962	24.167
20.1608	35.2651	21.1202	23.4539
19.6292	34.954	22.0666	23.3502
19.1365	36.3283	21.6907	22.8445
23.44092344	37.39143739	21.37952138	17.78811779
28.3418	27.9139	20.5627	23.1816
15.45441545	39.46583947	18.2030182	26.87672688
15.3248	48.4118	15.0395	21.2239
14.2098	58.6931	6.9363	20.1608
9.74979025	63.64573635	1.270598729	25.33387467
5.2898	89.8483	4.0192	0.8427
75.9756	2.4245	2.2041	19.3958
10.1258	60.3915	26.6563	2.8264
12.07051207	71.91757192	0.5056005056	15.50631551
6.0158	76.1442	7.5457	10.2943
1.607698392	71.08772891	5.665794334	21.63877836
10.5406	63.1272	0.8298	25.5024
7.4809	86.231	5.212	1.0761
74.3809	2.969	2.1652	20.4849
5.588	72.6047	19.9663	1.841
17.7752	67.4316	0.739	14.0542
8.6737	66.4592	13.1596	11.7075
2.4893	53.4682	19.1754	24.8671
19.81071981	37.20993721	19.4995195	23.47982348
21.22387878	33.8000662	22.20927779	22.76677723
21.172	34.2798	23.1298	21.4184
19.17541918	36.1986362	21.96292196	22.66302266
19.2921	35.6152	21.561	23.5317
