>tfdimers__MD00170
35.05976494	19.12348088	17.52988247	28.28687171
35.8566	13.5458	18.1275	32.4701
28.0876	17.7291	19.7211	34.4622
31.4741	20.7171	16.3347	31.4741
31.0757	23.506	19.7211	25.6972
33.26693327	51.39445139	0	15.33861534
41.23505876	1.195198805	3.984096016	53.58564641
22.7092	18.7251	0	58.5657
0	0	0	100
0	0	100	0
0	3.9841	0	96.0159
66.53383347	23.30677669	0	10.15938984
100	0	0	0
100	0	0	0
0	100	0	0
100	0	0	0
40.0398	19.3227	18.5259	22.1116
38.4462	14.9402	18.1275	28.4861
32.2709	19.7211	18.3267	29.6813
32.8685	18.1275	18.3267	30.6773
37.251	17.9283	15.5378	29.2829
32.4701	16.3347	21.7131	29.4821
34.8606	16.3347	15.3386	33.4661
