>tfdimers__MD00472
26.2136	19.0939	29.4498	25.2427
32.3625	20.3883	22.0065	25.2427
31.71523172	17.47571748	17.47571748	33.33333333
29.7735	16.8285	25.5663	27.8317
25.2427	19.7411	28.479	26.5372
32.6861	9.7087	34.9515	22.6537
31.3916	33.657	24.2718	10.6796
58.57604142	10.35598964	24.91907508	6.148893851
30.74433074	1.941701942	55.66345566	11.65051165
5.8252	0	94.1748	0
12.6214	3.2362	77.9935	6.1489
98.3819	0.6472	0.9709	0
6.1489	25.2427	47.8964	20.712
38.1877	0.3236	1.2945	60.1942
0	0	0	100
100	0	0	0
100	0	0	0
82.5243	4.5307	0	12.945
11.32688867	46.92555307	38.83496117	2.912597087
24.5955	49.5146	12.2977	13.5922
33.3333	21.0356	15.534	30.0971
29.7735	22.9773	19.4175	27.8317
34.95146505	17.7993822	21.03557896	26.21357379
31.068	21.0356	24.9191	22.9773
29.44982945	13.59221359	26.86082686	30.0971301
