>tfdimers__MD00462
31.25003125	16.14581615	30.20833021	22.3958224
23.4375	23.9583	26.0417	26.5625
27.6041724	22.91667708	19.79168021	29.68747031
23.9583	18.2292	25	32.8125
17.18748281	32.29166771	27.6041724	22.91667708
26.0417	50.5208	0	23.4375
34.8958349	2.083302083	10.93751094	52.08335208
8.3333	27.6042	0	64.0625
0	0	0	100
0	0	100	0
0	5.208305208	23.95832396	70.83337083
0	2.6042	79.6875	17.7083
0	0	100	0
0	0	0	100
0	0	0	100
0	0	0	100
0	55.2083	44.7917	0
30.7292	7.8125	9.375	52.0833
21.3542	9.8958	41.1458	27.6042
25	18.75	19.2708	36.9792
19.7917	21.875	23.4375	34.8958
22.91667708	24.47917552	24.47917552	28.12497188
21.3542	27.0833	20.8333	30.7292
23.95832396	25.000025	23.95832396	27.08332708
