>tfdimers__MD00049
25.4088	21.2579	26.2893	27.044
28.0503	22.2642	23.2704	26.4151
28.3018717	23.14467686	21.25787874	27.2955727
26.66667333	21.13207887	23.77357623	28.42767157
27.7987	21.0063	22.1384	29.0566
35.4717	17.1069	23.0189	24.4025
21.2579	25.0314	34.3396	19.3711
30.1887	17.6101	22.3899	29.8113
15.0943	17.4843	38.9937	28.4277
21.8868	24.7799	27.7987	25.5346
9.9371	55.2201	20.3774	14.4654
87.4214	0	0	12.5786
0.2515997484	0.2515997484	98.61630138	0.8804991195
1.5094	2.2642	1.6352	94.5912
0.3774	0	0	99.6226
100	0	0	0
100	0	0	0
0	0	41.761	58.239
0	100	0	0
24.5283	36.1006	2.8931	36.478
21.1321	23.8994	27.1698	27.7987
25.6604	27.1698	16.9811	30.1887
22.1384	24.2767	18.7421	34.8428
26.7925	20.1258	16.9811	36.1006
