>tfdimers__MD00071
26.2979737	20.54177946	17.15578284	36.004464
29.4582	20.8804	15.237	34.4244
25.8465	22.4605	15.4628	36.2302
26.8623	15.237	20.0903	37.8104
26.7494	20.0903	20.2032	32.9571
25.05642506	52.25735226	0	22.68622269
28.2167	0	0.4515	71.3318
5.1919	14.8984	0	79.9097
0	0	0	100
0	0	100	0
0	8.9165	4.5147	86.5688
0.1128998871	2.144497856	0.3385996614	97.4040026
0.6772	0.1129	9.3679	89.842
30.0226	2.7088	40.0677	27.2009
1.467298533	98.41980158	0.1128998871	0
40.1806	23.1377	1.4673	35.2144
23.702	31.0384	9.2551	36.0045
64.6727	17.3815	5.4176	12.5282
55.9819	5.4176	18.3973	20.2032
14.3341	19.6388	23.702	42.3251
25.8465	23.8149	15.0113	35.3273
33.18283318	22.7991228	9.480809481	34.53723454
29.5711	17.6072	19.1874	33.6343
27.991	19.7517	16.7043	35.553
31.48983149	17.26861727	17.04291704	34.1986342
28.3296	18.9616	18.7359	33.9729
32.0542	17.6072	16.5914	33.7472
