>tfdimers__MD00040
26.6464	23.6069	23.3029	26.4438
28.97672898	22.6950227	20.97262097	27.35562736
27.45692746	23.3029233	21.98582199	27.25432725
27.8622	21.7832	23.1003	27.2543
27.6596	22.695	22.2898	27.3556
36.5755	22.999	29.078	11.3475
31.9149	14.2857	24.3161	29.4833
33.94123394	23.2016232	29.17932918	13.67781368
31.81356819	23.4042766	14.89358511	29.88857011
57.1429	13.7791	13.8804	15.1976
12.2594	4.154	11.2462	72.3404
15.0962849	12.76598723	62.30993769	9.827790172
10.537	62.7153	6.6869	20.0608
70.8207	6.5856	4.7619	17.8318
94.1236	0.8105	4.0527	1.0132
92.0973	0.7092	1.3171	5.8764
1.1145	0	7.7001	91.1854
0	100	0	0
0.2026	99.7974	0	0
0	100	0	0
33.232	16.8186	4.0527	45.8967
27.3556	14.9949	24.7214	32.9281
29.2806	23.4043	17.6292	29.6859
32.6241	13.0699	24.1135	30.1925
24.51872452	24.51872452	25.73452573	25.22802523
27.0517	25.7345	20.0608	27.153
27.05167295	23.50557649	21.78317822	27.65957234
26.7477	24.0122	22.3911	26.849
29.17932918	24.92402492	23.70822371	22.18842219
