>tfdimers__MD00147
28.0156	22.5681	31.1284	18.2879
26.45912646	18.28791829	32.68483268	22.56812257
19.84438016	21.4007786	35.01946498	23.73537626
19.06611907	23.34632335	31.51753152	26.07002607
27.23737276	19.45528054	31.12836887	22.17897782
28.7938	24.9027	31.9066	14.3969
56.0311	0.3891	43.5798	0
0	0	100	0
0	0	100	0
0	91.0506	8.9494	0
97.2763	2.3346	0	0.3891
0	0	100	0
0	0	100	0
100	0	0	0
81.7121	0	0	18.2879
23.3463	1.1673	75.4864	0
7.0039	22.5681	0	70.428
31.9066	6.2257	42.0233	19.8444
17.1206	20.6226	47.0817	15.1751
24.5136	25.2918	29.9611	20.2335
26.07	21.4008	31.1284	21.4008
25.2918	22.179	28.7938	23.7354
25.68092568	17.50971751	31.12843113	25.68092568
