>tfdimers__MD00530
25.2964	21.7391	28.2609	24.7036
23.32017668	25.0987749	26.87747312	24.7035753
27.27267273	27.47037253	24.7035753	20.55337945
23.91302391	25.88932589	23.51782352	26.67982668
25.69172569	23.12252312	23.12252312	28.06322806
16.2055	14.4269	21.7391	47.6285
10.27668972	22.13437787	53.16204684	14.42688557
20.94862095	45.05934506	16.996017	16.996017
20.751	0.1976	34.3874	44.664
1.7787	7.5099	89.7233	0.9881
62.0553	0.5929	13.6364	23.7154
6.3241	0.9881	74.7036	17.9842
7.114607115	32.21343221	28.65612866	32.01583202
1.3834	82.8063	11.8577	3.9526
97.4308	2.1739	0	0.3953
12.253	3.3597	19.5652	64.8221
17.58891759	45.25694526	26.67982668	10.47431047
0.3953	0	0.1976	99.4071
0	0.3952996047	99.20940079	0.3952996047
9.2885	8.1028	0.3953	82.2134
7.905107905	25.2964253	23.51782352	43.28064328
5.336	79.0514	11.8577	3.7549
25.2964253	22.52962253	0.1976001976	51.97635198
22.52962253	24.9012249	23.12252312	29.44662945
23.51777648	24.7035753	26.28457372	25.49407451
22.7273	25.4941	23.1225	28.6561
27.8656	21.5415	23.5178	27.0751
25.0988	23.5178	23.1225	28.2609
22.13437787	24.30827569	27.47037253	26.08697391
26.4822	20.3557	25.6917	27.4704
