>tfdimers__MD00238
26.6959733	20.35177965	22.67587732	30.27636972
27.63817236	21.23117877	19.03268097	32.0979679
27.07287293	19.03268097	21.35677864	32.53766746
23.4296	20.4774	22.5503	33.5427
24.12057588	22.17337783	22.11057789	31.5954684
24.7487	30.2764	21.2312	23.7437
20.5402	25.8794	28.392	25.1884
0.0628	14.7613	0.0628	85.1131
0	5.6533	0	94.3467
0	0.0628	0.3769	99.5603
0	99.8744	0	0.1256
24.3719	0.1256	1.2563	74.2462
4.0829	11.9347	79.3342	4.6482
56.0302	0.0628	9.799	34.108
5.527605528	1.821601822	63.06536307	29.58542959
6.4698	4.7111	20.7286	68.0905
1.005	76.3191	18.0905	4.5854
98.4296	0.6281	0.2513	0.691
22.11057789	11.49498851	33.29146671	33.1029669
28.4548	19.7236	21.8593	29.9623
27.4497	19.598	20.5402	32.4121
27.701	22.0477	21.294	28.9573
28.14072814	22.98992299	19.34671935	29.52262952
28.9573	21.608	22.4246	27.0101
