>tfdimers__MD00358
30.6962	16.1392	21.519	31.6456
32.91143291	16.13921614	20.56962057	30.37973038
27.53162753	18.35441835	24.05062405	30.06333006
34.81013481	21.2025212	18.35441835	25.63292563
35.44303544	13.60761361	10.44301044	40.50634051
65.5063	7.2785	19.6203	7.5949
49.36705063	0.3164996835	12.97468703	37.34176266
20.88607911	0	75.94932405	3.164596835
3.481	27.2152	2.2152	67.0886
88.92401108	10.75948924	0.3164996835	0
96.519	2.5316	0	0.9494
97.7848	0.3165	1.2658	0.6329
1.265801266	67.72156772	0.6329006329	30.37973038
97.7848	0.3165	0	1.8987
37.65823766	12.65821266	16.45571646	33.22783323
43.038	14.8734	14.557	27.5316
33.8608	18.038	20.5696	27.5316
39.87343987	12.65821266	21.83542184	25.63292563
41.4557	14.2405	19.9367	24.3671
26.5823	10.443	39.2405	23.7342
43.9873	19.3038	7.2785	29.4304
74.3671	25.6329	0	0
0	100	0	0
60.1266	0	0	39.8734
0	0	0	100
25.6329	6.3291	23.7342	44.3038
0	0	27.5316	72.4684
27.2152	23.1013	22.7848	26.8987
30.6961693	20.25317975	15.18988481	33.86076614
35.75946424	16.77218323	15.18988481	32.27846772
34.17716582	17.40508259	16.77218323	31.64556835
29.1139	19.6203	19.9367	31.3291
30.6962307	18.35441835	16.13921614	34.81013481
35.7595	14.8734	18.6709	30.6962
