>tfdimers__MD00062
23.28772329	22.6027226	22.6027226	31.50683151
26.02742603	25.68492568	21.57532158	26.71232671
30.13703014	19.52051952	21.57532158	28.76712877
33.5616	16.0959	22.9452	27.3973
35.6164	15.411	24.3151	24.6575
27.3972726	8.904091096	37.32876267	26.36987363
32.5342	16.0959	30.137	21.2329
81.50688151	0	17.80821781	0.6849006849
0.3424996575	0	99.31500068	0.3424996575
0.3424996575	0.3424996575	95.89030411	3.424696575
0.3425	0	0	99.6575
0	0	99.3151	0.6849
15.411	35.6164	0.3425	48.6301
4.1096	5.137	0	90.7534
96.9178	0	0	3.0822
97.2603	0	0	2.7397
9.589009589	7.534207534	10.95891096	71.91787192
8.5616	0	19.1781	72.2603
38.35616164	2.397297603	53.42464658	5.821894178
22.6027	21.9178	32.1918	23.2877
24.65752466	23.97262397	19.52051952	31.84933185
31.5068	22.2603	19.863	26.3699
28.0822	25.3425	23.6301	22.9452
29.45207055	25.34247466	18.49318151	26.71227329
