>tfdimers__MD00378
30.7175	22.4215	21.0762	25.7848
31.1659	17.713	27.8027	23.3184
28.2511	21.3004	26.009	24.4395
30.71746928	22.86997713	22.86997713	23.54257646
27.8027	28.0269	20.1794	23.991
24.88792489	31.39013139	12.33181233	31.39013139
20.6278	13.2287	18.1614	47.9821
20.6278	11.8834	51.5695	15.9193
25.1121	10.7623	50.8969	13.2287
30.2691	31.1659	24.2152	14.3498
24.8879	25.5605	17.4888	32.0628
28.02692803	24.21522422	23.54262354	24.21522422
29.8206	26.2332	25.5605	18.3857
23.0942	27.3543	26.9058	22.6457
35.8744	1.5695	20.1794	42.3767
2.4664	8.0717	81.1659	8.296
1.1211	94.6188	3.3632	0.8969
4.0359	95.7399	0.2242	0
97.0852	0	0.6726	2.2422
0.6726	0	99.3274	0
100	0	0	0
83.8565	0	16.1435	0
73.0942	0	26.9058	0
21.0762	36.9955	20.4036	21.5247
23.76682377	19.28251928	37.44393744	19.50671951
30.2691	26.009	24.2152	19.5067
30.94173094	22.64572265	21.07622108	25.33632534
28.9238	19.7309	26.9058	24.4395
24.43947556	19.95518004	26.23317377	29.37217063
24.88787511	22.86997713	25.78477422	26.45737354
