>tfdimers__MD00341
22	23	22	33
27	27	25	21
21	29	28	22
24	18	31	27
22	23	20	35
37	22	23	18
50	3	0	47
11	3	86	0
7	79	5	9
52	16	24	8
32	27	1	40
14	0	85	1
5	57	2	36
12	62	14	12
1	67	3	29
49	22	13	16
9	25	35	31
49	6	45	0
0	98	1	1
50	9	5	36
9	0	5	86
0	0	100	0
1	59	2	38
2	60	1	37
10	44	3	43
36	24	18	22
26	23	19	32
26	30	20	24
22	31	21	26
25	28	14	33
