>tfdimers__MD00403
23.3974	23.0769	26.6026	26.9231
22.4359	25.3205	27.8846	24.359
25.641	23.7179	26.6026	24.0385
25	24.6795	25.9615	24.359
26.6025734	24.67947532	29.16667083	19.55128045
21.1538	25.641	33.9744	19.2308
26.6026	22.7564	25.3205	25.3205
20.5128	29.4872	27.8846	22.1154
23.7179	25	29.8077	21.4744
22.7564	33.0128	18.9103	25.3205
21.79487821	11.53848846	12.17948782	54.48714551
0	0	100	0
0	13.4615	0	86.5385
0	0	100	0
0	0	100	0
0	0.3205	0.641	99.0385
0	99.6795	0	0.3205
99.359	0	0	0.641
7.6923	48.0769	2.2436	41.9872
16.9872	26.2821	28.5256	28.2051
18.91028109	24.03847596	32.05126795	24.999975
25.9615	21.7949	19.8718	32.3718
24.6795	19.2308	32.6923	23.3974
17.94871795	30.76923077	30.12823013	21.15382115
25.641	27.5641	21.7949	25
22.1154	22.7564	27.2436	27.8846
17.94871795	29.80772981	31.08973109	21.15382115
23.3974	24.359	24.6795	27.5641
25.32052532	25.96152596	28.20512821	20.51282051
25.3205	27.5641	26.9231	20.1923
23.0769	30.1282	24.359	22.4359
26.2821	26.6026	23.3974	23.7179
