>tfdimers__MD00377
34.5878	15.233	19.7133	30.4659
27.957	20.2509	22.9391	28.853
30.46593047	16.12901613	18.81721882	34.58783459
30.8244	17.3835	21.6846	30.1075
28.6738	20.2509	22.043	29.0323
35.4839	0.1792	0	64.3369
7.885307885	3.405003405	0.5376005376	88.17208817
28.1362	2.1505	42.2939	27.4194
80.10758011	0.7168007168	1.433701434	17.74191774
14.6953	0.8961	0.5376	83.871
17.92111792	0.3584003584	7.706107706	74.01437401
84.58788459	3.763403763	1.612901613	10.03581004
43.3692	6.6308	6.6308	43.3692
10.03581004	1.612901613	3.763403763	84.58788459
74.01437401	7.706107706	0.3584003584	17.92111792
83.871	0.5376	0.8961	14.6953
17.74191774	1.433701434	0.7168007168	80.10758011
27.4194	42.2939	2.1505	28.1362
88.17208817	0.5376005376	3.405003405	7.885307885
64.3369	0	0.1792	35.4839
29.0323	22.043	20.2509	28.6738
30.1075	21.6846	17.3835	30.8244
34.58783459	18.81721882	16.12901613	30.46593047
28.853	22.9391	20.2509	27.957
30.4659	19.7133	15.233	34.5878
