>tfdimers__MD00538
27.7046277	21.98052198	22.0950221	28.21982822
27.7619	23.3543	23.9267	24.9571
29.4791	25.2433	20.8357	24.4419
27.3039	24.8998	21.8661	25.9302
25.07157493	29.99427001	19.97708002	24.95707504
20.32052032	1.717201717	3.377203377	74.58507459
11.27648872	63.53743646	23.6977763	1.488298512
87.2353	0.2862	2.9765	9.502
2.003402003	14.93991494	81.45398145	1.602701603
1.202098798	97.13790286	1.202098798	0.4578995421
58.3286	12.7647	1.889	27.0177
11.1047889	13.62338638	57.58434242	17.68748231
37.0349	30.395	16.8288	15.7413
1.1448	0.9159	0.5724	97.3669
0.5152	0.2862	23.9267	75.2719
13.2799	5.7813	47.6245	33.3143
1.717201717	85.8042858	11.90611191	0.5724005724
36.1763	29.0212	4.0641	30.7384
23.0109	36.806	8.5861	31.597
43.1024569	33.1997668	10.7040893	12.99368701
61.2479	6.8689	14.5392	17.344
24.3274	23.3543	28.2198	24.0985
28.3915	23.0109	22.095	26.5026
27.075	23.0681	22.7819	27.075
26.55982656	24.78532479	21.35092135	27.3039273
26.3881	24.4419	22.2095	26.9605
