>tfdimers__MD00548
26.68622669	21.40762141	20.82112082	31.08503109
34.0176	20.2346	16.4223	29.3255
34.0176	19.0616	18.4751	28.4457
29.91197009	17.88858211	17.3020827	34.8973651
28.44572845	22.58062258	23.46042346	25.51322551
31.3783	24.9267	15.2493	28.4457
0	2.0528	0	97.9472
1.4663	0	19.6481	78.8856
19.9413	7.9179	37.2434	34.8974
0.5865	99.4135	0	0
0	100	0	0
100	0	0	0
59.5308	24.0469	16.4223	0
75.3666	5.5718	11.1437	7.9179
0	0	0	100
0	0	100	0
26.39297361	23.16717683	12.60998739	37.82986217
29.0323	18.7683	20.8211	31.3783
24.0469	20.2346	23.1672	32.5513
30.79183079	22.58062258	15.54251554	31.08503109
26.6862	21.9941	14.6628	36.6569
29.0323	16.7155	20.8211	33.4311
