>tfdimers__MD00222
28.51407149	17.26908273	30.92366908	23.29317671
29.71887028	18.07228193	29.31727068	22.89157711
26.1044	23.2932	26.506	24.0964
35.34136466	17.26908273	24.4979755	22.89157711
33.33333333	11.24501125	27.30922731	28.11242811
32.5301	16.8675	36.1446	14.4578
30.1205	17.6707	44.9799	7.2289
34.13653414	21.68672169	24.0964241	20.08032008
3.2129	89.5582	5.6225	1.6064
97.5904	0.4016	0	2.008
4.819295181	16.86748313	55.42164458	22.89157711
11.245	23.6948	58.2329	6.8273
8.4337	0.4016	6.0241	85.1406
0	0	98.7952	1.2048
16.8675	14.4578	51.8072	16.8675
28.9157	19.6787	23.6948	27.7108
27.3092	18.0723	24.498	30.1205
30.9237	17.2691	30.1205	21.6867
25.7028257	20.88352088	28.11242811	25.3012253
38.1526	17.6707	20.4819	23.6948
26.50602651	23.69482369	28.11242811	21.68672169
61.04426104	2.008002008	8.835308835	28.11242811
0	0	100	0
99.1968	0	0.8032	0
0	0	0	100
69.8795	2.8112	10.4418	16.8675
58.23295823	5.622505623	28.11242811	8.032108032
22.89157711	16.06428394	48.19275181	12.85138715
29.7189	13.253	35.743	21.2851
27.3092	20.4819	28.9157	23.2932
33.33333333	18.87551888	20.48192048	27.30922731
26.1044	17.2691	28.1124	28.5141
30.9237	18.4739	27.3092	23.2932
