>tfdimers__MD00537
24.05632406	21.29062129	33.38733339	21.26572127
24.5671	21.2906	33.7237	20.4186
24.8536	19.4593	36.0409	19.6462
24.44247556	21.16607883	36.12806387	18.26338174
24.4176	19.8704	35.418	20.294
23.60782361	13.46701347	43.16684317	19.75831976
22.6361	30.9206	32.1789	14.2644
35.99103599	17.8024178	35.9038359	10.3027103
26.22397378	3.438396562	57.40624259	12.93138707
11.8475	0.2118	86.9939	0.9468
14.4761	10.066	68.2447	7.2132
62.19003781	4.547195453	24.04387596	9.218890781
1.5323	11.0004	81.8612	5.6061
22.0132	2.1054	6.4781	69.4033
12.7819	6.1916	65.4541	15.5724
24.0439	7.4249	55.4254	13.1058
16.9304	4.6717	73.2652	5.1327
28.1425	1.0963	69.8393	0.9219
8.9946	20.5432	66.6501	3.8121
20.3438	49.483	29.0395	1.1337
78.23592176	0.6602993397	1.42019858	19.68358032
0.5855	0.4983	98.53	0.3862
22.76067724	18.22598177	42.68095732	16.33238367
20.65527934	19.92028008	44.96075504	14.46368554
27.04622705	19.60881961	34.57083457	18.77411877
24.0563	22.5115	33.6365	19.7957
24.293	22.1627	33.2254	20.3189
24.87852488	20.94182094	34.5957346	19.58391958
23.24652325	22.01322201	34.63313463	20.10712011
