>tfdimers__MD00143
27.53622754	18.11591812	31.15943116	23.18842319
24.63767536	26.08697391	28.98547101	20.28987971
26.8116	32.6087	21.7391	18.8406
29.71012971	29.71012971	18.84061884	21.73912174
18.8406	27.5362	26.8116	26.8116
19.56521957	33.33333333	25.36232536	21.73912174
21.01452101	35.50723551	4.347804348	39.13043913
14.4928	23.913	21.0145	40.5797
13.04348696	13.04348696	13.04348696	60.86953913
11.5942	0	88.4058	0
1.4493	0	97.8261	0.7246
7.246407246	0.7246007246	91.3043913	0.7246007246
97.1014	0	2.8986	0
65.21733478	1.449298551	1.449298551	31.88406812
0	0	0	100
0	100	0	0
0.7246007246	97.1014971	0	2.173902174
0	100	0	0
0	100	0	0
28.9855	28.2609	11.5942	31.1594
24.63767536	18.84058116	31.88406812	24.63767536
26.8116	28.9855	22.4638	21.7391
25.3623	28.9855	25.3623	20.2899
26.81157319	34.05796594	16.66668333	22.46377754
21.73912174	29.71012971	21.73912174	26.81162681
