>tfdimers__MD00202
32.25806774	17.99008201	17.8039822	31.94786805
33.1886	17.4938	17.4938	31.8238
31.57566842	17.8039822	19.6029804	31.01736898
34.8635	16.6253	16.4392	32.072
34.73946526	13.52358648	18.17618182	33.56076644
33.3127	15.8189	30.0868	20.7816
26.7990268	15.38461538	13.27541328	44.54094454
79.46657947	0.6203006203	0.4342004342	19.47891948
19.4789	7.6923	15.3226	57.5062
100	0	0	0
100	0	0	0
80.76928077	5.086805087	3.66000366	10.48391048
10.48391048	3.66000366	5.086805087	80.76928077
0	0	0	100
0	0	0	100
57.5062	15.3226	7.6923	19.4789
19.47891948	0.4342004342	0.6203006203	79.46657947
44.54094454	13.27541328	15.38461538	26.7990268
20.7816	30.0868	15.8189	33.3127
33.56076644	18.17618182	13.52358648	34.73946526
32.072	16.4392	16.6253	34.8635
31.01736898	19.6029804	17.8039822	31.57566842
31.8238	17.4938	17.4938	33.1886
31.94786805	17.8039822	17.99008201	32.25806774
