>tfdimers__MD00080
24.7818	24.0543	29.3647	21.7992
24.6363	22.5024	32.6625	20.1988
24.0058	23.8118	31.3531	20.8293
24.8303	23.3996	28.5887	23.1814
19.68961969	39.33073933	25.65472565	15.32491532
24.4665	9.5296	7.8807	58.1232
2.6188	69.6411	26.2852	1.4549
80.1891	1.2124	6.9593	11.6392
0	0.388	99.612	0
1.1882	96.387	1.7701	0.6547
68.5742	8.8506	13.6518	8.9234
0.4606995393	0.387999612	85.66921433	13.48208652
0.6547	0.7274	97.7207	0.8972
35.1843	0.4122	63.2881	1.1154
1.2609	2.0854	95.2958	1.3579
25.582	25.0242	31.6925	17.7013
23.4481	28.516	24.1998	23.8361
24.612	24.7818	29.4859	21.1203
22.5752	24.321	32.4927	20.6111
24.3453	21.7507	33.1232	20.7808
