>tfdimers__MD00244
28.0311	23.1884	22.234	26.5465
27.5716	22.234	24.2135	25.9809
26.193	22.128	25.1679	26.5111
27.713	21.9512	25.1679	25.1679
28.49062849	24.53162453	22.41072241	24.56702457
27.5362	24.9558	24.4963	23.0117
32.37893238	20.11312011	25.41532542	22.09262209
49.4168	0.813	23.7893	25.9809
10.6045	15.8006	63.2732	10.3217
42.52385748	22.12797787	25.83947416	9.508690491
65.6416	3.5348	13.0435	17.7801
2.1562	93.9555	2.6511	1.2372
98.7982	0.2474	0.2828	0.6716
0.3535	0.6009	98.6921	0.3535
88.8653	2.1916	3.7116	5.2315
54.2241	3.3581	13.0788	29.339
18.0276	10.8165	37.5751	33.5808
18.0276	7.4938	60.7282	13.7504
18.3104	11.3468	18.5931	51.7497
16.47228353	14.49278551	23.15307685	45.88185412
0.4595	98.0912	0.2828	1.1665
23.2238	36.1258	5.3376	35.3128
21.8805	29.9046	22.5521	25.6628
32.6971	22.0926	19.9717	25.2386
26.22832623	21.06752107	26.05162605	26.65252665
25.8041742	21.98657801	24.92047508	27.28877271
28.27852828	21.84522185	24.6023246	25.27392527
27.7837	21.9159	23.047	27.2534
27.7837	22.1633	24.1428	25.9102
