>tfdimers__MD00446
27.0886	21.7722	24.0506	27.0886
31.519	23.5443	17.3418	27.5949
27.84807215	21.01267899	21.01267899	30.12656987
23.2911	24.3038	21.6456	30.7595
22.6582	25.1899	20.7595	31.3924
16.3291	75.0633	0	8.6076
62.5316	18.1013	0	19.3671
0	0	0	100
0	0	0	100
84.3038	0	0	15.6962
57.59495759	0.5063005063	35.56963557	6.329106329
0	16.4557	83.5443	0
0	100	0	0
0	100	0	0
0	33.7975	1.2658	64.9367
14.9367	23.5443	31.3924	30.1266
23.7975	22.0253	22.9114	31.2658
25.443	22.2785	23.9241	28.3544
26.5823	24.3038	21.1392	27.9747
27.46837253	20.12657987	21.01267899	31.39236861
27.4684	21.3924	21.1392	30
