>tfdimers__MD00423
27.20807279	23.35027665	20.71067929	28.73097127
25.7868	23.0457	20.203	30.9645
24.67007533	23.35027665	21.52277848	30.45686954
24.0609	24.7716	20.9137	30.2538
23.7563	26.802	15.8376	33.6041
9.543109543	0.1015001015	0.203000203	90.15239015
0	0	0	100
65.6853	0	0	34.3147
81.4213	0	0	18.5787
0	0	0	100
0	45.6853	0	54.3147
14.4162	51.3706	2.9442	31.269
9.746209746	47.71574772	0.203000203	42.33504234
8.8325	86.3959	4.264	0.5076
78.1726	1.6244	0.203	20
9.5431	64.8731	23.9594	1.6244
23.9594	51.066	0.5076	24.467
12.7919	54.7208	15.1269	17.3604
2.741102741	40.60914061	21.31982132	35.32993533
24.9746	27.9188	15.8376	31.269
24.7716	24.5685	20.1015	30.5584
24.56852457	24.16242416	20.1015201	31.16753117
26.802	25.6853	20.1015	27.4112
29.7462	23.0457	18.7817	28.4264
