>tfdimers__MD00396
27.35632736	24.67432467	19.77011977	28.1992282
28.4291	22.2222	17.1648	32.1839
24.67432467	23.6015236	16.47511648	35.24903525
24.751	25.977	16.705	32.567
21.0728	25.9004	15.3257	37.7011
24.6743	26.8199	20.6897	27.8161
36.5517	23.7548	17.0881	22.6054
7.3563	41.6858	8.5824	42.3755
0	0	0	100
1.9923	0	0	98.0077
0	100	0	0
16.0153	48.1226	0	35.8621
15.78541579	33.18013318	6.053606054	44.98084498
17.8544	27.2797	18.9272	35.9387
33.94636605	22.91187709	13.48658651	29.65517034
0.7662992337	0.7662992337	0.4597995402	98.00760199
0.3831003831	0.0766000766	7.892707893	91.64759165
12.10728789	8.658991341	31.8007682	47.43295257
1.3027	85.4406	12.7969	0.4598
34.7893	25.7471	6.6667	32.7969
23.9847	35.4023	6.2835	34.3295
45.7471	33.2567	8.1226	12.8736
61.45596146	7.662807663	9.808409808	21.07282107
27.5096	21.3793	21.0728	30.0383
27.7395	23.8314	18.6207	29.8084
27.96932797	19.54021954	20.00002	32.49043249
29.1188	21.9923	20.2299	28.659
28.27587172	21.53257847	18.92718107	31.26436874
