>tfdimers__MD00168
25.6966	26.935	20.743	26.6254
25.2322	26.7802	19.195	28.7926
24.4582	26.3158	19.195	30.031
24.61302461	24.3034243	19.1950192	31.88853189
20.1238	29.7214	19.969	30.1858
15.01548498	40.86685913	18.11148189	26.00617399
6.9659	28.7926	3.5604	60.6811
18.73068127	10.68108932	1.857598142	68.73063127
100	0	0	0
0	0.9288	0	99.0712
0	100	0	0
30.3406	9.5975	1.548	58.5139
16.87308313	28.79257121	28.32817167	26.00617399
22.44577755	30.95976904	16.0990839	30.4953695
27.24462724	32.35293235	19.04021904	21.36222136
39.6285	20.5882	15.3251	24.4582
14.3963	35.4489	15.0155	35.1393
20.2786	38.2353	14.3963	27.0898
19.5046	47.678	5.418	27.3994
15.6347	58.2043	1.0836	25.0774
3.715196285	93.03400697	2.941197059	0.3095996904
85.4489	0.4644	0	14.0867
7.1207	67.3375	25.0774	0.4644
28.7926	51.2384	0.6192	19.3498
8.6687	60.0619	15.0155	16.2539
2.7864	46.5944	18.1115	32.5077
24.76777523	29.72137028	16.25388375	29.25697074
24.9226	26.0062	18.8854	30.1858
26.0062	29.1022	19.8142	25.0774
24.1486	31.2693	17.1827	27.3994
23.2198	30.031	19.0402	27.709
