>tfdimers__MD00184
29.2086	18.4173	21.5827	30.7914
28.2014	20.2878	20	31.5108
27.7698	24.0288	21.5827	26.6187
26.18707381	24.17267583	21.15107885	28.48917151
26.47482647	21.43882144	21.43882144	30.64753065
18.84891885	1.582701583	32.94963295	46.61874662
26.1871	32.2302	15.1079	26.4748
25.036	0.1439	0	74.8201
83.5971836	1.438801439	0.7194007194	14.24461424
99.42440058	0	0.2877997122	0.2877997122
0.2877997122	0.1438998561	28.77697122	70.79132921
0.1439	99.7122	0	0.1439
18.705	53.3813	0	27.9137
20.4317	27.1942	16.4029	35.9712
5.1799	64.8921	12.2302	17.6978
4.4604	11.3669	0.2878	83.8849
1.4388	6.6187	4.8921	87.0504
10.79138921	0.1438998561	3.309396691	85.75531424
12.51801252	20.71942072	51.94245194	14.82011482
76.6906	2.3022	3.5971	17.4101
23.45322345	1.007201007	7.194207194	68.34536835
12.6619	36.8345	40.1439	10.3597
24.89207511	25.17987482	17.55398245	32.37406763
24.7482	23.4532	21.0072	30.7914
26.33092633	23.45322345	19.71221971	30.5036305
26.1871	21.4388	18.9928	33.3813
26.7626	20.8633	18.5612	33.8129
