>tfdimers__MD00520
26.3804	21.6769	30.8793	21.0634
26.9939	20.2454	33.1288	19.6319
22.0859	20.6544	32.3108	24.9489
22.9039	23.5174	32.9243	20.6544
28.62987137	21.67687832	29.85687014	19.83638016
32.31083231	10.42941043	41.1043411	16.15541616
17.9959	21.6769	48.0573	12.2699
20.8589	3.8855	21.0634	54.1922
1.4315	0	97.955	0.6135
14.5194	0.2045	77.7096	7.5665
1.0225	0	86.5031	12.4744
1.227	0.6135	97.955	0.2045
73.61967362	14.92841493	10.22491022	1.227001227
0	100	0	0
100	0	0	0
17.1779	19.2229	63.5992	0
39.87726012	27.4028726	23.72187628	8.997991002
0	0	0	100
0	0	100	0
19.8364	17.1779	43.9673	19.0184
24.33537566	27.81187219	25.15337485	22.6993773
26.38037362	24.94887505	28.01637198	20.65437935
23.9264	22.0859	31.6973	22.2904
23.10837689	26.17587382	29.24337076	21.47237853
