>tfdimers__MD00512
23.12927687	24.03627596	27.89117211	24.94327506
21.31517868	23.58277642	29.47847052	25.62357438
24.7166	19.9546	30.839	24.4898
25.3968	26.3039	26.9841	21.3152
25.8503	27.2109	25.1701	21.7687
21.54197846	29.93197007	22.9024771	25.62357438
41.4966	5.2154	46.2585	7.0295
20.40817959	9.297090703	50.79364921	19.5010805
33.7868	7.9365	58.0499	0.2268
19.7279	14.966	54.6485	10.6576
30.6122	14.059	49.8866	5.4422
2.494302494	60.997761	2.494302494	34.01363401
19.9546	1.1338	50.1134	28.7982
14.966	35.1474	21.3152	28.5714
15.1927	19.2744	54.6485	10.8844
0.4535	88.4354	5.6689	5.4422
57.3696	0.2268	0	42.4036
18.59408141	0.2267997732	54.42174558	26.75737324
100	0	0	0
0	0	0	100
0	0	100	0
0	0	100	0
26.07712608	32.1995322	24.26302426	17.46031746
26.75737324	24.94327506	24.71657528	23.58277642
25.85032585	18.36731837	26.98412698	28.7982288
24.4898	23.1293	29.0249	23.356
29.25172925	19.95461995	27.43762744	23.35602336
