>tfdimers__MD00297
25.8021258	16.57751658	19.51871952	38.1016381
26.0695	14.5722	21.3904	37.9679
21.9251	15.7754	17.3797	44.9198
22.1925	17.3797	18.8503	41.5775
20.98927901	20.18717981	14.97328503	43.85025615
25	18.4492	17.5134	39.0374
0	3.7433	18.7166	77.5401
0	0	100	0
0	0	0	100
0	0	0	100
0	0	0	100
0	26.6043	73.3957	0
11.8984	15.2406	2.6738	70.1872
4.2781	4.9465	4.1444	86.631
0.6684006684	0.1337001337	4.812804813	94.38509439
9.6257	11.7647	51.2032	27.4064
8.556108556	60.82896083	6.016006016	24.5989246
49.1979	11.2299	0	39.5722
8.8235	0.8021	7.2193	83.1551
14.8396	13.6364	27.2727	44.2513
24.33157567	16.44388356	19.91978008	39.3047607
27.6738	16.4439	19.6524	36.2299
26.6043266	17.91441791	19.11761912	36.36363636
25.9358	18.3155	17.3797	38.369
28.74332874	20.45452045	17.91441791	32.88773289
