>tfdimers__MD00262
26.4423	27.3077	23.3654	22.8846
25	25.2885	24.7115	25
24.1346	25.6731	24.4231	25.7692
24.9038	22.5962	23.9423	28.5577
23.74997625	22.78847721	31.92306808	21.53847846
14.2308	44.1346	23.9423	17.6923
0.1923	99.7115	0	0.0962
79.51927952	9.711509712	1.153801154	9.615409615
6.5385	42.0192	35.3846	16.0577
21.53847846	52.11534788	22.5961774	3.74999625
0.4808	0	1.1538	98.3654
0.4808	0.7692	98.6538	0.0962
22.2115	27.7885	27.7885	22.2115
0.0962	98.6538	0.7692	0.4808
98.3654	1.1538	0	0.4808
3.74999625	22.5961774	52.11534788	21.53847846
16.0577	35.3846	42.0192	6.5385
9.615409615	1.153801154	9.711509712	79.51927952
0.0962	0	99.7115	0.1923
17.6923	23.9423	44.1346	14.2308
21.53847846	31.92306808	22.78847721	23.74997625
28.5577	23.9423	22.5962	24.9038
25.7692	24.4231	25.6731	24.1346
25	24.7115	25.2885	25
22.8846	23.3654	27.3077	26.4423
