>tfdimers__MD00063
30.80723081	21.66392166	19.6046196	27.92422792
27.43	23.8056	19.3575	29.4069
29.4069	22.6524	17.8748	30.0659
26.4415	23.1466	22.1582	28.2537
27.34762735	21.004921	20.84022084	30.80723081
24.3822	26.112	31.2191	18.2867
35.25536474	26.02967397	18.2042818	20.51067949
12.76771277	34.67873468	5.930805931	46.62274662
0	0	0	100
1.4827	0	0	98.5173
0	100	0	0
13.5091	49.9176	0	36.5733
40.5272	9.4728	9.4728	40.5272
36.5733	0	49.9176	13.5091
0	0	100	0
98.5173	0	0	1.4827
100	0	0	0
46.62274662	5.930805931	34.67873468	12.76771277
20.51067949	18.2042818	26.02967397	35.25536474
18.2867	31.2191	26.112	24.3822
30.80723081	20.84022084	21.004921	27.34762735
28.2537	22.1582	23.1466	26.4415
30.0659	17.8748	22.6524	29.4069
29.4069	19.3575	23.8056	27.43
27.92422792	19.6046196	21.66392166	30.80723081
