>tfdimers__MD00310
29.7059	18.8235	23.8235	27.6471
26.4706	20.5882	24.4118	28.5294
24.999975	21.17647882	26.17647382	27.64707235
25	21.7647	25.8824	27.3529
27.3529	24.4118	21.1765	27.0588
2.6471	16.4706	19.1176	61.7647
1.4706	35.8824	2.0588	60.5882
14.41178559	4.705895294	1.470598529	79.41172059
33.5294	0.2941	65	1.1765
30.2941	0	68.2353	1.4706
1.470598529	9.705890294	87.64701235	1.176498824
84.41171559	0.8823991176	12.64708735	2.058797941
30.2941	0.2941	63.5294	5.8824
0	0	100	0
76.4706	23.5294	0	0
0	0	0	100
0	0	0	100
62.3529	0	0	37.6471
35.5882	14.4118	27.3529	22.6471
32.3529	19.4118	20.2941	27.9412
45.8824	0	0	54.1176
25.5882	16.1765	28.5294	29.7059
27.9412	17.0588	25	30
30	17.9412	26.4706	25.5882
25.5882	18.5294	25	30.8824
27.64707235	20.88237912	23.82347618	27.64707235
