>tfdimers__MD00048
32.2581	20.5955	27.0471	20.0993
30.7692	20.5955	22.0844	26.5509
28.53602854	19.35481935	23.82132382	28.28782829
27.79157221	21.33997866	23.57317643	27.2952727
29.5285	20.8437	23.0769	26.5509
26.0546	25.062	29.0323	19.8511
36.22826377	16.37718362	21.58807841	25.80647419
18.6104	28.0397	22.0844	31.2655
37.469	17.866	0	44.665
32.2581	0	67.7419	0
0	0	100	0
0	0	100	0
100	0	0	0
16.6253	1.737	0	81.6377
0	0	0	100
0	0	0	100
95.5335	0	4.4665	0
9.6774	22.8288	20.8437	46.6501
27.0471	6.9479	41.4392	24.5658
29.52852953	13.64761365	42.92804293	13.8958139
45.40944541	27.04712705	27.54342754	0
28.28777171	25.80647419	21.33997866	24.56577543
25.06202506	20.5955206	23.07692308	31.26553127
27.04712705	19.35481935	25.06202506	28.53602854
33.0025	18.1141	22.3325	26.5509
29.2804	21.0918	24.3176	25.3102
