>tfdimers__MD00366
21.5398	21.7795	36.7286	19.9521
20.5512	22.7082	40.3535	16.3871
20.8808	20.9407	39.0653	19.1132
21.5998	21.9593	39.3948	17.0461
22.07912208	13.75071375	41.04254104	23.12762313
0.1797	21.2702	78.4602	0.0899
19.982	3.3853	28.2804	48.3523
0	0.1498	90.683	9.1672
7.9089	23.4272	49.1312	19.5327
0.2696	10.5752	85.1708	3.9844
0.0599000599	40.68304068	59.1971592	0.0599000599
81.54588155	18.15461815	0.1198001198	0.1797001797
7.549407549	3.115603116	87.86708787	1.467901468
0.3894996105	0.2396997603	81.24621875	18.12458188
0.5093	2.846	91.462	5.1827
33.1036669	0.3894996105	66.2971337	0.2096997903
0.749	6.8604	88.4062	3.9844
23.9365	24.4158	35.8898	15.7579
24.5656	20.6111	36.9383	17.885
21.39007861	20.67107933	40.02395998	17.91488209
20.9706	22.4386	37.5974	18.9934
21.47992148	22.97782298	38.4961385	17.04611705
