>tfdimers__MD00327
23.67347633	23.67347633	23.26527673	29.38777061
32.2449	19.1837	22.449	26.1224
25.3061	24.898	26.1224	23.6735
22.0408	25.7143	20.4082	31.8367
17.55101755	26.53062653	20.81632082	35.1020351
6.530593469	44.8979551	14.69388531	33.87756612
3.2653	65.3061	1.6327	29.7959
11.4286	2.0408	0.8163	85.7143
0.8163	7.7551	1.6327	89.7959
0.4082	0	2.0408	97.551
5.306105306	37.55103755	53.06125306	4.081604082
30.61223061	7.346907347	3.673503674	58.36735837
18.36731837	16.73471673	14.28571429	50.61225061
42.44895755	14.28568571	9.387790612	33.87756612
11.4286	2.8571	4.0816	81.6327
6.938793061	8.163291837	81.63261837	3.265296735
24.8979751	35.91836408	13.87758612	25.30607469
73.87752612	4.897995102	3.673496327	17.55098245
75.5102	8.5714	8.1633	7.7551
81.2245	5.7143	3.2653	9.7959
26.1224	11.4286	7.7551	54.6939
25.7143	11.0204	9.7959	53.4694
55.5102	7.3469	21.6327	15.5102
37.551	23.2653	24.898	14.2857
22.0408	39.1837	22.449	16.3265
33.87756612	37.14286286	8.97959102	19.99998
28.1633	36.3265	13.4694	22.0408
33.06123306	28.57142857	18.77551878	19.59181959
31.8367	33.8776	19.1837	15.102
27.7551	33.4694	8.9796	29.7959
26.53062653	27.34692735	15.51021551	30.61223061
24.0816	22.0408	20	33.8776
19.99998	42.44895755	15.91838408	21.63267837
21.22447878	44.8979551	10.2040898	23.67347633
31.42856857	40.40815959	12.24488776	15.91838408
27.3469	26.5306	12.2449	33.8776
22.449	42.0408	14.2857	21.2245
25.71427429	53.87754612	3.265296735	17.14288286
16.3265	37.1429	9.7959	36.7347
5.7143	66.5306	13.0612	14.6939
60	22.8571	0	17.1429
4.897995102	52.65304735	14.69388531	27.75507224
22.449	45.3061	4.898	27.3469
8.9796	54.6939	17.551	18.7755
1.6327	58.3673	14.2857	25.7143
23.6735	32.2449	13.0612	31.0204
22.0408	27.7551	17.9592	32.2449
23.26532327	29.7959298	20.81632082	26.12242612
25.3061	22.8571	21.6327	30.2041
27.7551	26.1224	22.449	23.6735
