>tfdimers__MD00025
26.8182	25.4545	22.0455	25.6818
27.4999725	22.72727727	24.54547545	25.22727477
28.40907159	21.13637886	26.13637386	24.31817568
27.7273	22.7273	22.9545	26.5909
28.63637136	29.31817068	19.99998	22.04547795
29.3182	32.9545	18.4091	19.3182
70.6818	4.7727	21.8182	2.7273
5.9091	0.4545	79.3182	14.3182
0.9091	1.5909	96.5909	0.9091
3.863603864	2.5000025	14.77271477	78.86367886
0.6818	90.2273	7.5	1.5909
95.4545	1.5909	1.1364	1.8182
9.318209318	47.27274727	27.95452795	15.45451545
18.6364	31.3636	31.3636	18.6364
15.45451545	27.95452795	47.27274727	9.318209318
1.8182	1.1364	1.5909	95.4545
1.5909	7.5	90.2273	0.6818
78.86367886	14.77271477	2.5000025	3.863603864
0.9091	96.5909	1.5909	0.9091
14.3182	79.3182	0.4545	5.9091
2.7273	21.8182	4.7727	70.6818
19.3182	18.4091	32.9545	29.3182
22.04547795	19.99998	29.31817068	28.63637136
26.5909	22.9545	22.7273	27.7273
24.31817568	26.13637386	21.13637886	28.40907159
25.22727477	24.54547545	22.72727727	27.4999725
25.6818	22.0455	25.4545	26.8182
