>tfdimers__MD00409
24.91802492	25.24592525	22.95082295	26.88522689
27.86887213	22.2950777	19.99998	29.83607016
23.2787	18.0328	23.2787	35.4098
20.6557	22.9508	27.541	28.8525
27.8689	17.7049	28.1967	26.2295
0	100	0	0
0	100	0	0
100	0	0	0
0	0	0	100
24.918	67.541	0	7.541
38.6885	0	2.9508	58.3607
0	0	100	0
0	0	100	0
100	0	0	0
60.3279	0	0	39.6721
35.40983541	13.44261344	34.75413475	16.39341639
36.39343639	23.93442393	6.22950623	33.44263344
25.24592525	20.65572066	21.96722197	32.13113213
27.2131	22.9508	25.2459	24.5902
32.459	18.6885	23.2787	25.5738
30.81966918	21.31147869	24.26227574	23.60657639
32.459	21.3115	20.3279	25.9016
25.2459	24.2623	20.6557	29.8361
21.9672	25.2459	24.5902	28.1967
