>tfdimers__MD00137
25.57782558	21.57162157	25.26962527	27.58092758
25.57782558	22.4961225	28.96762897	22.95842296
26.6564	24.6533	26.0401	22.6502
24.03697596	26.96457304	25.88597411	23.11247689
28.8136	30.0462	20.339	20.8012
30.9707	6.1633	24.9615	37.9045
0	0	100	0
0	0	100	0
0	0	100	0
38.829	1.5408	42.0647	17.5655
41.7565	27.5809	29.4299	1.2327
34.82276518	17.87368213	14.94608505	32.35746764
17.4114	23.8829	21.2635	37.4422
8.782708783	42.83514284	0	48.38214838
0	100	0	0
0	66.2558	0	33.7442
41.9106	48.074	10.0154	0
48.228	51.772	0	0
100	0	0	0
0	42.9892	28.8136	28.1972
35.5932	24.4992	0	39.9076
22.4961225	29.42992943	24.65332465	23.42062342
24.34512435	27.11862712	22.03392203	26.5023265
23.8829	30.2003	21.8798	24.037
23.8829	26.3482	24.1911	25.5778
23.57472357	28.1972282	21.87982188	26.34822635
