>tfdimers__MD00580
33.7838	16.2162	18.018	31.982
35.5856	13.5135	22.973	27.9279
28.3784	19.8198	15.3153	36.4865
38.2883	11.7117	22.973	27.027
33.7838	13.964	16.2162	36.036
49.0991	4.5045	33.7838	12.6126
81.08101892	5.855894144	4.954995045	8.108091892
0	0	0	100
0	0.4505	0	99.5495
100	0	0	0
25.67567432	13.96398604	36.48646351	23.87387613
23.87387613	4.954995045	63.96393604	7.207192793
22.52252252	26.12612613	3.603603604	47.74774775
80.18011982	17.11708288	1.351398649	1.351398649
87.83771216	4.054095946	4.054095946	4.054095946
7.6577	5.4054	3.6036	83.3333
56.75674324	3.153196847	0.9008990991	39.18916081
82.4324	0.9009	1.3514	15.3153
70.7207	7.2072	0.4505	21.6216
59.00894099	6.756793243	7.657692342	26.57657342
33.3333	11.2613	8.5586	46.8468
22.0721	13.0631	23.4234	41.4414
35.1351	27.9279	11.2613	25.6757
55.4054	5.4054	9.9099	29.2793
37.3874	19.8198	16.6667	26.1261
39.6396	12.1622	19.8198	28.3784
33.7838	17.5676	14.4144	34.2342
37.38736261	16.66668333	14.86488514	31.08106892
34.23423423	21.62162162	16.21621622	27.92792793
