>tfdimers__MD00336
31.35593136	19.49151949	20.05652006	29.0960291
24.8588	23.4463	18.3616	33.3333
26.83617316	15.81918418	22.88137712	34.46326554
24.01132401	23.16382316	19.77401977	33.05083305
26.2712	22.3164	19.4915	31.9209
61.8644	0	38.1356	0
15.53671554	23.16382316	45.1977452	16.1017161
0	6.7797	3.6723	89.548
0	0	0	100
0	0	0	100
0	100	0	0
58.75704124	10.73448927	2.824897175	27.68357232
10.452	29.096	18.6441	41.8079
0.565	1.4124	1.1299	96.8927
0.564999435	0	0.8474991525	98.58750141
2.8249	81.3559	2.2599	13.5593
7.0621	72.0339	0.8475	20.0565
15.2542	36.1582	4.5198	44.0678
29.3785	24.2938	26.5537	19.774
28.5311	4.2373	29.096	38.1356
75.70627571	9.887009887	5.367205367	9.03950904
90.96040904	0.564999435	6.77969322	1.694898305
31.63843164	19.49151949	21.18642119	27.68362768
30.226	22.8814	19.774	27.1186
33.6158	17.2316	24.8588	24.2938
35.3107	21.4689	18.9266	24.2938
27.4011274	21.18642119	18.36161836	33.05083305
