>tfdimers__MD00069
29.96252996	21.16102116	22.65922266	26.21722622
33.14606685	17.22848277	24.71907528	24.90637509
28.27717172	17.97748202	24.90637509	28.83897116
29.588	16.2921	26.9663	27.1536
31.2734	14.4195	26.2172	28.0899
31.4607	26.779	25.2809	16.4794
31.6479	15.5431	21.9101	30.8989
22.2846	25.8427	22.6592	29.2135
33.5206	19.6629	0.7491	46.0674
43.0712	0	56.9288	0
0	0	100	0
0	0	100	0
100	0	0	0
4.8689	16.4794	0.7491	77.9026
8.427	0	0	91.573
100	0	0	0
100	0	0	0
23.5955	0	22.2846	54.1199
7.6779	0.1873	74.7191	17.4157
30.3371	21.9101	25.4682	22.2846
30.33713034	22.28462228	23.97002397	23.40822341
30.8989	18.3521	22.8464	27.9026
27.1536	19.8502	22.2846	30.7116
30.8989	17.2285	21.3483	30.5243
