>tfdimers__MD00443
19.2794	37.6721	22.4863	20.5622
17.18538281	39.46426054	22.46747753	20.88287912
18.223	40.1434	21.7506	19.883
17.9777	39.5963	22.0713	20.3547
19.2982193	34.86133486	23.33522334	22.50522251
7.3948	59.1586	31.2017	2.2449
16.58178342	56.87604312	15.24238476	11.2997887
0.8866	97.2835	0.5471	1.2828
14.2803	46.5007	7.8664	31.3526
1.320501321	96.32149632	0.9809009809	1.377101377
20.9206	75.5895	1.0753	2.4146
13.35598664	41.23745876	20.71307929	24.69347531
14.1105	52.5373	22.1656	11.1866
4.867004867	69.11906912	20.26032026	5.753605754
16.1668	42.1996	25.033	16.6006
0.415	77.4571	0.83	21.2979
0.1321	99.5661	0.1886	0.1132
93.98220602	2.923997076	1.339398661	1.754398246
0.5659005659	52.12225212	33.5031335	13.80871381
14.75191475	56.72515673	10.79041079	17.73251773
13.95961396	46.16114616	16.27991628	23.5993236
9.318990681	52.57494743	24.16527583	13.94078606
23.8634	49.5378	12.941	13.6578
17.2043	42.0675	24.8255	15.9027
20.2792	35.9366	22.5241	21.2601
19.0153	35.2575	24.4671	21.2601
19.1851	35.1254	23.788	21.9015
18.1664	35.9743	23.8257	22.0336
18.16638183	35.5970644	23.97657602	22.25997774
