>tfdimers__MD00022
30.37193037	20.45452045	20.45452045	28.71902872
29.33882934	16.73551674	19.21491921	34.71073471
31.6116	20.4545	22.5207	25.4132
30.7851	19.4215	20.8678	28.9256
31.1983312	21.48762149	14.87601488	32.43803244
3.5124	4.9587	0	91.5289
91.3223	0	0	8.6777
98.3471	0	0	1.6529
3.0992	3.5124	2.2727	91.1157
4.752095248	0	4.752095248	90.4958095
26.2397	23.7603	23.7603	26.2397
90.4958095	4.752095248	0	4.752095248
91.1157	2.2727	3.5124	3.0992
1.6529	0	0	98.3471
8.6777	0	0	91.3223
91.5289	0	4.9587	3.5124
32.43803244	14.87601488	21.48762149	31.1983312
28.9256	20.8678	19.4215	30.7851
25.4132	22.5207	20.4545	31.6116
34.71073471	19.21491921	16.73551674	29.33882934
28.71902872	20.45452045	20.45452045	30.37193037
