>tfdimers__MD00325
27.37687262	23.02407698	24.28407572	25.31497469
23.5967764	25.2004748	28.40777159	22.79497721
24.3986244	25.54412554	25.88772589	24.16952417
24.28412428	25.65862566	26.57502658	23.48222348
22.10767789	26.68957331	28.40777159	22.79497721
23.48222348	30.6987307	15.23481523	30.58423058
20.7331	13.7457	22.9095	42.6117
22.4513	12.2566	53.4937	11.7984
24.055	9.8511	52.8064	13.2875
30.0115	30.2405	24.055	15.693
22.9095	27.8351	21.5349	27.7205
26.11682612	27.26232726	23.94042394	22.68042268
28.1787	29.6678	25.4296	16.7239
24.3986	26.4605	23.9404	25.2005
32.646	4.0092	15.8076	47.5372
1.26	5.0401	88.2016	5.4983
8.7056	83.8488	4.4674	2.9782
45.58994559	51.66095166	0.8018008018	1.947301947
89.3471	6.9874	0.9164	2.7491
99.3127	0.6873	0	0
5.2692	0	1.4891	93.2417
0.2291	0	99.6564	0.1145
9.392909393	7.331007331	80.2978803	2.978202978
33.79153379	39.86253986	11.91291191	14.43301443
28.4078	18.9003	34.1352	18.5567
28.9805	12.4857	41.9244	16.6094
20.9622	28.9805	31.8442	18.2131
30.9278	20.1604	26.9187	21.9931
25.0859	20.6186	28.5223	25.7732
24.74227526	23.82587617	26.91867308	24.51317549
24.28407572	23.25317675	27.72047228	24.74227526
24.5132	24.055	26.1168	25.315
