>tfdimers__MD00527
31.7308	17.3077	13.9423	37.0192
26.44232644	21.63462163	18.26921827	33.65383365
23.0769	17.3077	18.75	40.8654
24.5192	20.1923	17.3077	37.9808
23.0769	20.1923	17.7885	38.9423
22.5961774	20.67307933	17.30768269	39.42306058
0	4.8077	38.9423	56.25
0	0	100	0
0	0	0	100
0	0	0	100
0	0	0	100
0	87.0192	12.9808	0
61.0577	4.3269	8.1731	26.4423
7.2115	24.0385	43.75	25
2.4038	0.4808	3.3654	93.75
5.288494712	3.846196154	5.288494712	85.57681442
0.9615	5.2885	1.9231	91.8269
2.4038	90.8654	1.9231	4.8077
50.4808	12.9808	5.7692	30.7692
9.1346	29.3269	26.4423	35.0962
2.4038	4.8077	4.8077	87.9808
3.8462	4.3269	1.9231	89.9038
6.25	28.3654	5.7692	59.6154
8.173091827	38.94226106	3.846196154	49.03845096
30.2885	21.6346	17.3077	30.7692
22.5961774	25.48077452	16.34618365	35.57686442
25.9615	22.5962	18.75	32.6923
24.0385	22.1154	16.8269	37.0192
21.6346	20.1923	12.5	45.6731
