>tfdimers__MD00345
22.449	33.3333	23.8095	20.4082
18.3673	29.932	28.5714	23.1293
22.449	25.8503	25.1701	26.5306
27.2109	24.4898	23.8095	24.4898
19.0476	20.4082	29.2517	31.2925
0.6803	26.5306	38.7755	34.0136
12.2449	39.4558	0.6803	47.619
0	100	0	0
0	100	0	0
0	100	0	0
35.3741	33.3333	8.1633	23.1293
29.93197007	7.482992517	37.41496259	25.17007483
0	0	100	0
0	0	100	0
27.8912	0	72.1088	0
26.5306	33.3333	39.4558	0.6803
53.7415	4.7619	1.3605	40.1361
0	100	0	0
50.3401	0.6803	0.6803	48.2993
14.2857	0.6803	85.034	0
22.449	28.5714	28.5714	20.4082
23.12927687	27.89117211	29.25167075	19.72788027
26.5306	34.6939	25.8503	12.9252
23.80952381	21.08842109	35.37413537	19.72791973
24.4898	29.2517	25.8503	20.4082
