>tfdimers__MD00012
30.58203058	18.0952181	25.5026255	25.82012582
29.5238	17.1429	24.6561	28.6772
29.73542974	17.98941799	26.77252677	25.5026255
26.98412698	19.68251968	26.77252677	26.56082656
29.41797058	21.37567862	27.3015727	21.9047781
53.0159	13.3333	21.7989	11.8519
69.62966963	3.80950381	16.82541683	9.735409735
60.1058	9.418	23.7037	6.7725
95.0265	2.328	0.5291	2.1164
23.8095	1.2698	0.9524	73.9683
2.328002328	0	97.56619757	0.1058001058
39.1534	0.8466	58.7302	1.2698
1.3757	0	98.4127	0.2116
0.9524	0.1058	98.4127	0.5291
98.0952	0.5291	0.8466	0.5291
92.0635	0.2116	2.0106	5.7143
17.9894	15.1323	64.8677	2.0106
18.9418	15.9788	14.4974	50.582
33.8624	15.2381	29.418	21.4815
38.3069	14.9206	27.4074	19.3651
32.27513228	16.93121693	26.98412698	23.80952381
33.86243386	16.4021164	23.91532392	25.82012582
31.4286	18.0952	24.2328	26.2434
