>tfdimers__MD00473
23.84257616	24.999975	30.55556944	20.6018794
25	23.6111	25	26.3889
19.44441944	31.01853102	28.47222847	21.06482106
21.0648	26.6204	27.7778	24.537
24.0741	32.6389	23.6111	19.6759
14.12038588	7.638892361	10.41668958	67.82403218
3.240703241	8.564808565	88.19448819	0
15.0463	3.4722	0	81.4815
0	0	100	0
10.1852	0	89.8148	0
5.0926	0.9259	0	93.9815
3.935196065	70.6018294	24.30557569	1.157398843
84.7222	0.463	5.3241	9.4907
2.7778	26.8519	69.4444	0.9259
2.3148	93.75	3.4722	0.463
55.32404468	20.37037963	2.777797222	21.52777847
13.88888611	21.75927824	49.30555069	15.04628495
24.53702454	20.83332083	35.18523519	19.44441944
20.6019	28.7037	33.7963	16.8981
22.6852	25.9259	25.463	25.9259
20.1389	26.8519	24.7685	28.2407
21.99072199	29.62962963	25.92592593	22.45372245
