>tfdimers__MD00528
18.93	36.6255	19.3416	25.1029
28.3951	28.8066	18.93	23.8683
18.93	32.0988	21.3992	27.572
23.8683	29.2181	18.5185	28.3951
17.6954823	32.0987679	18.10698189	32.0987679
0.4115	44.0329	0	55.5556
0	100	0	0
0	55.9671	0	44.0329
27.57202757	71.6049716	0.823000823	0
9.465	90.535	0	0
100	0	0	0
0	69.5473	9.0535	21.3992
4.5267	93.8272	0	1.6461
47.73664774	2.057602058	0.4115004115	49.79424979
0.4115	5.7613	70.7819	23.0453
0.4115	97.5309	1.6461	0.4115
1.2346	1.2346	0.823	96.7078
0	19.7531	75.7202	4.5267
9.465	27.1605	24.2798	39.0947
0.823000823	49.79424979	26.33742634	23.04532305
14.4032856	42.7983572	12.34568765	30.45266955
24.69137531	27.16047284	16.04938395	32.0987679
18.107	31.2757	24.6914	25.9259
20.9877	30.8642	22.2222	25.9259
23.8683	26.749	22.2222	27.1605
23.45682346	26.33742634	26.33742634	23.86832387
