>tfdimers__MD00301
33.3333	24.8485	21.8182	20
43.63635636	16.96968303	21.81817818	17.57578242
41.8182	16.3636	24.2424	17.5758
42.4242	14.5455	21.8182	21.2121
36.36363636	23.03032303	24.24242424	16.36361636
95.7576	2.4242	1.2121	0.6061
33.9394	12.7273	39.3939	13.9394
47.27274727	2.424202424	50.3030503	0
98.7879	0	1.2121	0
100	0	0	0
100	0	0	0
42.4242	20	0	37.5758
15.1515	0	84.8485	0
0	0	100	0
0	0	100	0
100	0	0	0
78.7879	4.8485	1.2121	15.1515
25.4545	23.0303	40	11.5152
35.1515	18.7879	20	26.0606
31.51516848	29.6969703	26.66667333	12.12118788
32.7273	24.2424	23.6364	19.3939
30.303	24.8485	23.0303	21.8182
32.7273	17.5758	22.4242	27.2727
27.2727	20.6061	30.303	21.8182
27.8788	15.1515	22.4242	34.5455
