>tfdimers__MD00002
31.64983165	20.87542088	18.18181818	29.29292929
28.6195	20.6229	20.7071	30.0505
29.12462912	18.43431843	21.12792113	31.31313131
33.9226	13.3838	27.862	24.8316
26.2626	11.6162	37.7104	24.4108
6.3973	16.6667	5.1347	71.8013
0	0	0	100
97.8956	0	2.1044	0
100	0	0	0
6.9865	3.1145	1.7677	88.1313
17.6768	32.3232	32.3232	17.6768
88.1313	1.7677	3.1145	6.9865
0	0	0	100
0	2.1044	0	97.8956
100	0	0	0
71.8013	5.1347	16.6667	6.3973
24.4108	37.7104	11.6162	26.2626
24.8316	27.862	13.3838	33.9226
31.31313131	21.12792113	18.43431843	29.12462912
30.0505	20.7071	20.6229	28.6195
29.29292929	18.18181818	20.87542088	31.64983165
