>tfdimers__MD00502
27.22647277	26.71757328	22.13737786	23.91857608
27.7354	24.9364	22.6463	24.6819
24.6819	24.9364	21.1196	29.2621
28.2443	26.2087	21.374	24.173
28.4987	22.6463	21.6285	27.2265
34.86006514	24.93637506	24.93637506	15.26718473
19.8473	33.5878	16.7939	29.771
49.3639	26.4631	10.1781	13.9949
6.8702	16.285	1.0178	75.827
9.923690076	89.05841094	0.7633992366	0.2544997455
59.2875	39.4402	0.2545	1.0178
83.9695	2.5445	7.888	5.598
26.2087	3.8168	20.8651	49.1094
4.3257	55.9796	27.2265	12.4682
94.402	0.5089	0.7634	4.3257
0.5088994911	98.98210102	0.2544997455	0.2544997455
99.7455	0.2545	0	0
98.98210102	0.2544997455	0.7633992366	0
30.2799	0	0.5089	69.2112
26.7176	1.5267	64.3766	7.3791
22.9007771	10.94148906	61.06863893	5.089094911
31.5522	20.1018	32.3155	16.0305
29.77102977	23.15522316	21.37402137	25.6997257
27.9898	23.4097	21.6285	26.972
27.7354	24.6819	21.1196	26.4631
28.24427176	25.95417405	22.39187761	23.40967659
29.771	22.3919	20.8651	26.972
27.2265	23.9186	20.3562	28.4987
