>tfdimers__MD00482
26.75	23	26.25	24
35.75	25.75	17.75	20.75
29.75	21.75	22.5	26
31.25	22.75	23.25	22.75
30.25	25.75	19.5	24.5
36.5	29.5	24.5	9.5
75.5	19.25	1.75	3.5
25.75	0.25	18.5	55.5
1.75	3.5	91.25	3.5
33.25	49	13.75	4
93.5	5	0.5	1
74.5	4.25	14.25	7
1.25	96.75	2	0
1	90.25	0	8.75
77.5	1.5	8.75	12.25
15	67.25	10	7.75
79.75	19.25	0.25	0.75
20.5	36.5	20	23
1.25	97.5	0.25	1
59	36.75	3.25	1
28.5	24	22.5	25
27	28.5	24	20.5
27.25	25.5	22.75	24.5
28.25	22	23	26.75
22.25	31.75	21.25	24.75
