>tfdimers__MD00332
22.97487703	22.34227766	36.9003631	17.78248222
22.45652246	22.93972294	37.24303724	17.36071736
22.1051	24.8726	36.0745	16.9478
22.4653	25.3031	33.6584	18.5732
24.3103	20.0141	36.013	19.6626
20.6027	11.3425	55.2715	12.7833
26.744	7.2219	57.7842	8.2499
19.96131996	0.9664009664	78.52757853	0.5447005447
19.2673	20.0931	53.9185	6.7211
17.2026	48.6031	33.263	0.9313
74.486	0.8874	2.0471	22.5795
0.5623	0.3602	98.7524	0.3251
7.3537	0.3778	90.8013	1.4672
13.08208692	15.99018401	68.27443173	2.653297347
19.443	4.841	75.3646	0.3514
20.181	43.6479	28.8262	7.3449
20.40942041	9.506209506	62.60766261	7.476707477
10.8593	52.091	22.0348	15.0149
17.0269	10.42	60.499	12.0541
27.7192	1.3442	70.0668	0.8698
22.58832259	22.13142213	41.25814126	14.02211402
23.0188	22.9397	37.612	16.4295
23.3878	22.4829	35.0993	19.03
21.72727827	24.26637573	35.42436458	18.58198142
21.26162126	24.72322472	35.71433571	18.3008183
