>tfdimers__MD00383
26.5069	21.1329	20.6245	31.7357
26.65212665	20.84242084	19.46261946	33.04283304
25.4902	19.0995	22.2222	33.1881
23.4568	22.8758	20.2614	33.406
25.345	23.4568	18.9542	32.244
27.23312723	22.94842295	24.18302418	25.63542564
3.1954	54.4662	19.6078	22.7306
3.4858	9.5861	0.1452	86.7829
1.525098475	5.882394118	5.80969419	86.78281322
2.178602179	0.1452001452	1.307201307	96.36899637
0.2178997821	51.27084873	41.9026581	6.608593391
97.7487	0.3631	0.581	1.3072
16.122	0.3631	0.9441	82.5708
2.106	9.6587	7.8431	80.3922
1.3798	4.2847	1.7429	92.5926
2.033402033	85.03998504	3.122703123	9.803909804
10.31228969	71.0965289	0.8714991285	17.71968228
5.80970581	60.85696086	19.82571983	13.50761351
24.6914	25.9985	10.3123	38.9978
23.2389	20.7698	19.8257	36.1656
27.30572731	21.42342142	16.92081692	34.35003435
24.69137531	23.67467633	18.66378134	32.97016703
26.36167364	22.8031772	18.08278192	32.75236725
