>tfdimers__MD00199
32.72933273	18.34651835	20.72482072	28.1993282
32.61613262	17.66701767	19.93201993	29.78482978
29.7848	18.6863	18.2333	33.2956
24.68857531	20.15857984	20.61157939	34.54126546
21.6308	27.9728	17.7803	32.6161
27.2933	61.7214	0	10.9853
84.14491586	5.322794677	0	10.53228947
0	0	0	100
0	0	0	100
81.9932	0	0	18.0068
47.67835232	9.626290374	35.10756489	7.587792412
30.3511	19.932	22.7633	26.9536
26.3873	25.9343	18.2333	29.4451
7.0215	6.1155	0	86.863
90.6002	0	0	9.3998
94.9037	0	0	5.0963
5.2095	3.8505	9.06	81.88
8.0408	0	17.667	74.2922
44.84705515	3.510796489	45.41335459	6.228793771
30.35106965	23.1030769	24.46207554	22.08377792
30.8041	20.3851	19.479	29.3318
30.69083069	17.78031778	17.21401721	34.31483431
30.91733092	19.36581937	18.57301857	31.14383114
29.55832956	21.63082163	19.47901948	29.33182933
