>tfdimers__MD00158
29.0323	23.9919	25.2016	21.7742
29.2339	25.2016	19.3548	26.2097
28.62902863	23.79032379	17.74191774	29.83872984
30.4435	19.3548	22.7823	27.4194
24.7984	25.6048	21.371	28.2258
13.9113	19.3548	12.7016	54.0323
1.6129	1.0081	16.3306	81.0484
30.44353044	16.12901613	39.11293911	14.31451431
12.2983877	54.03224597	12.0967879	21.57257843
66.9355	21.9758	10.6855	0.4032
56.4516	0.6048	6.0484	36.8952
76.8145	7.0565	5.4435	10.6855
98.99199899	0.2016002016	0.6048006048	0.2016002016
0	100	0	0
0	100	0	0
100	0	0	0
0	100	0	0
68.9516	23.7903	7.0565	0.2016
28.4274	14.7177	24.5968	32.2581
31.4516	27.4194	20.1613	20.9677
27.4194	29.0323	20.9677	22.5806
29.4355	28.629	20.1613	21.7742
32.6613	26.8145	14.9194	25.6048
