>tfdimers__MD00125
33.33333333	15.81921582	15.06591507	35.78153578
30.6968	17.3258	15.6309	36.3465
30.3202	17.3258	15.8192	36.5348
26.3653	18.0791	15.4426	40.113
27.307	16.3842	16.0075	40.3013
6.7797	0	0	93.2203
0	0	0	100
43.5028	0	0	56.4972
56.4972	0	0	43.5028
0	0	0	100
0	0	0	100
0	0	93.4087	6.5913
99.2467	0	0.7533	0
3.9548	61.2053	15.6309	19.209
15.63091563	11.2994113	5.084705085	67.98496798
22.41052241	41.996242	3.201503202	32.39173239
67.9849	10.3578	6.7797	14.8776
30.13183013	18.26741827	23.72882373	27.87192787
28.8136	16.0075	18.0791	37.0998
32.95673296	15.25421525	19.96231996	31.82673183
34.8399	16.3842	16.7608	32.0151
32.3917	17.5141	15.6309	34.4633
28.8136	22.7872	13.5593	34.8399
