>tfdimers__MD00333
23.1579	26.8421	28.3553	21.6447
24.4079	28.1579	26.1184	21.3158
23.42107658	28.42107158	25.52627447	22.63157737
23.02627697	28.42107158	25.26317474	23.28947671
22.1711	29.0789	26.8421	21.9079
24.7368	27.6974	23.4211	24.1447
29.93417007	2.697397303	30.92106908	36.44736355
0	17.8289	82.1711	0
0	100	0	0
0	100	0	0
0	40.1316	2.6316	57.2368
15.5263	19.4079	41.25	23.8158
19.93421993	9.802609803	56.71055671	13.55261355
27.5658	5.7237	56.7763	9.9342
18.9474	0.3947	80.0658	0.5921
19.14471914	30.98683099	42.82894283	7.03950704
17.56578243	64.47363553	17.17108283	0.7894992105
76.9079	0.5263	0.5921	21.9737
0.7895	1.1842	96.9737	1.0526
25.26317474	21.24997875	34.47366553	19.01318099
21.1184	27.3684	35.7237	15.7895
26.3816	24.3421	28.6184	20.6579
22.5658	26.7763	28.2895	22.3684
23.0921	25.7895	28.6184	22.5
23.3553	25.3947	30.5921	20.6579
22.7632	24.7368	28.9474	23.5526
