>tfdimers__MD00398
27.64507235	16.04098396	34.47096553	21.84297816
27.9863	15.6997	36.1775	20.1365
33.10583311	17.74741775	29.01022901	20.13652014
32.7645	21.843	26.2799	19.1126
36.1775	16.041	29.0102	18.7713
25.5973	12.2867	43.0034	19.1126
43.0034	2.7304	44.0273	10.2389
25.256	0.6826	73.0375	1.0239
46.0751	10.5802	39.2491	4.0956
50.5119	26.2799	21.843	1.3652
97.6109	0.3413	0.6826	1.3652
0	1.3652	98.6348	0
97.6109	0	2.0478	0.3413
0.6826	0	99.3174	0
0.3413	0	99.6587	0
97.9522	1.0239	0.6826	0.3413
88.7372	0	0	11.2628
21.1604	7.5085	70.9898	0.3413
3.412996587	15.01708498	23.20817679	58.36174164
27.3037727	11.6040884	45.05115495	16.04098396
30.7167	18.0887	37.2014	13.9932
19.4539	24.2321	32.7645	23.5495
30.3754	7.5085	26.9625	35.1536
21.5017215	20.13652014	39.59043959	18.77131877
26.2799	29.3515	33.4471	10.9215
34.471	22.8669	21.1604	21.5017
27.3038	18.7713	30.3754	23.5495
30.3754	21.5017	26.6212	21.5017
28.3276	14.6758	33.4471	23.5495
32.7645	20.1365	27.3038	19.7952
