>tfdimers__MD00101
26.83362683	22.71912272	25.04472504	25.4025254
28.8014	20.2147	22.3614	28.6225
33.0948	20.0358	19.8569	27.0125
29.3381	16.458	24.8658	29.3381
28.2648	16.1002	26.8336	28.8014
29.3381	22.0036	27.907	20.7513
30.4114	19.3202	20.5725	29.6959
22.1825	25.4025	19.3202	33.0948
33.45256655	20.03577996	0.8944991055	45.61715438
36.8515	0.1789	62.7907	0.1789
0	0	100	0
0	0	100	0
99.8211	0	0.1789	0
0	0	0	100
100	0	0	0
100	0	0	0
45.4383	27.3703	0	27.1914
57.0662	42.9338	0	0
28.9803	25.0447	17.8891	28.0859
26.297	24.8658	22.0036	26.8336
31.8426	20.2147	21.4669	26.4758
25.4025254	18.78351878	27.01252701	28.8014288
27.37032737	19.14131914	24.68692469	28.8014288
