>tfdimers__MD00305
26.45502646	22.75132275	24.86772487	25.92592593
30.15873016	22.75132275	22.75132275	24.33862434
26.45502646	26.98412698	28.04232804	18.51851852
22.22222222	24.86772487	25.3968254	27.51322751
28.57142857	21.16402116	32.27513228	17.98941799
27.51322751	18.51851852	14.81481481	39.15343915
19.04761905	38.62433862	29.62962963	12.6984127
5.8201	0.5291	3.7037	89.9471
0	0	97.8836	2.1164
0	18.5185	1.0582	80.4233
13.22751323	20.63492063	21.16402116	44.97354497
0	95.2381	4.7619	0
33.33333333	17.46031746	1.058201058	48.14814815
18.51851852	24.86772487	23.80952381	32.8042328
31.74603175	17.46031746	19.04761905	31.74603175
29.62962963	13.75661376	29.1005291	27.51322751
22.22222222	40.74074074	23.80952381	13.22751323
71.4286	6.3492	0	22.2222
0	0	100	0
100	0	0	0
0	0	0	100
100	0	0	0
60.8466	9.5238	21.6931	7.9365
15.34391534	23.80952381	47.61904762	13.22751323
26.45502646	24.33862434	41.7989418	7.407407407
31.21693122	19.04761905	24.33862434	25.3968254
23.28042328	24.86772487	26.45502646	25.3968254
24.33862434	24.86772487	25.3968254	25.3968254
28.04232804	26.45502646	19.57671958	25.92592593
30.15873016	24.33862434	20.10582011	25.3968254
