>tfdimers__MD00020
31.31866868	20.32967967	22.16117784	26.19047381
31.3187	19.0476	19.2308	30.4029
32.4176	20.1465	21.0623	26.3736
28.93772894	20.51282051	18.68131868	31.86813187
29.4872	20.5128	20.1465	29.8535
37.3626	17.7656	20.1465	24.7253
25.0916	27.4725	28.9377	18.4982
32.6007	13.0037	21.4286	32.967
12.0879	13.7363	44.8718	29.304
22.71062271	26.37362637	22.71062271	28.20512821
9.5238	48.1685	18.6813	23.6264
75.8242	4.3956	10.989	8.7912
0.1831998168	0.1831998168	99.45040055	0.1831998168
0.3663	0.3663	0.5495	98.7179
0.5495	0.3663	10.2564	88.8278
80.7692	2.381	16.4835	0.3663
72.16112784	14.65198535	3.846196154	9.340690659
32.7839	0.3663	5.1282	61.7216
50	23.2601	15.0183	11.7216
97.2527	0.3663	0.7326	1.6484
10.989	0.3663	0.3663	88.2784
5.4945	3.663	3.1136	87.7289
61.7216	7.6923	13.37	17.2161
50.54944945	25.82417418	19.23078077	4.395595604
19.96338004	52.38094762	14.46888553	13.18678681
30.9524	26.0073	10.6227	32.4176
32.05126795	19.23078077	24.35897564	24.35897564
30.4029	18.4982	22.5275	28.5714
30.4029	18.1319	21.2454	30.2198
33.5165	17.9487	18.6813	29.8535
