>tfdimers__MD00388
28.15532816	25.24272524	18.44661845	28.15532816
30.58253058	21.35922136	13.59221359	34.46603447
30.0971	18.932	17.9612	33.0097
33.4951335	20.38832039	19.9029199	26.21362621
16.99031699	43.68934369	18.93201893	20.38832039
0	76.2136	0	23.7864
100	0	0	0
0	100	0	0
0	0	0	100
17.9612	0	0	82.0388
0	100	0	0
100	0	0	0
100	0	0	0
79.6117	0	11.165	9.2233
0	22.3301	77.6699	0
36.4078	21.3592	20.8738	21.3592
30.5825	22.3301	23.7864	23.301
32.52426748	23.78637621	17.96118204	25.72817427
26.21357379	20.87377913	23.3009767	29.61167039
28.64077136	19.9028801	21.84467816	29.61167039
