>tfdimers__MD00208
26.08697391	21.48337852	14.83378517	37.5958624
29.9233	22.5064	17.1355	30.4348
27.36572737	26.34272634	17.9028179	28.38872839
23.2737	26.3427	19.4373	30.9463
24.8082	14.578	21.7391	38.8747
6.393893606	0.2557997442	44.75695524	48.59335141
3.8363	3.8363	41.1765	51.1509
18.9258	55.243	23.0179	2.8133
95.9079	2.3018	0	1.7903
0	100	0	0
0.2558	1.2788	1.5345	96.9309
0.7673	0	0	99.2327
0	16.624	0	83.376
0	100	0	0
58.0563	0	0	41.9437
0	37.3402	31.4578	31.202
0	0	0	100
0	0	0	100
12.53198747	28.9002711	11.76468824	46.8030532
18.9258	35.2941	14.0665	31.7136
25.5754	19.6931	21.4834	33.2481
25.8312	25.3197	20.4604	28.3887
24.8082	17.6471	17.9028	39.6419
