>tfdimers__MD00381
27.1318	22.093	22.4806	28.2946
27.907	23.2558	20.7364	28.1008
28.1008	22.8682	17.4419	31.5891
31.58913159	20.54262054	19.76741977	28.1008281
28.1008	22.6744	23.4496	25.7752
41.47285853	43.02325698	0	15.5038845
51.16274884	1.356598643	5.62019438	41.86045814
8.5271	15.1163	0	76.3566
0	0	0	100
0	0	100	0
0	27.71317229	28.68217132	43.6046564
43.6046564	28.68217132	27.71317229	0
0	100	0	0
100	0	0	0
76.3566	0	15.1163	8.5271
41.86045814	5.62019438	1.356598643	51.16274884
15.5038845	0	43.02325698	41.47285853
25.7752	23.4496	22.6744	28.1008
28.1008281	19.76741977	20.54262054	31.58913159
31.5891	17.4419	22.8682	28.1008
28.1008	20.7364	23.2558	27.907
28.2946	22.4806	22.093	27.1318
