>tfdimers__MD00009
26.5449	20.0843	27.809	25.5618
27.9494	23.1742	26.8258	22.0506
25.1404	24.2978	26.9663	23.5955
27.3876	20.5056	30.0562	22.0506
27.809	22.6124	27.9494	21.6292
25.42132542	24.43822444	30.75843076	19.38201938
27.38762739	27.24722725	27.94942795	17.41571742
36.6573	13.6236	25.1404	24.5787
19.8034	44.382	32.0225	3.7921
76.4044236	7.584292416	6.460693539	9.550590449
0	0	100	0
0	0	100	0
100	0	0	0
0	0.2809	1.1236	98.5955
0	0	100	0
0	0	0	100
0	0	100	0
0	0	100	0
8.426991573	22.61237739	33.14606685	35.81456419
21.6292	20.927	18.5393	38.9045
26.82582683	16.15171615	25.14042514	31.88203188
23.45507654	22.33147767	25.28087472	28.93257107
23.736	22.3315	26.8258	27.1067
