>tfdimers__MD00395
29.8578	16.5877	23.6967	29.8578
36.019	19.9052	17.5355	26.5403
36.01896398	19.43128057	17.06158294	27.48817251
33.6493	12.7962	18.4834	35.0711
33.6493	19.4313	13.2701	33.6493
32.2275	32.7014	13.7441	21.327
32.2275	24.1706	14.218	29.3839
9.0047	32.7014	29.3839	28.91
23.22272322	23.22272322	9.952609953	43.6019436
3.7915	85.782	7.109	3.3175
97.1564	0	0	2.8436
63.5071	0	36.4929	0
1.8957	0	98.1043	0
0	0	100	0
80.0948	19.9052	0	0
0	0	0	100
0	0	0	100
61.6114	0	0	38.3886
28.91	16.1137	25.1185	29.8578
33.1754	18.9573	21.8009	26.0664
49.2891	0	0	50.7109
27.96207204	15.16588483	23.6966763	33.17536682
34.1232	17.0616	18.0095	30.8057
34.5972	23.2227	15.6398	26.5403
29.85782986	21.32702133	16.11371611	32.7014327
29.85782986	21.8009218	20.37912038	27.96212796
