>tfdimers__MD00420
32.7833	17.4917	21.8922	27.8328
34.1034	16.2816	22.5523	27.0627
37.9538	14.3014	21.2321	26.5127
37.0737	15.1815	22.8823	24.8625
38.3938	11.3311	22.6623	27.6128
40.7040593	9.570990429	35.75356425	13.97138603
72.0572	5.5006	21.2321	1.2101
61.6062	18.1518	8.3608	11.8812
59.40595941	0.44000044	11.001111	29.15292915
77.1177	7.5908	9.2409	6.0506
99.11999912	0.22000022	0.33000033	0.33000033
27.06272706	0.22000022	0.44000044	72.27727228
21.45212145	5.390505391	18.81191881	54.34545435
54.67544532	4.51049549	26.07257393	14.74148526
43.5644	1.8702	47.0847	7.4807
1.8702	0	98.1298	0
99.67	0.11	0.11	0.11
91.3091	0.11	8.5809	0
80.8581	0.11	18.9219	0.11
29.04292904	24.42242442	18.15181815	28.38282838
29.26292926	13.42131342	36.96373696	20.35202035
37.8438	15.7316	21.0121	25.4125
38.5038615	16.72168328	20.68207932	24.09237591
37.6238	14.9615	21.1221	26.2926
35.3135	18.3718	18.7019	27.6128
35.2035352	16.94171694	19.36191936	28.49282849
