>tfdimers__MD00029
28.5714	19.7652	23.2877	28.3757
29.3542	20.5479	23.8748	26.2231
28.9628	18.3953	25.8317	26.8102
30.7241	20.9393	25.636	22.7006
36.0078	16.047	24.2661	23.6791
46.3796	17.8082	8.8063	27.0059
45.5969	7.4364	17.2211	29.7456
38.35616164	13.89428611	12.91588708	34.83366517
50.0978	3.1311	27.593	19.1781
0	0	100	0
0	0	100	0
0	0	100	0
99.8043	0	0	0.1957
100	0	0	0
0	0	100	0
0	0	0	100
45.9883	0	54.0117	0
36.9863	12.1331	32.4853	18.3953
34.2466	18.1996	21.9178	25.636
35.4207	16.2427	21.135	27.2016
29.1585	19.7652	26.4188	24.6575
29.54992955	18.1996182	24.46182446	27.78862779
