>tfdimers__MD00308
34.21373421	17.91951792	19.46361946	28.4031284
34.3763	18.6103	16.985	30.0284
32.79153279	18.04141804	18.85411885	30.31293031
34.1325	17.7976	20.5201	27.5498
37.0581	19.3417	17.8789	25.7213
41.2028	26.1682	16.5786	16.0504
80.0894	10.1991	0.8939	8.8176
29.2158	0.0406	13.9374	56.8062
11.6619	7.3954	72.2877	8.655
24.7867	51.2393	15.2377	8.7363
94.2706	5.2824	0	0.447
74.807	8.1674	8.655	8.3706
85.0467	5.0386	7.7611	2.1536
12.0276	13.4092	2.2349	72.3283
25.92442592	72.57217257	0.4876004876	1.015801016
77.8545	19.6262	0.0406	2.4787
76.6761	3.9821	9.6709	9.6709
35.7985	11.6619	10.768	41.7716
1.9504	60.5039	15.7253	21.8204
73.38487338	8.045508046	5.810605811	12.75901276
37.4644	13.9781	21.1296	27.4279
34.9045349	18.24461824	22.59242259	24.25842426
34.1731	19.9512	17.9602	27.9155
34.4982	19.3011	16.7818	29.4189
33.4417	19.87	17.7976	28.8907
32.7509	18.651	18.1227	30.4754
32.5884	18.9354	18.5697	29.9065
