>tfdimers__MD00240
28.5928	20.9581	17.0659	33.3832
22.3054	23.8024	19.6108	34.2814
23.8023762	23.65267635	13.77248623	38.77246123
22.75447725	21.70657829	16.16768383	39.37126063
22.1557	26.7964	14.3713	36.6766
17.8144	36.976	13.9222	31.2874
26.497	19.9102	23.2036	30.3892
0	20.0599	0	79.9401
0	8.6826	0	91.3174
0	0	0	100
0	97.1557	0	2.8443
12.2754	41.3174	0.7485	45.6587
4.041895958	39.82036018	13.62278638	42.51495749
3.7425	54.1916	1.3473	40.7186
4.1916	1.1976	0.2994	94.3114
0.4491	8.5329	1.0479	89.9701
1.1976	1.1976	1.497	96.1078
5.2395	40.2695	35.9281	18.5629
24.85032485	10.32931033	2.544902545	62.27546228
12.57488743	17.06588293	15.26948473	55.08974491
20.8084	19.012	8.8323	51.3473
10.02991003	6.886206886	3.443103443	79.64077964
2.8443	21.4072	26.1976	49.5509
9.88020988	33.38323338	6.886206886	49.85034985
27.0958	16.4671	7.6347	48.8024
24.1018	20.9581	17.515	37.4251
25.5987744	21.25747874	15.56888443	37.57486243
24.7005753	20.95807904	15.56888443	38.77246123
25.14967485	19.01198099	16.61678338	39.22156078
25.5988	21.1078	19.7605	33.5329
