>tfdimers__MD00535
33.0769	22.3077	19.2308	25.3846
29.99997	13.84618615	22.30767769	33.84616615
30	26.9231	20	23.0769
33.0769	19.2308	25.3846	22.3077
32.3077	18.4615	25.3846	23.8462
30	28.4615	17.6923	23.8462
0	100	0	0
93.0769	0	0	6.9231
5.3846	14.6154	79.2308	0.7692
6.9231	80	13.0769	0
6.153806154	0	0.7692007692	93.07699308
3.8462	15.3846	76.1538	4.6154
16.1538	22.3077	14.6154	46.9231
26.9231	5.3846	60	7.6923
20	41.5385	5.3846	33.0769
99.2308	0	0.7692	0
66.15386615	30.76923077	3.076903077	0
100	0	0	0
0	85.3846	0	14.6154
100	0	0	0
50.7692	11.5385	26.9231	10.7692
46.1538	21.5385	20	12.3077
28.4615	33.8462	17.6923	20
40	16.1538	19.2308	24.6154
32.30766769	21.53847846	12.30768769	33.84616615
28.46152846	23.07692308	22.30772231	26.15382615
30	14.6154	17.6923	37.6923
