>tfdimers__MD00492
22.81552282	21.35922136	32.03883204	23.78642379
21.8447	18.932	23.7864	35.4369
16.9903	14.5631	39.8058	28.6408
12.62138738	24.75727524	37.86406214	24.75727524
28.1553	21.8447	24.7573	25.2427
0	9.708709709	26.6990267	63.59226359
0	0	100	0
0	0	0	100
0	0	100	0
0	0	100	0
0	0	100	0
0	0	0	100
0	0	0	100
0	0	0	100
0	47.0874	52.9126	0
20.38832039	32.03883204	14.07771408	33.4951335
22.3301	17.4757	25.7282	34.466
22.3301	19.9029	28.6408	29.1262
20.8738	18.932	28.6408	31.5534
17.9612	24.2718	29.6117	28.1553
24.2718	21.8447	26.2136	27.6699
18.93201893	20.87382087	33.4951335	26.6990267
