>tfdimers__MD00411
25.8197	25	17.2131	31.9672
27.459	24.1803	19.2623	29.0984
30.3279	21.7213	18.0328	29.918
27.86887213	17.62298238	18.85248115	35.65566434
20.49177951	27.04917295	13.11478689	39.34426066
24.1803	25.8197	7.7869	42.2131
60.65576066	4.508204508	19.67211967	15.16391516
0.8197	43.0328	5.7377	50.4098
9.0164	0	0.4098	90.5738
0	0	0	100
0	100	0	0
0	100	0	0
2.0492	5.3279	2.459	90.1639
1.2295	6.5574	44.6721	47.541
8.1967	61.4754	6.9672	23.3607
2.0492	96.7213	0	1.2295
77.8689	2.459	0.4098	19.2623
3.2787	1.2295	10.6557	84.8361
20.082	21.3115	11.4754	47.1311
13.5246	12.2951	7.377	66.8033
12.2951	10.6557	20.082	56.9672
25	26.6393	16.8033	31.5574
27.8689	22.9508	13.9344	35.2459
27.0492	25	16.8033	31.1475
22.13112213	21.72132172	19.26231926	36.88523689
23.3607	25.4098	15.1639	36.0656
