>tfdimers__MD00197
26.0143	23.389	28.8783	21.7184
28.1623	23.1504	24.821	23.8663
26.0143	23.1504	26.253	24.5823
27.685	18.1384	31.7422	22.4344
29.8329	17.6611	30.3103	22.1957
40.5728	10.2625	31.0263	18.1384
37.2315	12.6492	33.8902	16.2291
24.5823	4.0573	18.8544	52.506
1.9093	0.4773	97.3747	0.2387
19.3317	0.2387	75.6563	4.7733
2.148	0	90.6921	7.1599
1.431998568	0.9546990453	96.65860334	0.9546990453
98.0907	1.9093	0	0
99.284	0.716	0	0
0	100	0	0
8.3532	9.0692	11.9332	70.6444
14.7971	4.7733	51.79	28.6396
17.1838	27.9236	42.0048	12.8878
15.99048401	32.6968673	30.78756921	20.52507947
30.0716	20.7637	25.0597	24.105
28.8783	18.1384	26.969	26.0143
27.20762721	24.10502411	24.10502411	24.58232458
28.6396	18.1384	26.253	26.969
29.3556	18.1384	30.0716	22.4344
