>tfdimers__MD00369
23.07687692	16.34618365	19.23078077	41.34615865
31.73076827	12.4999875	24.03847596	31.73076827
25	20.1923	26.9231	27.8846
43.2692	20.1923	14.4231	22.1154
32.6923	24.0385	15.3846	27.8846
28.84617115	18.26918173	24.03847596	28.84617115
35.5769	27.8846	16.3462	20.1923
18.26921827	30.76923077	23.07692308	27.88462788
31.7308	18.2692	22.1154	27.8846
25	30.7692	24.0385	20.1923
50.00005	2.884602885	8.653808654	38.46153846
0	0	100	0
0	4.8077	0	95.1923
0	0	100	0
0	0	100	0
100	0	0	0
100	0	0	0
100	0	0	0
100	0	0	0
100	0	0	0
32.6923	26.9231	23.0769	17.3077
26.92307308	19.23078077	14.42308558	39.42306058
31.7308	15.3846	25.9615	26.9231
36.5385	21.1538	17.3077	25
31.7308	21.1538	23.0769	24.0385
34.6154	15.3846	24.0385	25.9615
29.8077	25	19.2308	25.9615
34.6154	18.2692	26.9231	20.1923
