>tfdimers__MD00495
37.9518	18.6747	16.2651	27.1084
34.93976506	21.98797801	14.15658584	28.91567108
42.7711	15.0602	10.241	31.9277
52.4096	14.4578	15.9639	17.1687
46.3855	13.8554	17.4699	22.2892
59.9398	0	0	40.0602
0	100	0	0
100	0	0	0
100	0	0	0
94.8795	0	1.506	3.6145
0	91.5663	8.4337	0
93.9759	2.4096	0	3.6145
74.3976	5.1205	2.4096	18.0723
24.0964	0	0	75.9036
18.3735	0	0	81.6265
87.9518	0	4.5181	7.5301
46.68674669	15.36141536	12.34941235	25.6024256
45.48194548	13.85541386	13.55421355	27.10842711
32.5301	18.6747	17.7711	31.0241
35.8434	18.3735	14.1566	31.6265
32.8313	20.7831	15.6627	30.7229
