>tfdimers__MD00231
34.4	22.4	20	23.2
37.6	24	18.4	20
42.4	18.4	16.8	22.4
39.2	19.2	22.4	19.2
45.6	21.6	13.6	19.2
81.6	0	1.6	16.8
93.6	4.8	1.6	0
5.6	94.4	0	0
8.8	91.2	0	0
96	0	4	0
3.2	96.8	0	0
96	4	0	0
15.2	12	4.8	68
90.4	6.4	1.6	1.6
96.8	0.8	1.6	0.8
81.6	6.4	8	4
74.4	14.4	4.8	6.4
16	62.4	16	5.6
40.8	25.6	12	21.6
36	16	23.2	24.8
33.6	25.6	19.2	21.6
32	25.6	20	22.4
30.4	21.6	20.8	27.2
