>tfdimers__MD00277
33.0827	15.7895	13.9098	37.218
30.0752	21.0526	18.4211	30.4511
36.8421	22.9323	12.0301	28.1955
28.9474	17.2932	14.2857	39.4737
31.95493195	15.41351541	15.41351541	37.21803722
35.3383	14.2857	15.7895	34.5865
34.58646541	18.04508195	12.78198722	34.58646541
40.6015406	14.28571429	9.774409774	35.33833534
40.97744098	15.41351541	8.646608647	34.96243496
40.9774	6.7669	22.1805	30.0752
9.3985	6.7669	6.7669	77.0677
4.511295489	1.503798496	0.7518992481	93.23300677
1.8797	0	0	98.1203
20.67672068	1.127801128	0.3759003759	77.81957782
93.60909361	2.255602256	3.007503008	1.127801128
13.9098	3.7594	2.2556	80.0752
22.9323	1.8797	35.7143	39.4737
43.60904361	0.3759003759	51.12785113	4.887204887
8.6466	24.812	37.594	28.9474
28.9474	37.594	24.812	8.6466
4.887204887	51.12785113	0.3759003759	43.60904361
39.4737	35.7143	1.8797	22.9323
80.0752	2.2556	3.7594	13.9098
1.127801128	3.007503008	2.255602256	93.60909361
77.81957782	0.3759003759	1.127801128	20.67672068
98.1203	0	0	1.8797
93.23300677	0.7518992481	1.503798496	4.511295489
77.0677	6.7669	6.7669	9.3985
30.0752	22.1805	6.7669	40.9774
34.96243496	8.646608647	15.41351541	40.97744098
35.33833534	9.774409774	14.28571429	40.6015406
34.58646541	12.78198722	18.04508195	34.58646541
34.5865	15.7895	14.2857	35.3383
37.21803722	15.41351541	15.41351541	31.95493195
39.4737	14.2857	17.2932	28.9474
28.1955	12.0301	22.9323	36.8421
30.4511	18.4211	21.0526	30.0752
37.218	13.9098	15.7895	33.0827
