>tfdimers__MD00164
23.2465	28.7074	22.3948	25.6513
21.7936	29.9599	21.0922	27.1543
21.8938	29.6092	20.2405	28.2565
24.7996	31.6132	18.9379	24.6493
22.996	31.4128	18.5371	27.0541
23.7976	22.5451	22.0942	31.5631
22.5952	24.6493	29.3086	23.4469
23.0461	13.5271	33.2665	30.1603
0.7515	37.1743	40.6313	21.4429
19.0381	33.7174	2.3046	44.9399
0	100	0	0
0	100	0	0
0	100	0	0
43.9379	27.505	6.012	22.5451
20.1904	11.022	15.0301	53.7575
11.62321162	50.05015005	28.35672836	9.96990997
1.6533	0.501	1.5531	96.2926
0.6012	1.8537	96.0421	1.503
14.67938532	13.47698652	3.106196894	68.73743126
7.7655	32.4649	20.491	39.2786
7.364707365	73.0962731	11.87371187	7.665307665
23.8477	26.6533	0.4008	49.0982
20.6413	28.4068	21.0922	29.8597
21.5431	27.6052	26.6533	24.1984
23.2966	26.0521	25.6012	25.0501
22.2445	28.006	23.6974	26.0521
24.6994	27.3547	21.9439	26.002
23.5471	27.8056	21.5431	27.1042
22.8457	28.1062	23.8477	25.2004
