>tfdimers__MD00225
30.11293011	18.19321819	21.2045212	30.48933049
30.1129	17.9423	20.2008	31.744
30.99123099	17.81681782	20.32622033	30.86573087
30.23843024	19.07151907	17.69131769	32.998733
31.744	18.8206	17.4404	31.995
35.13173513	21.07902108	20.7026207	23.08662309
51.0665	14.4291	0.3764	34.128
46.1731	0.3764	25.7215	27.729
38.7704	0.1255	22.4592	38.6449
0	0	0	100
99.74900025	0	0.1254998745	0.1254998745
99.8745	0	0	0.1255
12.798	0	0	87.202
0.6274	0	2.5094	96.8632
12.0452	16.0602	46.926	24.9686
12.2961	76.1606	7.6537	3.8896
61.4806	13.9272	0.3764	24.2158
7.9046	1.0038	8.9084	82.1832
15.6838	16.3112	17.064	50.941
33.6261	17.4404	16.5621	32.3714
28.73272873	17.94231794	19.82431982	33.5006335
29.862	20.5772	20.7026	28.8582
29.61102961	21.2045212	18.94601895	30.23843024
29.48557051	20.95357905	18.82058118	30.74026926
