>tfdimers__MD00194
33.5294	14.7059	24.1176	27.6471
25.29407471	27.64707235	27.64707235	19.41178059
31.7647	25.2941	18.2353	24.7059
23.5294	25.2941	20	31.1765
30	3.5294	30.5882	35.8824
0	0	100	0
9.4118	0	90.5882	0
92.3529	0	0	7.6471
100	0	0	0
100	0	0	0
26.47057353	25.88237412	28.23527176	19.41178059
0	78.2353	4.7059	17.0588
98.2353	0	0	1.7647
0	100	0	0
0	98.8235	1.1765	0
0.5882005882	0	0.5882005882	98.82359882
17.64708235	16.47058353	35.88236412	29.99997
40	20.5882	21.7647	17.6471
27.0588	27.6471	23.5294	21.7647
27.05882706	27.05882706	21.76472176	24.11762412
30.5882	23.5294	17.6471	28.2353
32.35293235	20.58822059	15.29411529	31.76473176
26.47057353	25.88237412	21.76467824	25.88237412
32.35293235	24.11762412	17.05881706	26.47062647
