>tfdimers__MD00302
24.2857	21.4286	20	34.2857
29.99997	17.14288286	21.42857857	31.42856857
28.5714	12.1429	25.7143	33.5714
20.71427929	26.42857357	27.14287286	25.71427429
28.5714	26.4286	21.4286	23.5714
62.8571	0	37.1429	0
15.7143	26.4286	35	22.8571
0	5	5	90
0	0	0	100
0	0	0	100
0	100	0	0
57.8571	6.4286	4.2857	31.4286
10	21.4286	30	38.5714
0	0	0	100
0	0	0	100
0	100	0	0
27.8571	28.5714	1.4286	42.1429
0	100	0	0
0	0	0	100
0	0	0	100
17.8571	22.1429	11.4286	48.5714
19.2857	27.1429	10.7143	42.8571
22.85712286	28.57142857	12.85711286	35.71433571
24.2857	20.7143	16.4286	38.5714
27.1429	18.5714	20.7143	33.5714
