>tfdimers__MD00572
32.1839	18.3908	18.3908	31.0345
31.0345	17.8161	17.2414	33.908
30.17243017	22.12642213	16.95401695	30.74713075
32.1839	16.092	17.8161	33.908
33.04603305	24.71262471	10.91951092	31.32183132
100	0	0	0
0	0	0	100
0	0	0	100
100	0	0	0
0	0	0	100
0.8621	1.1494	0.2874	97.7011
1.4368	0	8.6207	89.9425
35.91953592	3.735603736	38.21843822	22.12642213
0.2874	99.1379	0	0.5747
42.52874253	19.54021954	0.5747005747	37.35633736
22.98847701	29.88507011	10.05748994	37.06896293
63.7931	15.8046	3.7356	16.6667
59.77015977	4.31030431	17.81611782	18.1034181
18.1034	22.4138	20.4023	39.0805
28.4483	19.5402	13.7931	38.2184
36.7816	17.8161	10.9195	34.4828
35.05746494	16.66668333	15.8045842	32.47126753
28.16087184	16.66668333	18.67818132	36.49426351
35.34483534	13.21841322	17.52871753	33.90803391
34.1953658	14.08048592	19.25288075	32.47126753
29.5977	18.9655	14.3678	37.069
