>tfdimers__MD00602
25.9683	22.2711	21.2148	30.5458
23.5915	23.9437	23.5035	28.9613
28.6092	22.6232	20.4225	28.3451
27.99297201	23.15137685	22.0950779	26.76057324
25.96832597	23.15142315	23.23942324	27.64082764
30.9859	23.0634	18.75	27.2007
24.4718	16.4613	35.2113	23.8556
15.0528	27.2007	29.0493	28.6972
15.581	75.4401	4.7535	4.2254
77.2007	8.7148	1.8486	12.2359
0.3521	0.9683	97.7113	0.9683
1.2324	1.3204	5.8099	91.6373
2.1127	0.4401	6.25	91.1972
16.72538327	24.47177553	35.82746417	22.97537702
16.0211	25	26.4085	32.5704
18.75	25.7042	38.1162	17.4296
30.10563011	27.28872729	20.5986206	22.00702201
10.2993	27.4648	7.4824	54.7535
0	0	0	100
2.3768	0	0	97.6232
0	100	0	0
23.5915	38.7324	0	37.6761
18.4859	33.4507	9.0669	38.9965
24.0317	24.2958	17.8697	33.8028
23.76757623	22.97537702	20.15847984	33.0985669
24.3838	22.7993	18.4859	34.331
23.4155	25.2641	22.4472	28.8732
24.4718	24.8239	22.7113	27.993
