>tfdimers__MD00543
26.41507358	19.24528075	17.54718245	36.79246321
29.81127019	18.49058151	16.79248321	34.90566509
27.9245	19.434	20.1887	32.4528
28.3019	20	17.3585	34.3396
30	20.7547	15.283	33.9623
33.3962	47.3585	0	19.2453
36.98113698	1.509401509	3.584903585	57.92455792
10.7547	20.9434	0	68.3019
0	0	0	100
0	0	100	0
0	10	21.3208	68.6792
20.566	23.9623	25.0943	30.3774
0	43.9623	0	56.0377
100	0	0	0
0	100	0	0
0	0	0	100
15.6604	23.9623	6.2264	54.1509
52.0755	21.3208	16.9811	9.6226
28.8679	20.7547	21.3208	29.0566
26.2264	23.9623	17.7358	32.0755
32.6415	14.5283	17.5472	35.283
33.3962	20.9434	18.1132	27.5472
28.8679	18.8679	19.434	32.8302
