>tfdimers__MD00491
33.0986	20.0704	19.3662	27.4648
34.15493415	16.9014169	22.88732289	26.05632606
30.98593099	20.07042007	17.60561761	31.33803134
34.50703451	16.1972162	20.42252042	28.87322887
35.9155	9.507	19.7183	34.8592
43.3099	8.0986	37.3239	11.2676
82.74641725	9.859190141	3.168996831	4.225395775
0	0	0	100
0	4.9296	0	95.0704
100	0	0	0
32.7465	28.169	21.4789	17.6056
17.6056	21.4789	28.169	32.7465
0	0	0	100
95.0704	0	4.9296	0
100	0	0	0
4.225395775	3.168996831	9.859190141	82.74641725
11.2676	37.3239	8.0986	43.3099
34.8592	19.7183	9.507	35.9155
28.87322887	20.42252042	16.1972162	34.50703451
31.33803134	17.60561761	20.07042007	30.98593099
26.05632606	22.88732289	16.9014169	34.15493415
27.4648	19.3662	20.0704	33.0986
