>tfdimers__MD00497
28.1481	22.963	27.4074	21.4815
28.8889	17.7778	32.5926	20.7407
19.99998	19.25928074	30.37036963	30.37036963
26.6667	23.7037	25.9259	23.7037
22.2222	3.7037	30.3704	43.7037
0	0	100	0
63.7037	0	0	36.2963
0	12.59258741	31.85186815	55.55554444
11.85188815	0	14.07408593	74.07402593
6.6667	0	93.3333	0
100	0	0	0
0	0	18.5185	81.4815
0	0	100	0
0	0	0	100
0	0	100	0
0	0	100	0
1.4815	17.7778	48.1481	32.5926
21.4815	16.2963	28.1481	34.0741
31.85186815	16.2962837	25.18517481	26.66667333
23.7037	26.6667	27.4074	22.2222
31.8519	14.8148	20.7407	32.5926
22.963	14.8148	37.7778	24.4444
