>tfdimers__MD00189
30.9701	21.2687	17.1642	30.597
29.1045	16.4179	23.8806	30.597
28.3582	24.2537	22.7612	24.6269
31.71643172	16.79101679	22.76122276	28.73132873
26.86567313	18.28358172	24.62687537	30.22386978
27.9851	28.3582	24.2537	19.403
29.4776	16.0448	19.7761	34.7015
20.14927985	26.49247351	20.14927985	33.20896679
25.3731	25.3731	0.7463	48.5075
53.73135373	0	45.8955459	0.3731003731
0	0	100	0
0	0	100	0
100	0	0	0
3.3582	1.1194	0	95.5224
4.1045	1.4925	1.8657	92.5373
66.4179	4.8507	6.3433	22.3881
65.2985653	24.25372425	5.597005597	4.850704851
26.49252649	3.731303731	2.238802239	67.53736754
24.6269	13.4328	20.1493	41.791
36.56716343	13.05968694	10.44778955	39.92536007
14.9254	2.9851	15.6716	66.4179
2.9851	17.1642	1.4925	78.3582
51.49255149	5.97010597	15.67161567	26.86572687
41.791	13.0597	21.6418	23.5075
10.07458993	57.08954291	7.08959291	25.74627425
32.4627	14.5522	4.1045	48.8806
22.0149	18.2836	32.8358	26.8657
29.47762948	27.23882724	17.91041791	25.37312537
30.597	11.9403	25	32.4627
32.4627	19.403	17.9104	30.2239
29.1045291	23.13432313	16.79101679	30.97013097
30.597	15.6716	20.5224	33.209
29.1045	23.8806	18.6567	28.3582
31.3433	21.6418	16.0448	30.9701
