>tfdimers__MD00469
24.1035759	23.10757689	18.12748187	34.66136534
23.506	19.5219	20.7171	36.255
21.5139	17.7291	21.9124	38.8446
23.506	21.3147	19.9203	35.259
26.494	22.3108	17.3307	33.8645
31.4741	25.2988	21.9124	21.3147
16.1355	30.4781	25.2988	28.0876
0	3.5857	0	96.4143
0	1.3944	0	98.6056
0	0	0	100
0	99.6016	0	0.3984
97.6096	0	0.1992	2.1912
11.753	45.0199	43.2271	0
20.9163	7.5697	24.502	47.012
0.1992	0	0	99.8008
0	0	0	100
0.3984	0	0	99.6016
0	51.3944	4.7809	43.8247
19.72111972	21.71312171	21.71312171	36.85263685
22.1116	21.5139	16.9323	39.4422
25.0996	19.9203	17.1315	37.8486
24.502	20.9163	15.7371	38.8446
20.71712072	21.51392151	19.92031992	37.84863785
23.50597649	25.4979745	16.13548386	34.86056514
