>tfdimers__MD00081
24.4796	19.3172	36.8027	19.4005
26.5612	21.7319	33.8052	17.9017
26.97747302	20.8992791	32.38966761	19.73358027
25.4788	19.9833	35.1374	19.4005
30.2248	16.2365	34.8876	18.6511
29.975	36.8859	33.1391	0
58.7010413	3.497096503	26.89427311	10.90758909
0	0	100	0
0	0	100	0
100	0	0	0
42.21484221	0	29.47542948	28.30972831
0	0	100	0
0	0	45.7952	54.2048
0	0	100	0
30.3081	0	69.6919	0
0	0	100	0
24.1465	20.3997	28.8093	26.6445
27.81017219	17.65198235	29.72517027	24.81267519
24.3963	19.9001	33.3056	22.398
25.229	20.2331	32.8893	21.6486
24.3963244	20.23312023	34.22153422	21.14902115
