>tfdimers__MD00326
27.5053	20.4691	25.3731	26.6525
30.9168	18.1237	27.7186	23.2409
27.71857228	18.76328124	26.86567313	26.65247335
26.0128	18.9765	27.0789	27.9318
24.307	23.4542	26.8657	25.3731
33.04903305	23.88062388	14.28571429	28.78462878
26.8657	21.9616	23.8806	27.2921
30.7036	24.0938	17.2708	27.9318
40.9382	4.0512	19.8294	35.1812
0.2132	0	99.7868	0
0	0	100	0
0	0	100	0
95.30910469	1.705798294	0	2.985097015
1.919	1.0661	1.4925	95.5224
1.705798294	9.808090192	32.1961678	56.28994371
48.1876	1.0661	28.3582	22.3881
17.6972	11.5139	59.7015	11.0874
32.40936759	17.27078273	49.46695053	0.8528991471
61.6205	24.307	4.4776	9.5949
81.6631	1.919	15.565	0.8529
95.0959	0.6397	3.4115	0.8529
3.624703625	8.742008742	48.18764819	39.44563945
19.18978081	27.50527249	37.52666247	15.77828422
31.5565	19.8294	25.1599	23.4542
26.65247335	21.32197868	25.37307463	26.65247335
29.42432942	20.8955209	25.37312537	24.30702431
27.7186	20.8955	23.8806	27.5053
32.8358	19.403	24.0938	23.6674
