>tfdimers__MD00134
27.1386	19.764	22.7139	30.3835
28.61357139	20.94397906	18.87908112	31.56336844
33.6283	18.2891	21.5339	26.5487
32.74336726	22.71387729	20.35397965	24.18877581
30.6785	15.3392	23.0088	30.9735
22.7139	21.5339	35.9882	19.764
41.8879	0.885	57.2271	0
0	0	100	0
100	0	0	0
0	1.4749	0	98.5251
0	0	0	100
100	0	0	0
0	0	87.0206	12.9794
0	100	0	0
57.2271	0	0	42.7729
32.1534	34.8083	1.7699	31.2684
43.9528	20.354	0	35.6932
34.5133	29.7935	0	35.6932
26.25367375	20.94397906	21.82887817	30.97346903
28.0236	25.3687	19.764	26.8437
30.0885	20.059	20.059	29.7935
28.0236	19.469	22.1239	30.3835
25.0737	21.8289	26.2537	26.8437
