>tfdimers__MD00042
29.0761	20.1087	15.625	35.1902
28.12497188	20.24457976	19.29348071	32.33696766
27.1739	19.4293	17.9348	35.462
31.52173152	13.72281372	25.27172527	29.48372948
27.98912799	12.36411236	35.73373573	23.91302391
10.3261	20.9239	8.8315	59.9185
0	0	0	100
95.2446	0	4.7554	0
100	0	0	0
4.6196	2.8533	2.9891	89.538
15.625	35.462	22.6902	26.2228
73.2337	9.7826	0.2717	16.712
8.8315	2.7174	0.4076	88.0435
6.9293	2.3098	1.7663	88.9946
27.44567255	4.483695516	5.978294022	62.09233791
43.2065	12.3641	24.3207	20.1087
2.173902174	93.61419361	0.2717002717	3.94020394
61.0054	18.8859	0	20.1087
14.26631427	11.41301141	3.94020394	70.38047038
34.9185	8.8315	19.9728	36.2772
28.2609	18.4783	22.1467	31.1141
30.9783	21.3315	16.0326	31.6576
31.65756834	18.47828152	19.29348071	30.57066943
29.3478	18.0707	19.5652	33.0163
31.1141	18.6141	17.1196	33.1522
