>tfdimers__MD00459
29.62297038	18.67148133	29.26387074	22.44167756
28.5458	19.7487	30.5206	21.1849
25.8528	20.6463	29.4434	24.0575
28.3662	20.8259	27.8276	22.9803
27.64807235	20.28727971	27.46857253	24.5960754
29.623	24.4165	28.3662	17.5943
29.2639	28.3662	23.5189	18.851
45.0628	11.8492	24.4165	18.6715
25.31422531	46.67864668	25.13462513	2.872502873
71.63372837	5.745094255	7.001792998	15.61938438
0	0	100	0
0.1795001795	0.1795001795	99.64099964	0
99.8205	0	0.1795	0
78.0969	0	1.0772	20.8259
7.3609	0	92.6391	0
20.6463	17.2352	18.851	43.2675
54.03955404	1.795301795	33.21363321	10.95151095
0	6.6427	91.3824	1.9749
10.4129	0.3591	2.693	86.535
11.3106	3.9497	60.5027	24.237
33.2136	13.465	30.3411	22.9803
15.6194	21.544	45.9605	16.8761
26.93	16.5171	23.3393	33.2136
6.822293178	30.16156984	49.73065027	13.28548671
28.72527127	24.5960754	21.9030781	24.77557522
26.39137361	22.08257792	26.92997307	24.5960754
30.8797	19.9282	26.2118	22.9803
26.0323	22.4417	27.6481	23.8779
30.3411	19.2101	25.6732	24.7756
