>tfdimers__MD00279
24.4565	27.7174	22.2826	25.5435
23.36957663	30.97826902	24.72827527	20.92387908
26.9022	23.6413	28.5326	20.9239
22.2826	29.6196	25	23.0978
21.73912174	39.13043913	22.55432255	16.57611658
40.2174	2.1739	2.1739	55.4348
2.4457	89.4022	7.8804	0.2717
88.0435	0	1.3587	10.5978
0.5434994565	7.608692391	89.94561005	1.902198098
0	100	0	0
13.3152	0	0	86.6848
0	0	99.4565	0.5435
0	21.1957	0	78.8043
1.3587	37.5	23.3696	37.7717
0	99.7283	0.2717	0
18.20651821	25.27172527	0	56.52175652
17.11958288	32.33696766	26.9021731	23.64127636
23.91302391	23.0978231	26.35872636	26.63042663
20.9239	27.9891	26.9022	24.1848
20.3804	27.4457	28.5326	23.6413
24.45652446	30.16303016	23.0978231	22.28262228
