>tfdimers__MD00028
25.83587416	23.70817629	23.4042766	27.05167295
25.228	23.1003	20.9726	30.6991
27.96352796	24.92402492	20.36472036	26.74772675
26.7477	17.3252	20.6687	35.2584
25.53192553	20.97262097	21.88452188	31.61093161
32.8267	26.4438	22.4924	18.2371
30.6991	21.8845	21.5805	25.8359
43.769	17.3252	13.9818	24.924
30.6991	46.2006	19.7568	3.3435
61.3981386	10.03038997	5.167194833	23.4042766
0	0	100	0
0	0	100	0
100	0	0	0
0	0	0	100
45.5927	0	0	54.4073
100	0	0	0
0	0	0	100
0	100	0	0
26.1398	19.4529	2.4316	51.9757
21.2766	24.3161	27.0517	27.3556
23.4043	21.2766	22.4924	32.8267
25.8359	19.7568	22.4924	31.9149
29.48332948	18.54101854	20.36472036	31.61093161
28.8754	19.4529	22.4924	29.1793
