>tfdimers__MD00135
35.514	18.0685	19.6262	26.7913
28.97197103	18.38008162	17.13398287	35.51396449
31.46416854	20.87227913	14.01868598	33.64486636
31.7757	17.757	14.0187	36.4486
34.5794	24.2991	12.7726	28.3489
42.0561	25.5452	2.8037	29.595
26.4798	35.2025	16.8224	21.4953
12.14951215	9.657309657	6.230506231	71.96267196
8.4112	23.053	61.0592	7.4766
29.90652991	9.968809969	4.672904673	55.45175545
12.7726	79.1277	7.1651	0.9346
0.6231	99.0654	0	0.3115
2.8037	16.5109	0.9346	79.7508
8.4112	43.3022	1.2461	47.0405
64.17443583	1.246098754	28.03737196	6.542093458
0	0	0	100
100	0	0	0
100	0	0	0
93.1464	3.7383	1.2461	1.8692
61.99373801	24.2990757	9.345790654	4.361395639
27.1028	35.2025	7.4766	30.2181
29.28347072	19.62618037	14.95328505	36.13706386
28.0374	20.2492	19.0031	32.7103
30.8411	15.8879	18.6916	34.5794
31.15263115	19.003119	20.24922025	29.5950296
31.46416854	18.38008162	18.69158131	31.46416854
