>tfdimers__MD00005
31.5037685	22.03007797	20.15037985	26.31577368
27.4436	22.7068	25.4135	24.4361
35.4135	23.7594	13.7594	27.0677
41.72934173	16.76691677	19.0977191	22.40602241
43.0075	24.4361	22.6316	9.9248
0	100	0	0
0	100	0	0
100	0	0	0
0	100	0	0
94.58640541	5.112794887	0.3007996992	0
20.5263	2.782	2.5564	74.1353
9.774409774	65.41356541	18.7970188	6.015006015
88.8722	2.4812	0	8.6466
79.0977	7.594	11.2782	2.0301
80.0752	0.1504	13.1579	6.6165
22.5564	15.0376	56.3158	6.0902
33.2331	20.5263	31.6541	14.5865
30.4511	24.6617	23.1579	21.7293
33.08266692	23.98497602	19.62408038	23.30827669
28.7970288	28.4962285	19.0977191	23.60902361
27.9699	26.391	18.6466	26.9925
29.47367053	22.55637744	22.10527789	25.86467414
