>tfdimers__MD00299
32.8358	18.408	24.3781	24.3781
32.3383	16.9154	23.3831	27.3632
35.8209	14.4279	17.4129	32.3383
40.2985	15.4229	18.408	25.8706
31.8408	17.4129	20.398	30.3483
24.3781	15.9204	30.8458	28.8557
50.24874975	6.467693532	14.92538507	28.35817164
57.7114	4.4776	10.9453	26.8657
59.204	8.9552	14.9254	16.9154
81.09458109	1.99000199	0.4975004975	16.41791642
5.9701	87.5622	3.4826	2.9851
94.5274	0.4975	0.4975	4.4776
91.54239154	0.4975004975	1.99000199	5.97010597
63.6816	0.995	4.9751	30.3483
73.1343	3.9801	7.4627	15.4229
30.3483	18.9055	48.7562	1.99
72.6368	1.4925	14.4279	11.4428
0	0	100	0
0	0	100	0
100	0	0	0
88.5572	0	0	11.4428
29.85072985	13.93031393	47.76124776	8.457708458
34.3284	19.9005	5.4726	40.2985
36.8159	10.9453	20.8955	31.3433
46.76615323	10.44778955	20.3979796	22.38807761
37.8109	16.9154	22.3881	22.8856
38.806	17.4129	20.398	23.3831
35.32343532	17.91041791	21.89052189	24.87562488
30.8458	13.4328	20.8955	34.8259
37.3134	16.4179	14.4279	31.8408
