>tfdimers__MD00555
31.383	18.0851	21.8085	28.7234
27.65957234	27.65957234	16.48938351	28.19147181
22.3404	27.6596	20.7447	29.2553
28.1915	26.5957	23.4043	21.8085
22.8723	20.2128	20.2128	36.7021
21.2766	21.2766	23.9362	33.5106
1.063801064	28.19152819	26.5957266	44.14894415
1.0638	56.383	17.5532	25
17.0213	78.7234	0	4.2553
14.89361489	5.319105319	0	79.78727979
0.5319	28.7234	2.1277	68.617
0	0	0.5319	99.4681
0.5319	0.5319	98.9362	0
24.4681	34.0426	0.5319	40.9574
47.3404	5.8511	6.383	40.4255
5.8511	6.9149	7.9787	79.2553
47.3404	13.2979	6.9149	32.4468
75.5319	0	0.5319	23.9362
1.0638	98.4043	0.5319	0
96.2766	1.5957	0	2.1277
94.6809	1.0638	0	4.2553
52.6596	1.5957	2.6596	43.0851
43.0851	5.8511	28.1915	22.8723
19.1489	21.8085	52.6596	6.383
37.234	20.7447	28.7234	13.2979
32.4468	22.3404	25.5319	19.6809
32.9787	21.2766	14.3617	31.383
32.4468	21.2766	21.2766	25
29.2553	22.3404	20.7447	27.6596
35.1064	21.2766	17.5532	26.0638
