>tfdimers__MD00059
28.08122808	23.45942346	20.58822059	27.87112787
29.4118	21.1485	21.8487	27.591
30.8123	22.3389	22.1989	24.6499
30.6022	20.4482	21.9188	27.0308
27.1008271	20.30812031	23.52942353	29.06162906
28.08122808	40.61624062	16.10641611	15.1961152
32.493	30.3221	13.3053	23.8796
10.8543	42.9272	25.4902	20.7283
20.2381	28.7815	10.8543	40.1261
8.823508824	67.50706751	10.36411036	13.30531331
96.0084	0.7003	0.2101	3.0812
72.1989	0.2101	26.4706	1.1204
4.061604062	0.3501003501	95.30819531	0.2801002801
41.1765	15.8263	20.6583	22.3389
33.8936	5.112	50.1401	10.8543
9.173690826	5.952394048	80.88231912	3.991596008
56.9328	28.7815	4.972	9.3137
0	0	0	100
0	8.0532	0	91.9468
100	0	0	0
45.028	9.944	35.5742	9.4538
32.0028	22.1289	24.5798	21.2885
28.71147129	21.21847878	23.66947633	26.4005736
29.48182948	22.33892234	20.86832087	27.31092731
30.39216961	19.95798004	23.38937661	26.26047374
28.2213	20.7983	22.409	28.5714
