>tfdimers__MD00547
24.5675	23.5294	26.6436	25.2595
31.1419	22.4913	24.9135	21.4533
24.5675	23.8754	24.5675	26.9896
32.872	24.9135	19.7232	22.4913
40.1384	3.1142	28.7197	28.0277
0	0	100	0
0	100	0	0
0	100	0	0
100	0	0	0
6.5744	1.0381	90.6574	1.7301
61.2457	33.564	3.4602	1.7301
30.7958308	0	3.46020346	65.74396574
5.19030519	0	94.11769412	0.692000692
0	25.9516	74.0484	0
49.1349	6.2284	4.8443	39.7924
2.0761	48.4429	32.526	16.955
0	0	0	100
16.60898339	27.68167232	34.6020654	21.10727889
24.5675	23.5294	25.2595	26.6436
23.8754	18.3391	31.8339	25.9516
28.0277	19.7232	25.2595	26.9896
22.1453	25.9516	26.6436	25.2595
