>tfdimers__MD00210
33.9623	21.6981	13.2075	31.1321
29.2453	16.9811	25.4717	28.3019
29.24532925	15.09431509	16.98111698	38.67923868
26.4151	21.6981	11.3208	40.566
33.0189	23.5849	17.9245	25.4717
33.0189	16.0377	24.5283	26.4151
42.45284245	17.92451792	16.03771604	23.58492358
47.16984717	14.15091415	20.75472075	17.92451792
39.6226	12.2642	23.5849	24.5283
32.0755	15.0943	19.8113	33.0189
6.6038	67.9245	6.6038	18.8679
4.717	3.7736	0.9434	90.566
63.2075	0	32.0755	4.717
4.717	0	95.283	0
0	0.9434	0	99.0566
6.6038	1.8868	0	91.5094
96.2264	0.9434	0	2.8302
91.5094	2.8302	4.717	0.9434
0	5.6604	0	94.3396
100	0	0	0
100	0	0	0
33.0189	0	22.6415	44.3396
17.9245	4.717	4.717	72.6415
49.0566	8.4906	25.4717	16.9811
50.94345094	19.81131981	16.03771604	13.20751321
23.5849	30.1887	17.9245	28.3019
26.4151	22.6415	19.8113	31.1321
33.0189	20.7547	23.5849	22.6415
34.9057	16.9811	19.8113	28.3019
26.4151	23.5849	14.1509	35.8491
