>tfdimers__MD00407
22.191	23.0337	30.3371	24.4382
22.7528	24.4382	31.1798	21.6292
21.9101	26.4045	26.6854	25
24.7191	24.4382	25.2809	25.5618
33.9888	17.6966	30.0562	18.2584
55.3371	0	44.6629	0
0	0	100	0
0	0	89.0449	10.9551
32.0225	13.764	19.6629	34.5506
0	84.8315	0	15.1685
100	0	0	0
100	0	0	0
0	0	0	100
0	0	100	0
0	0	100	0
25	22.7528	35.6742	16.573
29.4944	17.4157	29.2135	23.8764
28.3708	21.3483	26.6854	23.5955
23.5955	21.9101	26.4045	28.0899
28.0899	23.0337	25.8427	23.0337
