>tfdimers__MD00234
32.5203	17.3984	20	30.0813
28.6179	18.374	19.3496	33.6585
26.66667333	20.32517967	16.58538341	36.42276358
34.3089	18.374	20	27.3171
32.6829	22.439	17.561	27.3171
33.6585	30.4065	15.6098	20.3252
73.82117382	1.138201138	24.87802488	0.1626001626
0	0	100	0
0	0	100	0
0	84.2276	15.7724	0
26.6667	31.8699	0.9756	40.4878
41.7886	22.1138	9.2683	26.8293
59.6748	7.9675	21.9512	10.4065
0	4.878004878	0.1626001626	94.95939496
99.3496	0.3252	0.3252	0
99.6748	0	0.1626	0.1626
82.6016826	0	4.552804553	12.84551285
40	10.7317	15.6098	33.6585
43.5772	8.9431	25.5285	21.9512
31.7073	21.3008	19.187	27.8049
32.1951	17.2358	18.6992	31.8699
33.3333	16.4228	21.3008	28.9431
29.4309	21.4634	21.7886	27.3171
32.6829	20.4878	19.6748	27.1545
27.6423	19.187	20.4878	32.6829
