>tfdimers__MD00471
22.335	35.533	18.2741	23.8579
27.41117259	27.91877208	24.36547563	20.3045797
20.8122	36.0406	15.736	27.4112
38.57866142	20.3045797	20.3045797	20.81217919
27.91877208	21.31977868	23.85787614	26.9035731
35.533	23.8579	26.3959	14.2132
33.5025	28.934	21.3198	16.2437
29.4416	40.6091	16.2437	13.7056
25.8883	54.3147	13.198	6.599
75.1269	11.1675	9.6447	4.0609
36.54823655	54.82235482	1.522801523	7.106607107
70.0508	25.8883	2.5381	1.5228
82.2335	9.1371	1.5228	7.1066
16.24368376	68.02023198	13.1979868	2.538097462
38.5787	56.8528	1.5228	3.0457
16.24368376	59.8984401	4.060895939	19.7969802
59.8985	8.1218	29.9492	2.0305
0	100	0	0
50.2538	0.5076	0	49.2386
0	0	0	100
0	100	0	0
0	100	0	0
2.0305	9.1371	5.0761	83.7563
0	38.5787	61.4213	0
27.91877208	26.9035731	12.69038731	32.48726751
17.76648223	30.96446904	30.45686954	20.81217919
22.335	29.4416	17.2589	30.9645
19.7969802	34.01016599	26.3958736	19.7969802
23.3503	31.9797	18.2741	26.3959
