>tfdimers__MD00226
31.42036858	17.93398207	22.81207719	27.83357217
31.9943	19.5122	21.9512	26.5423
33.429	17.2166	22.6686	26.6858
30.5595	21.0904	25.6815	22.6686
36.4419	14.6341	26.6858	22.2382
44.6198	32.5681	22.8121	0
64.132	3.0129	16.4993	16.3558
0	0	100	0
0	0	100	0
100	0	0	0
100	0	0	0
100	0	0	0
0	100	0	0
22.8121	7.604	10.6169	58.967
16.06888393	4.734595265	53.37154663	25.82497418
16.64278336	29.98567001	33.42896657	19.94258006
9.1822	43.0416	17.0732	30.703
30.99	19.3687	18.9383	30.703
27.977	21.9512	21.2339	28.8379
28.264	18.5079	23.9598	29.2683
29.6987	18.6514	21.8077	29.8422
29.2683	20.8034	21.5208	28.4075
