>tfdimers__MD00104
23.6434	22.8682	17.0543	36.4341
25.5814	21.7054	22.8682	29.845
25.969	24.031	17.8295	32.1705
27.13182713	20.15502016	20.54262054	32.17053217
24.80617519	29.06977093	15.5038845	30.62016938
42.24805775	17.82948217	22.86817713	17.05428295
5.038794961	40.6976593	4.263595736	49.99995
13.5659	3.4884	0	82.9457
0	0	0	100
0.3876	99.2248	0.3876	0
0.7752	95.7364	0	3.4884
7.751907752	7.751907752	2.713202713	81.78298178
4.6512	25.1938	34.4961	35.6589
1.1628	58.9147	12.0155	27.907
4.2636	71.3178	0	24.4186
43.41085659	1.55039845	0.3875996124	54.65114535
0.7752	0.3876	3.1008	95.7364
1.1628	0.3876	0.3876	98.062
6.589106589	7.751907752	82.55818256	3.100803101
4.2636	1.1628	0.3876	94.186
7.7519	16.2791	6.2016	69.7674
17.4419	29.0698	8.5271	44.9612
23.6434	25.1938	11.6279	39.5349
21.31782132	25.96902597	18.99221899	33.72093372
26.3566	17.8295	18.9922	36.8217
23.6434	22.4806	24.031	29.845
