>tfdimers__MD00312
34.1772	20.2532	18.9873	26.5823
23.41772342	30.37973038	22.78482278	23.41772342
30.3797	25.9494	20.2532	23.4177
27.2152	27.2152	27.2152	18.3544
31.6456	18.9873	31.0127	18.3544
31.01266899	14.55698544	43.03795696	11.39238861
33.5443	9.4937	49.3671	7.5949
37.3418	2.5316	56.962	3.1646
25.94937405	33.54426646	37.34176266	3.164596835
19.62028038	49.36705063	0	31.01266899
3.7975	93.6709	1.8987	0.6329
95.56969557	2.531602532	0	1.898701899
1.898701899	1.265801266	0.6329006329	96.2025962
0	1.8987	0.6329	97.4684
20.2532	0.6329	7.5949	71.519
26.5823	31.6456	36.0759	5.6962
1.8987	97.4684	0.6329	0
81.6456	8.8608	1.2658	8.2278
26.5823	6.3291	16.4557	50.6329
39.2405	16.4557	31.6456	12.6582
68.9873	3.7975	5.0633	22.1519
8.860791139	47.46835253	39.87336013	3.797496203
94.3038943	2.531602532	2.531602532	0.6329006329
89.8734	3.7975	3.7975	2.5316
55.0633	4.4304	10.7595	29.7468
33.5443	5.6962	55.6962	5.0633
32.9114	16.4557	48.1013	2.5316
40.5063	24.6835	19.6203	15.1899
45.5696	17.7215	20.8861	15.8228
25.31647468	25.94937405	32.27846772	16.45568354
29.11392911	22.78482278	24.05062405	24.05062405
32.9114	22.7848	25.9494	18.3544
30.3797	20.8861	27.2152	21.519
28.48102848	24.05062405	24.05062405	23.41772342
31.0127	18.3544	22.7848	27.8481
32.2785	18.9873	25.9494	22.7848
22.7848	19.6203	27.2152	30.3797
