>tfdimers__MD00205
31.664	20.0323	23.1018	25.2019
32.95636704	19.54768045	19.06298094	28.43297157
28.9176	17.609	22.4556	31.0178
35.37963538	15.83201583	24.55572456	24.23262423
30.69466931	26.65587334	20.51697948	22.13247787
52.8271	1.454	9.2084	36.5105
0	0	100	0
100	0	0	0
0	0	0	100
87.7221	0	0	12.2779
88.2068	0.9693	2.7464	8.0775
5.8158	88.2068	4.2003	1.7771
90.79150921	1.130898869	0.1615998384	7.915992084
76.7367	1.9386	5.8158	15.5089
41.1955	3.5541	11.4701	43.7803
48.14215186	9.36999063	21.48627851	21.001579
32.47173247	19.06301906	34.08723409	14.37801438
37.9645	13.5703	27.1405	21.3247
30.04846995	19.38608061	22.45557754	28.10987189
31.66396834	18.09368191	20.84007916	29.4022706
32.6333	21.0016	19.5477	26.8174
31.8255	17.7706	19.8708	30.5331
27.4637	17.609	23.1018	31.8255
