>tfdimers__MD00163
24.55617544	21.74557825	28.4023716	25.2958747
29.14197086	20.26627973	26.33137367	24.26037574
30.32543033	19.52661953	25.000025	25.14792515
27.2189	21.7456	25.7396	25.2959
31.213	17.6036	28.2544	22.929
27.071	29.142	28.4024	15.3846
60.6509	3.9941	0.1479	35.2071
0	0	100	0
100	0	0	0
0	0	0	100
100	0	0	0
91.56809157	0.7396007396	7.396407396	0.2959002959
0.2959	0.1479	99.1124	0.4438
1.0355	7.8402	89.2012	1.9231
58.284	6.213	13.1657	22.3373
11.5385	44.5266	34.7633	9.1716
53.9941	13.7574	16.8639	15.3846
25.1479	20.4142	35.0592	19.3787
26.6272	5.0296	38.7574	29.5858
27.21892722	18.93491893	31.8047318	22.04142204
29.58582959	21.15382115	25.14792515	24.11242411
29.142	20.858	26.0355	23.9645
27.2189	19.8225	26.9231	26.0355
29.28992929	19.97041997	27.21892722	23.52072352
