>tfdimers__MD00375
27.7174	26.087	27.1739	19.0217
33.1522	15.7609	23.913	27.1739
28.8043288	19.02171902	25.000025	27.17392717
30.9783	18.4783	28.8043	21.7391
22.28257772	22.82607717	33.6956663	21.1956788
46.1956538	3.260896739	24.999975	25.54347446
0	0	100	0
0	0	100	0
67.9348	32.0652	0	0
0	0	0	100
0	0	0	100
100	0	0	0
0	0	100	0
0	0	100	0
51.087	19.0217	25	4.8913
57.06525707	1.63040163	41.3043413	0
0	0	100	0
32.0652	17.9348	34.7826	15.2174
24.4565	21.7391	25.5435	28.2609
28.2609	19.5652	22.2826	29.8913
29.34782935	21.73912174	22.28262228	26.63042663
32.6087	19.5652	27.7174	20.1087
