>tfdimers__MD00110
36.7965368	20.34632035	16.45021645	26.40692641
38.52813853	15.58441558	18.61471861	27.27272727
32.03463203	20.77922078	16.88311688	30.3030303
29.87012987	20.34632035	11.68831169	38.0952381
41.12554113	11.25541126	16.01731602	31.6017316
21.21212121	0	37.66233766	41.12554113
26.40692641	45.45454545	15.58441558	12.55411255
32.9004	0	0	67.0996
88.7446	0	0	11.2554
100	0	0	0
0	0	73.5931	26.4069
0	100	0	0
100	0	0	0
96.9697	1.7316	1.2987	0
100	0	0	0
0	84.8485	0	15.1515
100	0	0	0
56.2771	5.1948	19.9134	18.6147
49.35064935	16.01731602	19.91341991	14.71861472
41.12554113	19.48051948	14.28571429	25.10822511
38.96103896	17.31601732	17.31601732	26.40692641
41.12554113	18.18181818	17.31601732	23.37662338
32.9004329	16.01731602	20.77922078	30.3030303
28.13852814	22.94372294	17.31601732	31.6017316
