>tfdimers__MD00011
37.68843769	17.33671734	18.02761803	26.94722695
36.3693	15.1382	17.7136	30.7789
31.2186	16.9598	17.8392	33.9824
31.407	19.0327	18.4673	31.093
31.6583	20.0377	20.5402	27.7638
34.10803411	29.20852921	12.24871225	24.43472443
36.6834	12.4372	3.9573	46.9221
48.4925	17.0226	20.4774	14.0075
55.0879	5.7161	16.5829	22.6131
44.7236	8.1658	43.5302	3.5804
7.2236	38.1281	2.5126	52.1357
89.1332	9.6734	0.1256	1.0678
94.0327	5.0879	0.2513	0.6281
96.73360327	0.2512997487	0.2512997487	2.763797236
0	7.098	0	92.902
90.38949039	0.5025005025	8.542708543	0.5653005653
0.2513	0.5653	0.1884	98.995
0.2512997487	0.4396995603	1.695998304	97.61300239
2.386902387	1.005001005	13.002513	83.60558361
47.1734	0.6281	43.2161	8.9824
8.04019196	46.67085333	7.474892525	37.81406219
19.2211	19.7236	5.3392	55.7161
14.6985	22.1106	13.4422	49.7487
43.96984397	3.768803769	10.17591018	42.08544209
22.299	13.2538	33.9196	30.5276
14.6357	20.9799	24.9372	39.4472
27.7638	23.2412	15.0754	33.9196
33.35426665	17.83918216	15.89198411	32.91456709
32.0352	16.4573	15.7663	35.7412
28.89447111	17.21108279	17.71358229	36.18086382
31.9095	18.2161	15.892	33.9824
33.16583317	18.27891828	17.08541709	31.46983147
