>tfdimers__MD00280
30.4762	18.254	21.746	29.5238
34.9206	18.8889	21.5873	24.6032
28.73017127	18.88888111	27.77777222	24.6031754
31.746	21.746	24.6032	21.9048
35.23806476	2.380997619	37.14286286	25.23807476
0	0	100	0
66.5079	33.4921	0	0
0	0	0	100
0	0	0	100
82.5397	0	0	17.4603
1.1111	0	98.8889	0
100	0	0	0
100	0	0	0
94.127	0	5.873	0
26.5079	20.4762	33.0159	20
28.0952281	19.20631921	29.68252968	23.01592302
32.6984327	22.22222222	21.74602175	23.33332333
33.17463317	17.61901762	23.17462317	26.03172603
32.06346794	18.25398175	20.79367921	28.88887111
30.47616952	20.79367921	19.99998	28.73017127
25.873	23.3333	21.4286	29.3651
