>tfdimers__MD00419
20.68967931	28.27587172	22.75857724	28.27587172
24.8276	27.5862	24.8276	22.7586
21.3793	22.7586	20.6897	35.1724
28.2759	31.0345	16.5517	24.1379
14.4828	28.9655	26.2069	30.3448
0	100	0	0
0	100	0	0
100	0	0	0
0	0	0	100
0	0	0	100
0	100	0	0
83.4483	0	0	16.5517
0	75.8621	24.1379	0
46.20694621	4.137904138	24.13792414	25.51722552
0	0	17.2414	82.7586
0	0	72.4138	27.5862
5.5172	53.7931	31.0345	9.6552
40.6897	17.931	8.9655	32.4138
34.4828	17.931	23.4483	24.1379
37.24136276	20.68967931	22.06897793	19.99998
22.7586	17.931	22.069	37.2414
21.3793	23.4483	22.069	33.1034
