>tfdimers__MD00007
26.2726	21.3465	19.7044	32.6765
24.1379	21.757	17.8982	36.2069
23.2348	22.1675	17.8982	36.6995
22.0033	23.2348	16.913	37.8489
24.9589	26.1084	17.4877	31.445
35.13956486	20.60757939	21.67487833	22.57797742
16.1741	33.3333	30.7882	19.7044
0	1.2315	0	98.7685
0	1.1494	0	98.8506
0	0	0	100
0	99.3432	0	0.6568
96.798	0	3.202	0
6.486	30.0493	40.7225	22.7422
0	5.8292	4.1051	90.0657
0	0	0	100
0	0	0	100
0	100	0	0
48.52215148	11.74058826	3.11989688	36.61736338
22.6601	22.0033	26.8473	28.4893
25.2874	19.7044	13.3826	41.6256
24.05582406	20.44332044	15.68141568	39.81943982
24.63052463	22.74222274	14.94251494	37.68473768
24.3021243	24.95892496	15.84561585	34.89333489
