>tfdimers__MD00546
32.69233269	18.26921827	18.26921827	30.76923077
23.0769	13.4615	36.5385	26.9231
20.1923	24.0385	12.5	43.2692
25	15.3846	20.1923	39.4231
37.5	13.4615	24.0385	25
41.3462	21.1538	36.5385	0.9615
0	0	0	100
0	100	0	0
100	0	0	0
14.4231	0.9615	0	84.6154
0	2.8846	0	97.1154
64.4231	22.1154	0	13.4615
97.1154	0.9615	0	1.9231
0.9615	0	0	99.0385
1.9231	0.9615	4.8077	92.3077
79.80762019	0	16.34618365	3.846196154
51.92304808	28.84617115	9.615390385	9.615390385
16.34618365	49.99995	9.615390385	24.03847596
25.96152596	29.80772981	8.653808654	35.57693558
33.6538	31.7308	6.7308	27.8846
45.1923	11.5385	20.1923	23.0769
25.96152596	18.26921827	22.11542212	33.65383365
33.6538	20.1923	17.3077	28.8462
28.8462	24.0385	21.1538	25.9615
22.1154	25	18.2692	34.6154
25.96152596	21.15382115	17.30771731	35.57693558
28.84617115	23.07687692	19.23078077	28.84617115
