>tfdimers__MD00089
26.11207389	24.03237597	19.46848053	30.38706961
23.1658	24.7834	17.331	34.7198
21.54822155	25.41882542	16.40671641	36.62623663
22.9347	27.6141	15.0202	34.431
21.2016	26.5165	15.4246	36.8573
23.2813	28.2496	20.1618	28.3073
35.7597	23.3391	16.9266	23.9746
7.567892432	45.81165419	9.936490064	36.68396332
0	0	0	100
2.022	0	0	97.978
0	100	0	0
10.6297	53.3218	0	36.0485
14.6158	38.9948	6.6436	39.7458
23.628	38.186	11.9584	26.2276
8.2611	33.6222	5.026	53.0907
0	0	0	100
1.0976	0	0	98.9024
0	100	0	0
12.9983	45.5806	0	41.4211
15.48238452	34.02656597	4.101695898	46.38935361
20.9128	27.2097	15.0202	36.8573
25.76547423	23.45467655	17.44658255	33.33326667
23.9746	22.1837	15.9445	37.8972
22.2992	25.5344	16.8111	35.3553
23.9168	26.2854	16.9844	32.8134
