>tfdimers__MD00276
24.48512449	25.17162517	16.24711625	34.0961341
23.2265	25.4005	16.8192	34.5538
28.83297117	21.28147872	19.10758089	30.77796922
22.42562243	24.48512449	21.51032151	31.57893158
17.9634	20.2517	11.2128	50.5721
16.1327	0.1144	0	83.7529
0	16.7048	0	83.2952
0	100	0	0
56.0641	0	0	43.9359
0	41.0755	27.5744	31.3501
0	0	0	100
0	0	0	100
12.0137	30.4348	12.4714	45.0801
15.2174	33.6384	11.7849	39.3593
23.7986	27.3455	22.0824	26.7735
24.48512449	30.77803078	19.45081945	25.28602529
7.8947	27.9176	4.6911	59.4966
0	0	0	100
2.4027	0	0	97.5973
0	100	0	0
24.5995	33.8673	0	41.5332
16.2471	33.9817	6.1785	43.5927
25.4005	22.0824	14.8741	37.643
24.4851	25.1716	16.476	33.8673
22.997723	20.36612037	15.56061556	41.07554108
21.7391	25.6293	16.8192	35.8124
28.1465	22.9977	17.5057	31.3501
