>tfdimers__MD00342
25.22522523	19.59461959	17.34231734	37.83783784
26.5766	22.5225	20.045	30.8559
33.7838	19.1441	19.5946	27.4775
20.94592095	20.04502005	22.07212207	36.93693694
13.7387	19.5946	11.2613	55.4054
16.2162	0	0	83.7838
0	18.2432	0	81.7568
0	100	0	0
87.3874	0	0	12.6126
0	26.35137365	27.47747252	46.17115383
0	0	0	100
0	0	0	100
3.828803829	48.1982482	6.531506532	41.44144144
0	100	0	0
86.48641351	12.16218784	0	1.351398649
0	0.2252	14.8649	84.9099
13.51348649	13.06308694	14.86488514	58.55854144
5.4054	9.6847	6.982	77.9279
19.36938063	15.09008491	4.054095946	61.48643851
17.7928	24.7748	15.3153	42.1171
28.15317185	19.81978018	23.87387613	28.15317185
34.6847	27.9279	26.1261	11.2613
43.2432	11.9369	9.4595	35.3604
21.3964	27.7027	24.7748	26.1261
28.3784	20.045	14.8649	36.7117
25.000025	22.52252252	20.04502005	32.43243243
27.92792793	20.4955205	20.94592095	30.63063063
26.5766	21.6216	20.4955	31.3063
29.5045	22.7477	17.7928	29.955
