>tfdimers__MD00427
27.791	22.0903	21.1401	28.9786
28.266	26.3658	18.0523	27.3159
26.36582637	27.55342755	20.19002019	25.89072589
23.2779	26.6033	22.0903	28.0285
24.7030753	22.32777767	20.42757957	32.54156746
29.4537	33.0166	21.3777	16.152
98.8124	1.1876	0	0
1.6627	9.5012	2.1378	86.6983
0	57.95725796	6.650806651	35.39193539
23.0404	31.5914	37.5297	7.8385
96.1995	2.8504	0	0.9501
0	1.4252	0.2375	98.3373
0	100	0	0
4.2755	0	0	95.7245
0	20.19	76.4846	3.3254
7.1259	41.0926	19.715	32.0665
0	72.9216	0.7126	26.3658
16.62708337	46.08075392	3.087896912	34.2042658
18.05228195	46.31825368	10.21378979	25.41567458
23.0404	26.6033	15.677	34.6793
23.51542352	25.65322565	19.47741948	31.35393135
23.0404	26.3658	23.5154	27.0784
26.3658	23.9905	22.3278	27.3159
23.99052399	24.22802423	18.76481876	33.01663302
