>tfdimers__MD00465
30.79056921	18.72398128	22.74617725	27.73927226
25.5201	19.6949	30.2358	24.5492
25.3814	20.527	30.2358	23.8558
24.8266	23.5784	26.0749	25.5201
28.9875	21.6366	19.8336	29.5423
0.8322	15.9501	21.0818	62.1359
1.248298752	36.33836366	1.664398336	60.74893925
24.2718	4.577	1.8031	69.3481
32.1775	0.1387	66.4355	1.2483
20.527	0.1387	77.8086	1.5257
2.4965	11.6505	85.2982	0.5548
75.17332483	0.2773997226	23.43967656	1.10959889
18.724	0.1387	79.1956	1.9417
88.76551123	1.248298752	9.153990846	0.8321991678
0	0	0	100
0	13.7309	0	86.2691
100	0	0	0
38.2802	9.8474	35.3675	16.5049
30.5132	21.3592	23.4397	24.6879
31.484	20.2497	22.1914	26.0749
31.34536865	18.16918183	27.04577295	23.43967656
29.1262	21.3592	27.3232	22.1914
28.43272843	21.91402191	24.68792469	24.96532497
