>tfdimers__MD00155
35.9598	17.435	17.6865	28.9187
34.6186	15.9262	17.6027	31.8525
31.18193118	15.92621593	18.52471852	34.36713437
33.1936	17.8541	19.7821	29.1702
35.20536479	21.62617837	16.84828315	26.32017368
58.7594	10.8131	12.1542	18.2733
67.47696748	6.035206035	16.93211693	9.555709556
66.3873	2.347	30.176	1.0897
10.81308919	6.035193965	82.56491744	0.5867994132
4.6102	7.544	26.5717	61.2741
20.2012	63.202	3.5205	13.0763
47.5272	51.5507	0.3353	0.5868
99.3294	0.6706	0	0
0.4191	1.0897	0.5868	97.9044
99.3294	0.2515	0.1676	0.2515
99.4971	0.1676	0	0.3353
77.1165	8.2984	6.119	8.4661
48.9522	17.3512	15.7586	17.938
33.1936	26.2364	16.5968	23.9732
34.5348	19.363	16.3453	29.7569
33.5289	16.0101	18.7762	31.6848
32.1878	14.8365	20.4526	32.5231
32.6907	18.4409	19.5306	29.3378
31.8525	20.3688	17.3512	30.4275
