>tfdimers__MD00438
39.6491	15.0877	16.8421	28.4211
40	15.4386	18.9474	25.614
34.73683474	19.64911965	23.85962386	21.75442175
30.8772	16.8421	21.0526	31.2281
32.98246702	15.43858456	35.43856456	16.14038386
27.36842737	11.92981193	31.92983193	28.77192877
71.5789	5.9649	12.6316	9.8246
100	0	0	0
0	0	100	0
0	0	0	100
12.6316	0	87.3684	0
100	0	0	0
100	0	0	0
100	0	0	0
34.38596561	51.22804877	0	14.38598561
0	37.8947	37.5439	24.5614
0	0	0	100
21.0526	21.4035	30.8772	26.6667
29.4737	22.807	18.5965	29.1228
32.6316	20.3509	18.2456	28.7719
29.1228	22.807	15.7895	32.2807
30.87716912	20.35087965	20.7017793	28.07017193
