>tfdimers__MD00496
21.7213	22.9508	23.3607	31.9672
27.0492	17.2131	28.2787	27.459
29.0983709	21.31147869	23.77047623	25.81967418
28.6885	22.9508	27.0492	21.3115
22.54097746	23.36067664	36.47536352	17.62298238
24.1803	27.0492	23.3607	25.4098
37.2951	24.1803	15.9836	22.541
20.08197992	25.81967418	39.75406025	14.34428566
12.2950877	0.8196991803	16.8032832	70.08192992
0	0.8197	99.1803	0
71.7213	2.0492	19.2623	6.9672
0.8196991803	98.36060164	0.8196991803	0
99.18039918	0.4098004098	0	0.4098004098
3.6885	5.7377	85.2459	5.3279
42.21314221	24.18032418	24.18032418	9.426209426
0.4098004098	1.22950123	20.9016209	77.45907746
0.8197	0	98.7705	0.4098
10.6557	17.2131	63.5246	8.6066
2.049197951	0.8196991803	23.77047623	73.36062664
6.5574	24.5902	56.9672	11.8852
27.86887213	13.11478689	5.737694262	53.27864672
15.5738	0	82.377	2.0492
1.229498771	0.8196991803	95.08190492	2.868897131
29.0983709	24.59017541	30.32786967	15.98358402
27.8689	22.1311	25.8197	24.1803
27.459	19.6721	25.8197	27.0492
27.459	21.7213	26.2295	24.5902
27.86887213	19.26228074	27.04917295	25.81967418
