>tfdimers__MD00084
28.022	23.0769	19.2308	29.6703
18.6813	25.2747	22.5275	33.5165
27.4725	23.0769	20.3297	29.1209
24.1758	21.978	19.2308	34.6154
25.8242	20.8791	17.033	36.2637
2.1978	0	0	97.8022
0	0	0	100
78.5714	0	0	21.4286
99.4505	0	0	0.5495
0	0	0	100
0	90.6593	0	9.3407
1.6484	74.1758	0	24.1758
48.9011	6.5934	0	44.5055
6.593393407	89.01091099	2.747297253	1.648398352
0	1.0989	0	98.9011
3.2967	15.9341	2.1978	78.5714
43.40655659	20.32967967	29.12087088	7.142892857
73.62632637	1.648398352	6.593393407	18.13188187
42.8571	31.3187	15.9341	9.8901
42.3077	23.6264	4.3956	29.6703
19.78021978	25.27472527	10.98901099	43.95604396
13.18681319	30.76923077	10.98901099	45.05494505
26.9231	29.1209	18.6813	25.2747
21.978	25.2747	17.033	35.7143
32.967	24.7253	15.3846	26.9231
24.7253	24.7253	19.7802	30.7692
30.21976978	17.03298297	22.52747747	30.21976978
