>tfdimers__MD00374
34.4186	19.5349	17.6744	28.3721
27.4419	19.5349	18.1395	34.8837
36.74416326	16.27908372	19.53488047	27.44187256
29.3023293	21.3953214	17.20931721	32.09303209
29.7674	20.4651	18.6047	31.1628
24.186	19.5349	15.814	40.4651
28.8372	20.4651	16.7442	33.9535
20	13.9535	31.6279	34.4186
28.83717116	18.6046814	16.27908372	36.27906372
31.1628	27.907	19.5349	21.3953
18.6046814	33.02326698	6.511593488	41.86045814
17.6744	12.093	1.8605	68.3721
90.6977907	1.395301395	6.976706977	0.9302009302
94.8837	0	2.3256	2.7907
8.372108372	1.395301395	0.9302009302	89.3023893
1.8605	9.3023	4.186	84.6512
74.41867442	0.9302009302	20.93022093	3.720903721
47.907	2.3256	32.093	17.6744
29.3023	20	25.1163	25.5814
38.1395	3.7209	15.814	42.3256
6.976706977	66.51166651	12.09301209	14.41861442
0.4651004651	98.13959814	0	1.395301395
94.41869442	4.186004186	0.4651004651	0.9302009302
0.9302009302	0	20.93022093	78.13957814
30.2326	19.5349	17.6744	32.5581
6.976706977	16.74421674	6.976706977	69.3023693
20.93022093	12.09301209	17.20931721	49.76744977
16.27908372	18.6046814	25.11627488	39.99996
32.5581	16.2791	20	31.1628
38.6047	20.4651	23.2558	17.6744
49.3023	14.8837	13.9535	21.8605
27.44187256	22.32557767	25.58137442	24.65117535
33.0233	23.2558	17.2093	26.5116
34.88373488	20.93022093	14.88371488	29.3023293
28.8372	20.4651	22.3256	28.3721
28.83722884	20.93022093	20.93022093	29.3023293
34.88373488	20.93022093	20.00002	24.18602419
