>tfdimers__MD00119
23.65147635	20.33197967	30.29046971	25.72607427
31.53526846	20.33197967	26.97097303	21.16177884
21.9917	24.8963	25.7261	27.3859
25.7261	19.0871	26.971	28.2158
21.9917	22.4066	29.4606	26.1411
33.195	13.278	38.5892	14.9378
30.70536929	26.97097303	34.02486598	8.298791701
0	100	0	0
98.7552	0	0.4149	0.8299
0	0	92.9461	7.0539
46.0581	20.7469	28.6307	4.5643
0.4149004149	0.4149004149	1.244801245	97.92539793
0	0	100	0
0	0	100	0
0	0	0	100
0	100	0	0
100	0	0	0
0	30.29046971	48.13275187	21.57677842
23.6515	22.4066	24.8963	29.0456
24.06637593	20.33197967	30.70536929	24.8962751
25.3112	21.9917	26.1411	26.556
21.9917	26.971	26.556	24.4813
28.2158	19.917	27.3859	24.4813
