>tfdimers__MD00245
30.43476957	18.57708142	26.08697391	24.9011751
24.5059	13.834	32.0158	29.6443
26.087	26.4822	21.7391	25.6917
32.0158	17.3913	26.4822	24.1107
29.24902925	22.92492292	28.06322806	19.76281976
57.3123	1.9763	15.415	25.2964
0	0	100	0
97.2332	0	2.7668	0
0	0	0	100
41.8972	7.5099	35.1779	15.415
75.0988	1.1858	23.7154	0
0	0	100	0
0	0	100	0
100	0	0	0
100	0	0	0
23.7154	13.834	62.4506	0
18.5771	21.7391	23.7154	35.9684
34.38736561	15.01978498	26.87747312	23.71537628
28.8538	21.3439	32.8063	16.996
31.6206	24.1107	25.2964	18.9723
30.03953004	16.20551621	28.45852846	25.2964253
