>tfdimers__MD00479
31.6547	17.2662	14.3885	36.6906
29.4964	20.8633	16.5468	33.0935
28.77697122	25.17987482	17.98558201	28.05757194
25.1799	20.1439	17.9856	36.6906
29.4964	20.1439	16.5468	33.8129
35.9712	0	31.6547	32.3741
28.0576	15.8273	56.1151	0
20.1439	15.8273	14.3885	49.6403
0	0	0	100
100	0	0	0
100	0	0	0
0	0	0	100
46.7626	0	53.2374	0
49.6403	0	20.8633	29.4964
32.3741	17.9856	30.2158	19.4245
0.7194	0	0	99.2806
2.1583	1.4388	82.0144	14.3885
99.2806	0	0.7194	0
10.0719	58.2734	17.9856	13.6691
17.26618273	16.54678345	7.913692086	58.27334173
25.8993	36.6906	10.7914	26.6187
69.0647	13.6691	6.4748	10.7914
35.2518	20.8633	18.705	25.1799
26.6187	12.9496	23.0216	37.4101
31.6547	12.2302	29.4964	26.6187
30.93526906	20.86327914	25.8992741	22.3021777
27.33812734	26.61872662	18.70501871	27.33812734
35.97123597	20.86332086	15.82731583	27.33812734
