>tfdimers__MD00559
23.41462341	20.97562098	21.95122195	33.65853366
30.24393024	24.39022439	20.97562098	24.39022439
24.39022439	22.92682293	21.46342146	31.21953122
26.3415	20.4878	20.4878	32.6829
30.7317	20	17.561	31.7073
30.24386976	15.60978439	28.78047122	25.36587463
28.7805	30.2439	27.3171	13.6585
34.63413463	32.1951322	11.70731171	21.46342146
47.8049478	23.41462341	4.39020439	24.39022439
28.7805	20	38.5366	12.6829
31.7073	0.4878	27.8049	40
0	0	100	0
80	20	0	0
0	0	0	100
0	0	0	100
100	0	0	0
100	0	0	0
0	0	100	0
0	0	0	100
41.9512	0	57.561	0.4878
37.07316293	12.1950878	25.36587463	25.36587463
26.34147366	15.12198488	22.92677707	35.60976439
30.2439	17.0732	19.0244	33.6585
27.8049	12.1951	24.3902	35.6098
35.122	17.0732	24.3902	23.4146
