>tfdimers__MD00542
24.6032	22.7513	23.0159	29.6296
27.2487	23.545	26.9841	22.2222
29.3651	25.1323	21.6931	23.8095
21.9577	21.6931	29.1005	27.2487
24.3386	24.0741	25.9259	25.6614
19.0476	30.9524	13.2275	36.7725
5.8201	62.1693	7.1429	24.8677
10.582	44.709	5.0265	39.6825
2.645497355	95.23800476	1.322798677	0.7936992063
46.0317	15.6085	0.7937	37.5661
19.57668042	3.439196561	60.84653915	16.13758386
9.5238	0	88.3598	2.1164
1.322798677	0.2645997354	96.2962037	2.116397884
2.380997619	3.439196561	93.38610661	0.7936992063
30.4233	20.6349	35.7143	13.2275
0	16.6667	0	83.3333
0	3.4392	0	96.5608
0	0	0	100
0	100	0	0
18.5185	50	0.7937	30.6878
21.9577	34.127	17.9894	25.9259
25.1323	24.3386	23.545	26.9841
20.3704	20.3704	26.9841	32.2751
20.3704	28.0423	26.7196	24.8677
21.6931	26.9841	23.545	27.7778
25.3968254	24.33862434	24.86772487	25.3968254
