>tfdimers__MD00373
27.8075	20.1723	17.7956	34.2246
24.3316	21.123	17.142	37.4034
26.14377386	19.72668027	16.28048372	37.84906215
22.9947	21.8954	17.3797	37.7302
23.4106	21.8657	16.2507	38.473
26.4112	23.0838	23.4997	27.0053
25.3119	26.738	19.489	28.4611
7.8134	28.1046	5.6447	58.4373
0	0	0	100
1.9311	0	0	98.0689
0	100	0	0
23.5294	33.7493	0	42.7213
14.3494	31.937	5.4664	48.2472
2.525297475	3.386796613	1.901398099	92.18650781
0	0	0	100
0	0	0	100
31.63986836	33.39276661	7.605492395	27.36187264
14.46818553	0.5050994949	0.5347994652	84.49191551
35.1159	17.855	16.221	30.8081
13.1907	30.0059	17.6768	39.1266
25.1039749	22.04397796	13.63638636	39.21566078
24.03447597	21.47947852	14.97328503	39.51276049
27.24302724	22.63812264	15.06241506	35.05643506
26.6488	20.6774	17.0826	35.5912
27.45097255	19.99408001	18.47888152	34.07606592
