>tfdimers__MD00370
33.80953381	18.0952181	19.52381952	28.57142857
36.6667	19.0476	16.6667	27.619
32.85713286	18.0952181	18.0952181	30.95243095
32.381	17.619	22.8571	27.1429
31.4286	18.0952	26.6667	23.8095
49.0476	14.2857	21.9048	14.7619
54.7619	7.619	11.4286	26.1905
48.0952	20	20.4762	11.4286
85.2381	13.3333	0	1.4286
8.5714	0	0	91.4286
0	0	100	0
0	1.4286	98.5714	0
100	0	0	0
100	0	0	0
100	0	0	0
100	0	0	0
100	0	0	0
40	20.4762	24.7619	14.7619
40	17.619	15.7143	26.6667
33.33333333	18.0952181	20.95242095	27.61902762
43.8095	16.1905	13.8095	26.1905
36.19046381	20.47617952	16.19048381	27.14287286
36.1905	19.0476	13.3333	31.4286
34.7619	20.4762	19.0476	25.7143
31.4286	20	20.9524	27.619
