>tfdimers__MD00266
27.818	17.1665	27.7146	27.3009
28.12822813	19.02791903	27.1975272	25.64632565
28.9555	19.3382	25.4395	26.2668
26.06002606	20.06202006	28.95552896	24.92242492
27.4043274	20.68252068	27.81802782	24.0951241
34.33296567	13.54708645	25.85317415	26.26677373
50.879	0	36.091	13.03
31.4374	0	68.5626	0
0	0	100	0
72.49227249	3.309203309	15.82211582	8.376408376
6.204793795	1.447798552	92.34740765	0
0	0	100	0
84.5915	1.9648	3.9297	9.514
42.5026	1.9648	2.4819	53.0507
4.0331	1.5512	3.4126	91.0031
39.4002	3.3092	3.516	53.7746
61.4271	11.272	6.8252	20.4757
35.9876	25.6463	36.091	2.2751
58.635	16.3392	20.6825	4.3433
40.1241	22.544	32.9886	4.3433
7.0321	18.2006	28.0248	46.7425
28.9555	2.3785	35.0569	33.6091
22.8542	25.4395	32.7818	18.9245
30.1965	18.9245	20.9928	29.8862
28.85212885	19.02791903	25.54292554	26.57702658
29.8862	19.6484	22.6474	27.818
30.5067	20.3723	22.7508	26.3702
27.5078	21.303	23.1644	28.0248
