>tfdimers__MD00086
28.999971	25.66667433	18.66668133	26.66667333
24.3333	24	19	32.6667
26.000026	19.33331933	23.33332333	31.33333133
23.6667	23	20	33.3333
25	24.6667	16	34.3333
0	0	0	100
0	0	0	100
61	0	0	39
100	0	0	0
0	0	0	100
0	100	0	0
0	91.3333	0	8.6667
85	12	1.6667	1.3333
0.3333003333	5.333305333	10.00001	84.33338433
8.333308333	40.00004	20.33332033	31.33333133
11.3333	7.6667	4	77
5	13.6667	20	61.3333
13.6667	22.3333	28.6667	35.3333
23.6667	21.6667	22.3333	32.3333
27	25	15.3333	32.6667
25	25.3333	18	31.6667
26.999973	22.66667733	16.66668333	33.66666633
28.3333	23.3333	20.6667	27.6667
