>tfdimers__MD00494
31.35593136	15.25421525	25.42372542	27.96612797
31.35593136	17.7966178	23.72882373	27.11862712
32.2034	17.7966	16.9492	33.0508
34.7458	8.4746	21.1864	35.5932
37.2881	16.9492	23.7288	22.0339
27.11862712	13.55931356	9.322009322	50.00005
69.49156949	0	15.25421525	15.25421525
0	0	0.8475	99.1525
100	0	0	0
100	0	0	0
96.6102	0	3.3898	0
0.8475	94.0678	1.6949	3.3898
98.30500169	0.8474991525	0	0.8474991525
61.8644	5.0847	30.5085	2.5424
71.18647119	0	9.322009322	19.49151949
4.2373	0	67.7966	27.9661
31.35593136	17.7966178	45.76274576	5.084705085
38.13563814	31.35593136	27.11862712	3.38980339
36.4407	21.1864	20.339	22.0339
30.5085	18.6441	19.4915	31.3559
34.74576525	24.57627542	17.7965822	22.88137712
32.2033678	20.33897966	22.88137712	24.57627542
32.2034	21.1864	22.8814	23.7288
33.05083305	17.7966178	21.18642119	27.96612797
