>tfdimers__MD00568
24.77477523	25.67567432	28.37837162	21.17117883
24.77477523	21.17117883	30.18016982	23.87387613
31.98196802	13.06308694	32.88286712	22.07207793
24.32432432	18.01801802	27.02702703	30.63063063
25.6757	28.3784	25.2252	20.7207
7.207192793	1.351398649	6.756793243	84.68461532
0	0	100	0
0	13.5135	73.4234	13.0631
18.9189	0	9.4595	71.6216
0	1.3514	87.8378	10.8108
0	6.3063	93.6937	0
29.7297	22.0721	25.2252	22.973
27.9279	13.964	26.5766	31.5315
25.6757	15.3153	37.3874	21.6216
18.9189	28.3784	33.3333	19.3694
55.85584414	1.351398649	9.008990991	33.78376622
0	0	100	0
99.0991	0	0.9009	0
0	0	0	100
72.0721	2.7027	10.8108	14.4144
59.009	3.6036	25.6757	11.7117
21.6216	17.5676	49.0991	11.7117
27.027	22.0721	28.8288	22.0721
30.1802	18.4685	24.3243	27.027
30.6306	16.6667	23.8739	28.8288
22.973	20.7207	32.4324	23.8739
30.1802	16.2162	29.2793	24.3243
