>tfdimers__MD00044
27.0633	25.7198	15.547	31.6699
26.67947332	20.92127908	16.6986833	35.7005643
21.881	22.4568	18.81	36.8522
19.3858	25.9117	15.3551	39.3474
21.4971	28.215	12.2841	38.0038
47.6008	13.0518	18.4261	20.9213
5.566205566	55.27835528	12.66791267	26.48752649
8.4453	3.8388	0	87.7159
0.1919	0.3839	0.5758	98.8484
0.3839	98.0806	0	1.5355
1.343598656	91.93850806	0	6.717893282
1.5355	31.6699	4.4146	62.38
1.727401727	79.07877908	4.606504607	14.58731459
3.262996737	0.7677992322	0.1918998081	95.77730422
1.1516	1.3436	3.071	94.4338
20.5374	14.3954	2.1113	62.9559
0.9597	3.4549	0.5758	95.0096
2.6871	76.9674	0.7678	19.5777
20.15357985	7.293692706	0	72.55272745
16.6987	22.2649	25.5278	35.5086
22.0729	25.3359	17.8503	34.7409
23.9923	24.952	15.9309	35.1248
25.3359	23.9923	16.3148	34.357
21.4971	27.6392	17.8503	33.0134
