>tfdimers__MD00455
27.32732733	20.42042042	28.82882883	23.42342342
28.52852853	21.02102102	32.43243243	18.01801802
23.12312312	24.62462462	32.43243243	19.81981982
31.83183183	15.61561562	36.93693694	15.61561562
23.12312312	31.83183183	29.42942943	15.61561562
78.979	5.1051	14.1141	1.8018
2.7027	0.6006	95.4955	1.2012
2.1021	0.3003	97.2973	0.3003
89.4895	4.2042	5.1051	1.2012
60.961	1.2012	17.1171	20.7207
14.7147	9.3093	74.4745	1.5015
10.8108	2.7027	11.1111	75.3754
0	0	100	0
0	0	100	0
13.8138	0	69.97	16.2162
0	0	100	0
86.7868	0	0	13.2132
30.6306	12.012	52.5526	4.8048
26.72672673	16.81681682	42.64264264	13.81381381
24.92492492	23.42342342	35.73573574	15.91591592
32.13213213	15.31531532	32.43243243	20.12012012
22.22222222	21.32132132	38.13813814	18.31831832
26.42642643	23.12312312	30.63063063	19.81981982
