>tfdimers__MD00212
31.2605	21.5126	20.6723	26.5546
29.07562908	19.83191983	17.98321798	33.10923311
28.5714	20.6723	20.8403	29.916
29.41177059	20.5041795	21.17647882	28.90757109
26.7227	20	21.5126	31.7647
25.5462	23.6975	15.4622	35.2941
21.0084	38.4874	13.1092	27.395
10.08401008	24.03362403	4.36970437	61.51266151
4.0336	0.6723	6.5546	88.7395
0.5042	0	98.1513	1.3445
4.537804538	1.344501345	93.27739328	0.8403008403
19.99998	65.37813462	8.235291765	6.386593613
42.0168	18.4874	8.5714	30.9244
27.7311	24.0336	25.3782	22.8571
23.52942353	28.57142857	23.86552387	24.03362403
10.9244	9.5798	17.8151	61.6807
0	8.4034	0	91.5966
0	0	0	100
0	100	0	0
0.6723	99.3277	0	0
64.87396487	14.28571429	0.8403008403	20.00002
42.521	15.4622	20.3361	21.6807
28.90757109	18.15128185	26.72267328	26.21847378
26.7227	20	21.5126	31.7647
22.6891	24.5378	20.8403	31.9328
26.0504	23.0252	19.1597	31.7647
28.4033716	21.17647882	21.00837899	29.41177059
29.916	20.3361	18.8235	30.9244
