>tfdimers__MD00313
26.4045	23.0337	24.1573	26.4045
22.4719	28.6517	23.5955	25.2809
25.2809	26.4045	20.7865	27.5281
19.6629	19.6629	23.5955	37.0787
28.0899	23.5955	22.4719	25.8427
16.2921	3.3708	9.5506	70.7865
0	0	100	0
0	8.427	78.0899	13.4831
4.4944	0	19.1011	76.4045
0	0.5618	93.2584	6.1798
0	9.5506	90.4494	0
0	0	0	100
0	0	0	100
0	0	0	100
0	100	0	0
3.3708	89.8876	0	6.7416
38.76403876	20.22472022	0	41.01124101
21.9101	19.6629	29.2135	29.2135
25.8427	25.2809	20.7865	28.0899
20.2247	24.1573	28.0899	27.5281
24.1573	24.1573	19.1011	32.5843
20.7865	21.9101	27.5281	29.7753
