>tfdimers__MD00357
22.72	24	20.32	32.96
25.76	19.52	16.48	38.24
22.08	21.44	17.6	38.88
20.64	18.72	21.12	39.52
23.68	22.72	19.68	33.92
26.24	27.04	20.16	26.56
15.52	27.84	32.48	24.16
0	13.12	0	86.88
0.16	10.4	0	89.44
0	0	0	100
0	99.68	0	0.32
0	7.36	4	88.64
0	0	100	0
0	0	0	100
0	0	0	100
0	0	0	100
0	69.92	30.08	0
34.08	19.84	10.88	35.2
20.64	22.56	24	32.8
25.12	17.28	15.52	42.08
22.4	21.28	18.24	38.08
23.04	19.68	17.28	40
19.2	25.28	19.52	36
26.72	21.28	19.36	32.64
