>tfdimers__MD00008
28.0172	22.6293	27.1552	22.1983
23.4914	30.3879	21.9828	24.1379
26.9397	26.5086	21.5517	25
24.56897543	28.87927112	20.68967931	25.86207414
26.29307371	24.56897543	22.1982778	26.93967306
24.7845	24.3534	23.4914	27.3707
26.0776	22.1983	16.1638	35.5603
21.12067888	23.49137651	23.49137651	31.8965681
1.0776	0	2.5862	96.3362
0	100	0	0
0	100	0	0
0	100	0	0
26.7241	20.0431	1.2931	51.9397
51.9397	1.2931	20.0431	26.7241
0	0	100	0
0	0	100	0
0	0	100	0
96.3362	2.5862	0	1.0776
31.8965681	23.49137651	23.49137651	21.12067888
35.5603	16.1638	22.1983	26.0776
27.3707	23.4914	24.3534	24.7845
26.93967306	22.1982778	24.56897543	26.29307371
25.86207414	20.68967931	28.87927112	24.56897543
25	21.5517	26.5086	26.9397
24.1379	21.9828	30.3879	23.4914
22.1983	27.1552	22.6293	28.0172
