>tfdimers__MD00068
27.7132	22.3837	27.1318	22.7713
26.8411	20.8333	26.5504	25.7752
21.3178	24.2248	29.0698	25.3876
32.75193275	17.05431705	31.3953314	18.7984188
33.5271	24.9031	28.3915	13.1783
0	100	0	0
100	0	0	0
0	0	100	0
93.9922	1.3566	4.6512	0
0	0	0	100
0	0	100	0
10.7558	23.4496	56.2016	9.593
22.3837	20.2519	6.2016	51.1628
12.4031	0	24.2248	63.3721
0	100	0	0
8.236408236	31.87983188	6.782906783	53.1008531
22.2868	22.3837	26.938	28.3915
26.1628	23.2558	25.1938	25.3876
26.3566	21.8992	25.969	25.7752
27.0349	23.8372	22.1899	26.938
26.2597	23.8372	23.1589	26.7442
