>tfdimers__MD00480
32.5431	15.7328	29.0948	22.6293
27.3707	18.9655	33.6207	20.0431
31.681	16.5948	29.5259	22.1983
32.75856724	19.3965806	28.44827155	19.3965806
32.32756767	17.24138276	31.03446897	19.3965806
37.931	10.7759	44.8276	6.4655
26.07757392	26.93967306	38.57756142	8.405191595
56.681	0.6466	24.569	18.1034
6.0345	8.6207	84.0517	1.2931
75	3.2328	17.4569	4.3103
37.931	5.3879	37.2845	19.3966
55.3879	8.1897	34.2672	2.1552
73.0603	0.6466	22.6293	3.6638
3.6638	0.431	93.5345	2.3707
6.25	9.9138	81.25	2.5862
85.9914	0.431	10.9914	2.5862
100	0	0	0
0	0	100	0
0	0	0	100
31.4655	0	68.5345	0
34.6982653	14.43968556	35.99136401	14.87068513
28.23277177	19.3965806	31.24996875	21.12067888
31.46553147	16.59481659	27.58622759	24.35342435
30.6034306	18.75001875	27.8017278	22.84482284
29.7414	20.2586	27.3707	22.6293
