>tfdimers__MD00219
26.39482639	22.74682275	21.24462124	29.61372961
29.61367039	20.6008794	18.02578197	31.75966824
25.9657	21.2446	19.7425	33.0472
27.2532	22.7468	20.3863	29.6137
29.18452918	24.24892425	17.16741717	29.3991294
16.95281695	31.97423197	7.081507082	43.99144399
15.4506	34.5494	16.7382	33.2618
30.4721	24.4635	17.1674	27.897
14.37768562	39.48496052	9.442090558	36.6952633
0.4292	0.4292	0	99.1416
87.7682	0	5.3648	6.867
99.3562	0.2146	0.4292	0
6.4378	5.5794	22.5322	65.4506
4.5064	74.4635	8.7983	12.2318
19.3133	38.8412	0.4292	41.4163
1.502101502	7.510707511	34.97853498	56.00865601
31.5451	47.4249	2.1459	18.8841
12.44638755	0.6437993562	0	86.90981309
73.8197	2.3605	0.6438	23.176
99.1416	0.2146	0.2146	0.4292
1.2876	0.6438	29.6137	68.4549
0.4292	99.3562	0	0.2146
17.5966	54.9356	0	27.4678
27.897	21.6738	13.9485	36.4807
23.39057661	28.11157189	17.16738283	31.33046867
24.2489	23.6052	18.4549	33.691
27.0386	20.3863	16.7382	35.8369
29.6137	19.5279	19.7425	31.1159
27.897	22.103	21.03	28.97
