>tfdimers__MD00519
32.36363236	20.72732073	17.45451745	29.45452945
26.7273	19.2727	19.0909	34.9091
26.36362636	18.000018	20.18182018	35.45453545
30.72726927	21.63637836	20.90907909	26.72727327
31.27273127	18.36361836	18.000018	32.36363236
2.363602364	24.36362436	21.81822182	51.45455145
18.1818	22.7273	19.8182	39.2727
34	26.1818	14.7273	25.0909
45.8182	14.7273	25.4545	14
1.6364	16.9091	2	79.4545
94.7273	0.5455	2.3636	2.3636
98	1.0909	0.7273	0.1818
84.1818	1.0909	10.5455	4.1818
0.1818	0	0.1818	99.6364
0.3636003636	0	99.27279927	0.3636003636
95.45459545	3.454503455	0.1818001818	0.9091009091
16.1818	45.6364	14.9091	23.2727
8.181791818	7.636392364	2.545497455	81.63631836
31.8182	33.8182	14	20.3636
75.09097509	13.09091309	4.363604364	7.454507455
26	25.8182	22.3636	25.8182
22.1818	22.1818	14.9091	40.7273
28.72727127	21.09087891	19.63638036	30.54546945
35.2727	16	17.8182	30.9091
30.3636	19.6364	19.0909	30.9091
29.0909	19.2727	19.6364	32
34.3636	18.3636	16.5455	30.7273
