>tfdimers__MD00467
34.15253415	18.22031822	15.93221593	31.69493169
36.1017	16.1017	15.678	32.1186
40.0847	15.7627	15.8475	28.3051
38.8983	15.8475	15.4237	29.8305
34.91526508	18.30508169	16.77968322	29.99997
44.40675559	21.61017839	15.50848449	18.47458153
36.01693602	25.42372542	13.55931356	25.000025
68.30516831	14.15251415	10.08471008	7.457607458
16.7797	11.1864	3.3898	68.6441
18.4746	78.9831	1.1864	1.3559
78.3898	17.2034	0	4.4068
77.1186	3.6441	10.5085	8.7288
40.4237	10.0847	13.8136	35.678
2.8814	58.1356	17.4576	21.5254
97.6271	0	2.3729	0
100	0	0	0
54.1525	0	0	45.8475
56.1017	0	0	43.8983
100	0	0	0
92.1186	0	0	7.8814
42.4576	14.8305	15.8475	26.8644
41.0169	16.9492	14.1525	27.8814
37.3729	18.7288	14.7458	29.1525
36.52543653	18.05081805	15.93221593	29.49152949
38.4746	17.2881	14.4915	29.7458
