>tfdimers__MD00157
31.5068	19.1781	18.8356	30.4795
29.1096	17.1233	20.8904	32.8767
30.82193082	20.54792055	17.12331712	31.50683151
37.3288	19.863	15.7534	27.0548
33.56163356	15.06851507	19.52051952	31.84933185
18.83561884	15.75341575	22.6027226	42.80824281
48.6301	11.3014	9.2466	30.8219
53.4247	6.8493	25.6849	14.0411
22.6027	10.274	19.1781	47.9452
20.54792055	29.79452979	8.561608562	41.0959411
57.1918	12.3288	10.9589	19.5205
57.8767	5.137	15.0685	21.9178
3.4247	2.0548	3.7671	90.7534
8.9041	5.8219	4.7945	80.4795
90.0685	1.7123	5.137	3.0822
79.7945	5.137	2.0548	13.0137
23.9726	6.8493	4.4521	64.726
46.57534658	10.61641062	17.12331712	25.68492568
56.84924315	9.246590753	17.46578253	16.43838356
14.0411	39.0411	8.5616	38.3562
12.6712	16.7808	4.1096	66.4384
96.9178	2.0548	0	1.0274
96.9178	2.3973	0.6849	0
0.3424996575	99.31500068	0.3424996575	0
4.4521	0	5.8219	89.726
6.1644	5.8219	63.3562	24.6575
23.9726	26.0274	30.137	19.863
21.2329	30.8219	13.3562	34.589
21.9178	14.3836	20.8904	42.8082
27.3972726	22.26027774	20.20547979	30.13696986
38.3562	16.0959	16.7808	28.7671
30.4795	19.863	18.8356	30.8219
34.9315	11.9863	20.8904	32.1918
31.84933185	21.57532158	19.86301986	26.71232671
