>tfdimers__MD00344
28.06027194	18.64408136	23.72877627	29.56687043
26.36532637	22.41052241	19.96231996	31.26183126
27.307	20.339	22.2222	30.1318
28.06027194	19.58568041	19.58568041	32.76836723
26.5537	20.339	25.4237	27.6836
24.2938	20.1507	24.6704	30.8851
25.98867401	22.5988774	22.5988774	28.81357119
25.98867401	22.5988774	21.09227891	30.32016968
26.3653	18.0791	28.2486	27.307
27.11862712	27.11862712	19.58571959	26.17702618
22.9755	2.8249	12.4294	61.7702
0	0	100	0
0	8.2863	0.1883	91.5254
0	0	100	0
0	0	100	0
6.2147	9.2279	9.4162	75.1412
0.7533007533	1.12990113	0.3766003766	97.74019774
0.7533007533	1.12990113	1.12990113	96.98689699
82.67428267	6.591306591	5.084705085	5.64970565
11.4878	19.0207	13.7476	55.7439
20.9039791	8.286291714	22.03387797	48.77585122
11.8644	12.0527	22.0339	54.049
27.1186	18.2674	21.8456	32.7684
29.1902	17.3258	24.6704	28.8136
27.8719	20.904	20.5273	30.6968
28.24862825	19.96231996	23.91712392	27.87192787
25.98872599	21.46892147	22.41052241	30.13183013
