>tfdimers__MD00214
30.2752	19.2661	21.1009	29.3578
34.8624	17.4312	26.6055	21.1009
40.367	14.6789	17.4312	27.5229
37.6147	14.6789	25.6881	22.0183
42.2018422	8.256908257	22.01832202	27.52292752
72.4771	0	27.5229	0
88.0734	11.9266	0	0
0	0	0	100
0	0	0	100
100	0	0	0
0	100	0	0
0	39.4495	0	60.5505
40.367	55.9633	3.6697	0
74.3119	25.6881	0	0
100	0	0	0
0	31.1927	2.7523	66.055
49.5413	5.5046	0	44.9541
19.2661	14.6789	30.2752	35.7798
30.2752	16.5138	23.8532	29.3578
35.77983578	12.84401284	14.67891468	36.6972367
22.0183	13.7615	22.9358	41.2844
39.44953945	18.34861835	11.92661193	30.27523028
