>tfdimers__MD00124
32.05646794	20.36287964	19.95968004	27.62097238
32.25806774	21.37097863	18.14518185	28.22577177
34.6774	21.5726	14.1129	29.6371
31.6532	20.5645	20.1613	27.621
32.05646794	21.16937883	16.53228347	30.24186976
50.2016	11.2903	17.1371	21.371
58.66934133	4.637095363	24.3951756	12.2983877
62.2984	1.8145	35.0806	0.8065
6.6532	4.8387	88.3065	0.2016
1.411298589	2.419397581	18.34678165	77.82252218
6.0484	39.3145	5.0403	49.5968
58.66934133	35.28226472	5.04029496	1.008098992
97.379	1.8145	0	0.8065
35.68546431	15.12098488	15.32258468	33.87096613
25.2016	57.0565	0	17.7419
86.4919	4.0323	0	9.4758
0	0	0	100
0	0	0	100
83.0645	0	0	16.9355
62.7016	7.2581	25.4032	4.6371
27.0161	35.4839	11.4919	26.0081
25	25.2016	16.129	33.6694
37.5	17.5403	18.3468	26.6129
33.6694	14.5161	22.9839	28.8306
31.04843105	16.12901613	24.19352419	28.62902863
