>tfdimers__MD00229
32.0802	16.5414	18.2957	33.0827
36.34086366	20.05007995	16.54138346	27.06767293
34.08523409	17.29321729	15.53881554	33.08273308
36.5915	16.792	16.2907	30.3258
41.1027589	6.516293484	19.7994802	32.58146742
24.5614	0	75.4386	0
0	27.0677	48.1203	24.812
100	0	0	0
100	0	0	0
87.9699	0	0	12.0301
52.6316	0.7519	36.8421	9.7744
0	44.6115	2.005	53.3835
100	0	0	0
88.7218	7.7694	3.5088	0
100	0	0	0
0	79.4486	0	20.5514
100	0	0	0
51.1278	10.2757	23.8095	14.787
48.1203	22.3058	17.0426	12.5313
40.3509	18.2957	17.7945	23.5589
44.6115	18.5464	14.5363	22.3058
44.61154461	15.53881554	15.03761504	24.81202481
37.3434	15.7895	23.0576	23.8095
36.5915	21.0526	16.5414	25.8145
