>tfdimers__MD00574
25.70752571	27.12262712	19.57551958	27.59432759
21.6981217	27.12262712	25.23582524	25.94342594
26.65092665	25.70752571	19.81131981	27.83022783
27.12262712	25.47172547	22.16982217	25.23582524
21.46227854	25.94337406	22.87737712	29.71697028
6.603793396	65.33013467	17.68868231	10.37738962
41.50944151	32.31133231	10.61321061	15.56601557
16.27358373	37.02826297	9.905690094	36.79246321
5.424505425	7.783007783	4.009404009	82.78308278
0	17.9245	7.3113	74.7642
7.783	75.7075	10.8491	5.6604
1.8868	96.6981	0	1.4151
0	100	0	0
98.82089882	0.2358002358	0.2358002358	0.7075007075
0	32.783	18.8679	48.3491
0	100	0	0
0.2358	0	0	99.7642
0	0	100	0
0	43.6321	11.5566	44.8113
0.2358	47.4057	9.434	42.9245
26.65092665	32.07553208	16.03771604	25.23582524
20.04717995	34.90566509	19.57548042	25.47167453
20.75472075	30.8962309	19.33961934	29.00942901
22.1698	27.1226	20.5189	30.1887
24.5283	25	20.7547	29.717
