>tfdimers__MD00410
32.2609	17.8731	24.933	24.933
34.31636568	17.96248204	23.14567685	24.57547542
31.45666854	17.6049824	24.12867587	26.80967319
31.7248	21.7158	23.3244	23.235
31.0992	19.3029	23.4138	26.1841
35.12063512	12.33241233	26.18412618	26.36282636
49.2404	0	36.0143	14.7453
25.1117	0	74.8883	0
0	0	100	0
72.92222708	4.736395264	13.85168615	8.48969151
19.9285	0	80.0715	0
0	0	100	0
100	0	0	0
100	0	0	0
85.7015	0	0	14.2985
33.86953387	5.093805094	22.52012252	38.51653852
0	25.1117	33.244	41.6443
36.3718	17.3369	23.0563	23.235
31.3673	20.1966	23.7712	24.6649
31.7248	16.9794	23.1457	28.1501
32.52903253	18.05181805	22.07332207	27.34582735
32.9759	19.3923	19.9285	27.7033
