>tfdimers__MD00567
30.3509	19.6491	22.4561	27.5439
34.7368	16.8421	20	28.4211
33.3333	17.5439	21.9298	27.193
31.0526	16.4912	24.0351	28.4211
27.3684	21.0526	20.7018	30.8772
42.4561	10.7018	8.9474	37.8947
33.3333	18.4211	12.4561	35.7895
41.5789	16.1404	13.3333	28.9474
69.64916965	0	0.1754001754	30.17543018
0.7017992982	0	98.42100158	0.8771991228
0.1754001754	0.3509003509	99.2982993	0.1754001754
94.56149456	0.1754001754	1.403501404	3.85960386
45.614	8.4211	6.8421	39.1228
17.5439	6.8421	0	75.614
98.7719	0	0	1.2281
96.4912	0	0	3.5088
7.3684	8.9474	12.807	70.8772
9.473709474	0.1754001754	10.17541018	80.17548018
33.6842	5.614	55.4386	5.2632
32.4561	20.7018	22.4561	24.386
28.7719	19.6491	22.1053	29.4737
31.0526	20.8772	18.5965	29.4737
30.1754	22.2807	18.4211	29.1228
30.35086965	18.42108158	18.5964814	32.63156737
