>tfdimers__MD00289
32.0261	16.6667	20.915	30.3922
29.41182941	19.93461993	19.28101928	31.37253137
30.71896928	22.22217778	17.64708235	29.41177059
29.73857026	22.22217778	17.32028268	30.71896928
23.2026232	20.91502092	20.58822059	35.29413529
26.1438	13.3987	14.0523	46.4052
29.41177059	5.555594444	37.58166242	27.45097255
21.5686	6.5359	54.902	16.9935
2.287597712	5.228794771	1.960798039	90.52280948
13.7255	11.1111	8.8235	66.3399
75.16332484	4.901995098	5.882394118	14.05228595
63.72543627	16.99348301	4.575195425	14.70588529
3.921596078	2.287597712	0.3267996732	93.46400654
24.50982451	20.26142026	32.67973268	22.54902255
52.61434739	2.287597712	5.555594444	39.54246046
6.209193791	4.248395752	4.575195425	84.96721503
2.287597712	4.901995098	2.614397386	90.1960098
59.8039	2.6144	3.9216	33.6601
94.1176	1.634	2.2876	1.9608
3.267996732	90.1960098	0.3267996732	6.209193791
72.2222	3.9216	1.9608	21.8954
20.5882	1.3072	1.9608	76.1438
16.3399	3.268	71.2418	9.1503
10.78431078	6.535906536	7.18950719	75.49027549
42.8105	6.5359	3.268	47.3856
34.3137	14.3791	18.6275	32.6797
32.6797	18.6275	15.6863	33.0065
27.7778	19.281	12.7451	40.1961
35.2941	17.3203	7.8431	39.5425
31.6993	18.6275	20.915	28.7582
33.0065	20.2614	16.9935	29.7386
28.75822876	19.60781961	19.60781961	32.02613203
33.3333	15.0327	15.0327	36.6013
28.75817124	22.54897745	17.97388203	30.71896928
