>tfdimers__MD00448
35.31353531	16.17161617	15.18151518	33.33333333
31.68316832	16.5016835	14.19138581	37.62376238
32.34323234	20.46202046	12.87131287	34.32343432
37.2937	14.8515	18.8119	29.0429
35.6436	14.1914	19.1419	31.0231
26.7327	13.2013	28.7129	31.3531
4.9505	12.2112	20.132	62.7063
2.6403	0.33	2.3102	94.7195
0	0	0	100
0	0	0	100
100	0	0	0
0	21.4521	0	78.5479
34.32343432	0.33000033	32.34323234	33.003333
100	0	0	0
0	0	100	0
0	0	0	100
56.4356	0	43.5644	0
26.0726	21.1221	16.5017	36.3036
35.6436	18.4818	14.5215	31.3531
29.703	16.1716	19.1419	34.9835
34.9835	17.8218	14.1914	33.0033
28.71287129	20.13197987	12.54128746	38.61386139
