>tfdimers__MD00484
32.37703238	16.39341639	18.64751865	32.58203258
29.3033	18.8525	19.4672	32.377
32.58196742	18.03278197	15.57378443	33.81146619
30.3279	21.1066	16.1885	32.377
36.27053627	14.13931414	14.13931414	35.45083545
26.63932664	61.68036168	0.2049002049	11.47541148
96.51630348	2.868897131	0	0.6147993852
0	0	0	100
0	0	0	100
78.2787	0	0	21.7213
25.6148	34.4262	32.377	7.582
0.4098	99.5902	0	0
96.3115	3.4836	0.2049	0
0.2049	1.0246	6.5574	92.2131
27.459	11.0656	11.2705	50.2049
6.352493648	12.2950877	6.762293238	74.59012541
27.2541	11.2705	6.9672	54.5082
22.13112213	20.9016209	20.49182049	36.47543648
29.91802992	16.39341639	21.31152131	32.37703238
39.7541	19.0574	22.7459	18.4426
48.1557	8.1967	10.8607	32.7869
22.9508	23.1557	28.2787	25.6148
33.60656639	17.82788217	14.75408525	33.81146619
30.3279	19.6721	19.0574	30.9426
31.35246865	18.85248115	17.00818299	32.78686721
30.12296988	18.85248115	18.44258156	32.58196742
33.4016334	18.64751865	17.00821701	30.94263094
