>tfdimers__MD00221
35.2518	15.5875	19.1847	29.976
35.7314	14.3885	19.9041	29.976
35.2518	17.7458	17.0264	29.976
33.0935	17.0264	20.1439	29.7362
33.33333333	15.10791511	21.82252182	29.73622974
32.6139	23.741	25.4197	18.2254
65.7074	14.8681	0	19.4245
100	0	0	0
67.1463	13.9089	18.9448	0
100	0	0	0
0	90.4077	0	9.5923
100	0	0	0
0	0	100	0
0	0	100	0
100	0	0	0
100	0	0	0
57.55394245	10.31178969	32.13426787	0
26.13907386	20.38367962	13.66908633	39.80816019
35.4916	17.7458	23.741	23.0216
36.211	17.7458	20.8633	25.1799
33.57313357	18.70501871	20.86332086	26.85852686
34.2926	17.0264	17.9856	30.6954
