>tfdimers__MD00372
31.5789	21.4575	19.8381	27.1255
27.9352	21.8623	22.6721	27.5304
27.1255	23.8866	21.4575	27.5304
33.6032	23.4818	19.8381	23.0769
25.5061	18.2186	27.9352	28.3401
21.0526	0.4049	29.1498	49.3927
23.4818	36.0324	12.1457	28.3401
10.1215	0	0	89.8785
87.44931255	0.4048995951	0.4048995951	11.74088826
100	0	0	0
0	0	27.9352	72.0648
0	100	0	0
0.4048995951	6.072893927	0	93.52220648
0	1.2146	7.6923	91.0931
1.214598785	97.16590283	1.214598785	0.4048995951
0.4049	21.0526	0.8097	77.7328
12.55061255	9.716609717	26.72062672	51.01215101
45.749	0	51.0121	3.2389
13.36031336	1.619401619	65.58706559	19.43321943
54.251	15.7895	21.4575	8.502
29.1498	17.4089	25.9109	27.5304
32.3887	17.4089	21.8623	28.3401
35.2227	16.1943	18.6235	29.9595
30.7692	25.5061	22.2672	21.4575
27.9352	23.4818	18.2186	30.3644
