>tfdimers__MD00364
19.1047191	34.85213485	24.22062422	21.82252182
21.263	34.2126	22.542	21.9824
18.1455	33.2534	25.4996	23.1015
17.90568209	34.05276595	26.61867338	21.42287858
20.6235	23.741	33.3333	22.3022
7.833707834	44.36454436	45.08394508	2.717802718
24.6203	49.8002	16.6267	8.9528
0.3197003197	96.48289648	1.438801439	1.758601759
17.74581775	46.2030462	11.19101119	24.86012486
1.199001199	97.12239712	0.7194007194	0.9592009592
8.713	89.2886	0.9592	1.0392
8.1535	21.5028	11.0312	59.3125
0.0799000799	0.4796004796	99.44049944	0
1.598701599	65.62756563	5.195805196	27.57792758
2.0783	0.3997	93.1255	4.3965
0.2398	0.4796	98.6411	0.6395
15.82731583	31.81453181	19.34451934	33.01363301
9.0328	37.49	24.2206	29.2566
27.498	28.4572	22.542	21.5028
20.22377978	35.41166459	23.18147682	21.18307882
22.1423	33.8929	27.8977	16.0671
24.4604	27.498	20.8633	27.1783
21.02317898	30.53556946	30.2957697	18.14548185
23.741	29.2566	26.1391	20.8633
19.2646	27.8977	29.7362	23.1015
19.74418026	30.53556946	27.17827282	22.54197746
20.5436	31.7346	28.6171	19.1047
