>tfdimers__MD00384
26.48082648	19.86061986	26.13242613	27.52612753
28.223	20.2091	26.1324	25.4355
31.3589	15.6794	27.8746	25.0871
26.8293	17.0732	30.662	25.4355
28.91987108	22.2996777	24.73867526	24.04177596
27.52612753	25.43552544	17.42161742	29.61672962
34.8432	17.77	22.2997	25.0871
37.6307	19.8606	14.9826	27.5261
49.8258	1.3937	16.3763	32.4042
0	0	100	0
0	0	100	0
0	0	100	0
80.83628084	13.24041324	0	5.923305923
2.0906	3.1359	0	94.7735
5.9233	2.7875	7.3171	83.9721
44.94774495	26.48082648	5.923305923	22.64812265
22.64807735	22.64807735	26.82927317	27.87457213
33.4495	6.2718	43.554	16.7247
17.77	0.6969	71.4286	10.1045
9.0592	4.5296	82.5784	3.8328
95.4704	1.3937	2.0906	1.0453
91.6376	1.7422	5.5749	1.0453
51.9164	10.453	26.4808	11.1498
28.223	19.8606	29.6167	22.2997
27.8746	22.9965	29.2683	19.8606
33.4495	23.3449	20.9059	22.2997
32.4042	20.2091	22.9965	24.3902
29.96517003	12.89198711	28.22297178	28.91987108
