>tfdimers__MD00300
26.91467309	22.53827746	22.53827746	28.00877199
27.4617	21.116	23.1947	28.2276
24.83587516	26.80527319	23.3041767	25.05467495
29.1028	24.7265	18.8184	27.3523
28.5558	25.93	26.1488	19.3654
50	0.547	19.8031	29.6499
0	2.954	97.046	0
42.9978	17.2867	30.0875	9.628
80.30638031	0.3282003282	19.25601926	0.1094001094
4.0481	95.9519	0	0
89.7155	3.1729	0	7.1116
15.6455	18.709	30.1969	35.4486
35.4486	30.1969	18.709	15.6455
7.1116	0	3.1729	89.7155
0	0	95.9519	4.0481
0.1094001094	19.25601926	0.3282003282	80.30638031
9.628	30.0875	17.2867	42.9978
0	97.046	2.954	0
29.6499	19.8031	0.547	50
19.3654	26.1488	25.93	28.5558
27.3523	18.8184	24.7265	29.1028
25.05467495	23.3041767	26.80527319	24.83587516
28.2276	23.1947	21.116	27.4617
28.00877199	22.53827746	22.53827746	26.91467309
