>tfdimers__MD00065
29.2112	20.4545	19.4519	30.8824
26.8048	22.9278	21.5241	28.7433
27.139	22.861	20.9225	29.0775
31.484	20.9893	21.0561	26.4706
24.13102413	21.92512193	22.92782293	31.01603102
10.8289	31.885	11.6979	45.5882
0	0	0	100
94.3182	0	5.6818	0
100	0	0	0
6.016	3.6765	19.385	70.9225
9.492	62.9679	9.9599	17.5802
34.6257	15.3743	15.3743	34.6257
17.5802	9.9599	62.9679	9.492
70.9225	19.385	3.6765	6.016
0	0	0	100
0	5.6818	0	94.3182
100	0	0	0
45.5882	11.6979	31.885	10.8289
31.01603102	22.92782293	21.92512193	24.13102413
26.4706	21.0561	20.9893	31.484
29.0775	20.9225	22.861	27.139
28.7433	21.5241	22.9278	26.8048
30.8824	19.4519	20.4545	29.2112
