>tfdimers__MD00257
26.0776	24.1379	23.4914	26.2931
27.8017	23.7069	23.9224	24.569
29.74137026	24.56897543	23.70687629	21.98277802
28.66377134	20.68967931	24.56897543	26.07757392
32.97413297	17.67241767	27.58622759	21.76722177
36.4224	34.6983	28.0172	0.8621
0	0	1.2931	98.7069
0	0	100	0
97.8448	0	2.1552	0
0	87.7155	0	12.2845
61.4224	1.0776	17.4569	20.0431
0	0	100	0
99.569	0	0.431	0
0	0	0	100
33.83623384	2.801702802	30.6034306	32.75863276
46.9828	2.5862	44.181	6.25
32.97413297	10.34481034	42.67244267	14.00861401
29.31032931	22.84482284	28.01722802	19.82761983
31.25	19.181	22.1983	27.3707
28.2328	19.6121	26.7241	25.431
26.5086	21.9828	22.4138	29.0948
26.93967306	22.41377759	23.49137651	27.15517284
