>tfdimers__MD00523
21.64177836	25.12437488	28.10947189	25.12437488
23.8806	24.8756	27.1144	24.1294
22.88557711	28.60697139	26.11937388	22.38807761
25.8706	30.3483	22.6368	21.1443
25.6219	29.3532	26.1194	18.9055
29.602	22.6368	22.8856	24.8756
27.8607	3.7313	29.602	38.806
0	10.199	89.801	0
0	100	0	0
0	100	0	0
0	48.50745149	0.7462992537	50.74624925
12.18908781	36.56716343	23.88057612	27.36317264
20.6468	32.0896	13.4328	33.8308
51.49255149	5.223905224	17.41291741	25.87062587
0.2488	0	99.7512	0
0	0.2488	99.7512	0
0	0	100	0
91.0448	5.9701	0.2488	2.7363
29.3532	20.6468	27.8607	22.1393
33.3333	16.9154	24.6269	25.1244
28.607	17.6617	24.8756	28.8557
25.3731	22.8856	27.1144	24.6269
23.6318	24.6269	27.8607	23.8806
23.3831	26.8657	26.6169	23.1343
25.6219	22.1393	28.3582	23.8806
26.1194	27.3632	23.1343	23.3831
