>tfdimers__MD00311
26.2211	24.9357	23.2005	25.6427
25.44987455	25.25707474	23.65037635	25.64267436
24.2288	28.2776	23.072	24.4216
22.23647776	29.82007018	20.75837924	27.18507281
23.329	32.8406	19.7301	24.1003
26.8638	30.6555	13.6889	28.7918
23.7147	20.8869	18.8303	36.5681
23.2005	19.5373	38.8175	18.4447
25.5784	14.2031	43.7661	16.4524
12.08228792	64.46013554	10.41128959	13.04628695
0	100	0	0
73.7147	25.8997	0.0643	0.3213
2.2494	64.91	3.599	29.2416
21.8509	49.036	26.1568	2.9563
0.5141	0.3213	0.6427	98.5219
0	0	100	0
2.8278	90.0386	4.0488	3.0848
11.4396	86.5039	0.5141	1.5424
73.71462629	15.23138477	1.542398458	9.511590488
47.108	5.2699	30.9769	16.6452
19.3445	22.1722	39.2031	19.2802
27.31362731	28.34192834	24.35732436	19.98711999
24.74292474	26.92802693	24.16452416	24.16452416
22.6221	28.4704	25.6427	23.2648
25.3213	25.2571	21.6581	27.7635
26.86377314	25.25707474	24.42157558	23.45757654
26.7352	26.671	22.5578	24.036
