>tfdimers__MD00106
24.8804	26.3636	19.8565	28.8995
27.5598	21.9617	22.1053	28.3732
23.6364	25.6459	23.7799	26.9378
24.8804	27.0335	20.4306	27.6555
20.7656	27.0813	21.5789	30.5742
9.569390431	41.48325852	10.62198938	38.32536167
0	0	0	100
90.5263	0	9.4737	0
100	0	0	0
5.3589	9.5215	19.2823	65.8373
4.8325	76.6029	5.1675	13.3971
0.1914	99.7129	0	0.0957
11.96171196	0.1435001435	0.0478000478	87.84698785
0.6698993301	20.95687904	55.35884464	23.01437699
7.703307703	39.18663919	20.95692096	32.15313215
0.2870997129	78.13392187	0.0956999043	21.48327852
11.57891158	48.18184818	4.019104019	36.22013622
18.8995189	47.03354703	7.894707895	26.17222617
25.6459	27.6555	14.8804	31.8182
24.3541	23.6364	22.3923	29.6172
24.44977555	26.50717349	22.63157737	26.41147359
24.6411	27.1292	20.8134	27.4163
26.17222617	27.03352703	19.71291971	27.08132708
