>tfdimers__MD00440
33.33333333	16.23931624	18.8034188	31.62393162
39.31623932	17.09401709	18.8034188	24.78632479
32.47863248	11.11111111	25.64102564	30.76923077
21.36752137	16.23931624	13.67521368	48.71794872
21.36752137	17.94871795	36.75213675	23.93162393
8.547	0	0	91.453
0	7.6923	0	92.3077
0	100	0	0
30.7692	0	0	69.2308
0	17.9487	25.641	56.4103
0	0	0	100
0	0	0	100
19.65811966	17.09401709	16.23931624	47.00854701
0	0	0	100
45.2991	0	53.8462	0.8547
0	0.8547	0	99.1453
0	1.7094	1.7094	96.5812
0	0	0	100
47.0085	0	52.9915	0
0.8547	41.0256	0	58.1197
23.9316	1.7094	5.1282	69.2308
11.1111	11.1111	11.1111	66.6667
40.17094017	5.982905983	13.67521368	40.17094017
29.91452991	11.96581197	18.8034188	39.31623932
23.93162393	17.94871795	22.22222222	35.8974359
27.35042735	18.8034188	15.38461538	38.46153846
25.64102564	23.93162393	16.23931624	34.18803419
24.78632479	14.52991453	25.64102564	35.04273504
