>tfdimers__MD00177
26.76057324	23.66197634	17.46478254	32.11266789
22.5352	25.3521	19.4366	32.6761
21.4085	24.507	18.8732	35.2113
19.4366	25.6338	17.7465	37.1831
18.3099	25.6338	14.0845	41.9718
6.1972	57.7465	16.6197	19.4366
60.8451	16.0563	7.0423	16.0563
9.014090986	43.0985569	12.39438761	35.49296451
1.126798873	0.8450991549	0.8450991549	97.18300282
0.5634	3.0986	0.5634	95.7746
0.5633994366	86.1971138	0.8450991549	12.39438761
5.3521	82.2535	0.5634	11.831
3.098603099	53.23945324	15.77461577	27.88732789
8.4507	44.2254	10.7042	36.6197
5.9155	45.9155	0.8451	47.3239
2.253502254	1.69010169	0	96.05639606
0	8.732391268	1.408498592	89.85911014
1.126798873	1.126798873	0.2816997183	97.46470254
6.478893521	43.66195634	37.18306282	12.67608732
29.5775	7.6056	2.2535	60.5634
15.49298451	15.21128479	14.36618563	54.92954507
19.15491915	18.87321887	12.95771296	49.01414901
8.7324	7.8873	3.9437	79.4366
4.507004507	18.02821803	27.32392732	50.14085014
11.2676	38.8732	7.0423	42.8169
23.662	17.1831	6.1972	52.9577
26.7606	22.8169	18.5915	31.831
24.2254	21.9718	15.2113	38.5915
28.16897183	21.40847859	15.21128479	35.21126479
24.50702451	20.28172028	18.87321887	36.33803634
26.1972	21.6901	20	32.1127
