>tfdimers__MD00347
35.0725	16.8116	19.7101	28.4058
28.6957	22.6087	21.7391	26.9565
32.4638	19.7101	18.8406	28.9855
32.17393217	20.57972058	19.71011971	27.53622754
33.913	17.971	21.4493	26.6667
44.92754493	13.91301391	25.7971258	15.36231536
39.1304	30.7246	26.6667	3.4783
49.2754	10.1449	5.7971	34.7826
29.85512986	57.1014571	7.536207536	5.507205507
93.04340696	2.898597101	0.2898997101	3.768096232
2.898597101	2.028997971	22.02897797	73.04342696
4.637695362	3.478296522	2.608697391	89.27531072
65.7971	26.3768	2.029	5.7971
93.913	0.5797	4.6377	0.8696
58.8406	8.9855	11.0145	21.1594
60.5797	14.4928	2.6087	22.3188
32.4638	22.3188	12.1739	33.0435
34.2029	4.058	7.8261	53.913
0	0	100	0
100	0	0	0
100	0	0	0
89.5652	5.2174	5.2174	0
20.2899	35.3623	27.5362	16.8116
0	33.913	0	66.087
35.94203594	19.13041913	17.39131739	27.53622754
34.2029	20	21.1594	24.6377
33.3333	17.971	17.6812	31.0145
35.07246493	17.68118232	20.28987971	26.95647304
34.7826	17.971	17.3913	29.8551
