>tfdimers__MD00252
27.65957234	23.4042766	24.46807553	24.46807553
22.3404	28.7234	27.6596	21.2766
26.5957	26.0638	23.9362	23.4043
20.7447	30.3191	20.7447	28.1915
23.4043	26.5957	21.2766	28.7234
22.8723	45.2128	24.4681	7.4468
15.42551543	30.31913032	21.27662128	32.97873298
5.3191	35.1064	38.8298	20.7447
20.74467926	20.21277979	24.999975	34.04256596
11.17021117	36.7021367	33.51063351	18.61701862
20.7447	10.6383	15.4255	53.1915
22.3404	11.1702	63.8298	2.6596
78.1915	12.766	5.3191	3.7234
65.9574	22.3404	9.5745	2.1277
11.17021117	72.87237287	14.89361489	1.063801064
1.595701596	80.31918032	3.723403723	14.36171436
4.2553	81.9149	2.1277	11.7021
73.4042266	7.446792553	13.2978867	5.851094149
0.5319	98.4043	0.5319	0.5319
42.0213	0.5319	0	57.4468
0	0	0.5319	99.4681
0	99.4681	0	0.5319
0	100	0	0
0.5319	4.2553	6.383	88.8298
0	20.2128	61.7021	18.0851
24.46807553	27.12767287	19.68088032	28.72337128
19.1489	26.0638	34.0426	20.7447
21.80852181	26.5957266	21.27662128	30.31913032
22.8723	27.1277	26.0638	23.9362
21.2766	26.0638	19.6809	32.9787
