>yetfasco__YPR054W_1875
0.04301138167	26.84331728	30.10228967	43.01138167
0.06627432268	66.27432268	13.44745772	20.21194528
78.93345121	20.3763547	0.5027271507	0.1874669466
98.73091285	0.09873091285	0.09873091285	1.071625328
0.09970089731	99.70089731	0.09970089731	0.09970089731
0.09582114409	3.987213627	0.09582114409	95.82114409
27.95830995	56.86351108	11.49262736	3.685551607
26.32047292	0.2840817402	7.529055311	65.86639003
29.18835034	11.89932109	54.35639313	4.555935446
59.57270879	24.90085612	11.74410424	3.782330854
38.28505301	1.229307927	56.75475193	3.730887128
13.34822508	13.53964607	38.73350727	34.37862158
13.38523226	66.63961098	9.651681417	10.32347534
7.245761411	7.402566175	0.08535158715	85.26632083
0.06061942026	0.0605588614	39.31996032	60.5588614
6.292100443	0.8577986969	92.74502075	0.1050801085
0.2270576987	62.1224894	25.11307846	12.53737444
9.752360177	27.27613664	8.381999876	54.58950331
50.53644436	4.217215745	0.8822652456	44.36407465
