>yetfasco__YMR280C_33
22.406639	24.4813278	22.82157676	30.29045643
14.14141414	30.80808081	18.18181818	36.86868687
5.434782609	79.34782609	10.86956522	4.347826087
2.469135802	90.12345679	3.703703704	3.703703704
27.03703704	17.40740741	34.44444444	21.11111111
7.831325301	31.92771084	16.26506024	43.97590361
22	20	9.333333333	48.66666667
20.0913242	33.33333333	25.57077626	21.00456621
34.76190476	14.28571429	35.23809524	15.71428571
17.94871795	18.46153846	26.15384615	37.43589744
2.352941176	85.88235294	10.58823529	1.176470588
1.315789474	96.05263158	1.315789474	1.315789474
6.666666667	5.555555556	81.11111111	6.666666667
30.04115226	21.81069959	29.218107	18.93004115
