>yetfasco__YOR230W_1148
62.5	12.5	25	0
0	0	25	75
100	0	0	0
50	12.5	0	37.5
0	0	0	100
62.5	0	12.5	25
75	0	0	25
25	0	0	75
100	0	0	0
12.5	0	0	87.5
12.5	0	0	87.5
87.5	0	0	12.5
25	75	0	0
37.5	50	0	12.5
62.5	12.5	0	25
50	0	0	50
12.5	12.5	25	50
