>yetfasco__YJL089W_2067
15.4	32.9	14	37.7
1.3	94.5	3	1.2
3.196803197	3.396603397	91.30869131	2.097902098
2.5	1.7	94.6	1.2
25.6	41.7	17	15.7
6.2	35.8	7.3	50.7
13.7	18.2	26.9	41.2
58.3	15.9	13.5	12.3
65.23476523	18.88111888	6.893106893	8.991008991
8.291708292	28.27172827	3.796203796	59.64035964
5.5	20.5	69.7	4.3
2.1	4.3	93.1	0.5
58.4	8.1	28	5.5
