>yetfasco__YLR014C_2064
1.3	11.5	2.1	85.1
1.298701299	93.50649351	3.896103896	1.298701299
3.096903097	2.297702298	73.92607393	20.67932068
4.3	3.1	89.7	2.9
50.7	40.7	6.5	2.1
25.5	24.7	46.8	3
74.7	10.1	12.3	2.9
81	6.1	1.3	11.6
1.3	14.5	29.4	54.8
24.4	25	37.7	12.9
8.1	87.7	2.9	1.3
5.4	87.2	2.1	5.3
1.298701299	10.98901099	86.41358641	1.298701299
54.6	18.5	24.9	2
