>yetfasco__YGL073W_411
7.307307307	5.405405405	4.104104104	83.18318318
0.9	1.6	2.1	95.4
3.096903097	94.30569431	0.8991008991	1.698301698
9.99000999	23.27672328	9.69030969	57.04295704
56.44355644	9.090909091	12.78721279	21.67832168
17.28271728	19.88011988	28.67132867	34.16583417
42.5	14.7	19.6	23.2
44.1	14	18.3	23.6
21.5	29.2	20.2	29.1
29	24.8	23.9	22.3
7.3	5.5	4.3	82.9
3.403403403	4.604604605	2.102102102	89.88988989
4.595404595	87.21278721	2.497502498	5.694305694
