>yetfasco__YJL127C_1880
38.91236258	0.0406666401	20.38033068	40.6666401
2.152914341	63.66178784	17.78500268	16.40029514
5.067879479	1.133037356	13.5158439	80.28323927
95.15463103	0.09515463103	4.655059705	0.09515463103
6.322352542	0.9040354612	2.070746421	90.70286558
14.47877387	60.78155353	21.69135613	3.048316473
43.0765166	3.841279995	7.841175036	45.24102836
3.937043354	0.09587111854	95.87111854	0.09596698966
11.82713541	55.97584083	32.14104792	0.05597584083
0.0998002997	0.0999000003	0.0997005991	99.7005991
0.2559183535	2.705505434	96.6459039	0.3926723076
94.78888619	5.021536035	0.09478888619	0.09478888619
0.07509965725	11.9203433	12.9048998	75.09965725
23.50856136	75.86833203	0.07586833203	0.5472382789
28.74553427	5.455473025	36.0030689	29.7959238
