>yetfasco__YKL015W_2065
8.591408591	74.82517483	8.591408591	7.992007992
5.8	3.8	86.9	3.5
11.3	18.3	65.8	4.6
19.08091908	23.47652348	49.75024975	7.692307692
39.6	12.6	29.9	17.9
21	6.6	33.7	38.7
15.18481518	7.692307692	36.86313686	40.25974026
4.7	27.8	64.9	2.6
3	1.8	89.2	6
9.9	46.1	33.5	10.5
14	16.8	17.9	51.3
22.82282282	16.21621622	16.31631632	44.64464464
25.47452547	36.66333666	20.07992008	17.78221778
3.4	85.9	8.6	2.1
11.5	64.9	6.8	16.8
6.5	10.9	78.1	4.5
