>yetfasco__YBR240C_1449
45.5	9.8	24.2	20.5
6.6	87.8	4.2	1.4
10.81081081	7.607607608	72.67267267	8.908908909
7.4	5.8	74.7	12.1
25	30	20.8	24.2
21.9	16.7	46.5	14.9
15.5	29.1	18.4	37
20.42042042	31.13113113	24.32432432	24.12412412
26.72672673	49.64964965	14.41441441	9.209209209
47.14714715	19.81981982	22.42242242	10.61061061
37.5	26.5	20	16
41.1	18.8	21.3	18.8
40.6	29.8	18.5	11.1
33.6	27.6	23.3	15.5
45	14.8	22.2	18
15.91591592	35.93593594	16.01601602	32.13213213
18.1	61.3	13.5	7.1
13.08691309	56.84315684	15.38461538	14.68531469
13.1	4.6	65.9	16.4
16.5	38.1	27.6	17.8
