>yetfasco__YFL031W_1788
51.57372051	4.855201622	13.52433145	30.04674642
20.28831734	5.513940589	54.69256761	19.50517446
10.00499033	0.08848101109	88.48101109	1.42551757
73.91523844	24.31168282	0.07406306892	1.699015671
2.821665557	91.84212339	0.09193396551	5.244277088
97.97159607	0.09797159607	0.09797159607	1.832460733
0.09721925756	97.02520715	0.7484524479	2.129121146
6.738284645	6.252738045	86.92205525	0.08692205525
8.505979842	8.767336968	10.10730965	72.61937354
56.37169239	12.06224562	25.46314982	6.102912162
8.723017411	27.82905229	6.182853118	57.26507718
19.96879869	31.38340246	37.70095078	10.94684807
