>yetfasco__YDR174W_2249
3.4483	34.4828	24.1379	37.931
0	10.34481034	37.93103793	51.72415172
3.448296552	86.20681379	3.448296552	6.896593103
0	10.34481034	24.13792414	65.51726552
0	79.3103	13.7931	6.8966
0	37.931	6.8966	55.1724
100	0	0	0
0	6.8966	93.1034	0
13.7931	0	86.2069	0
0	96.5517	3.4483	0
48.2759	13.7931	37.931	0
0	0	100	0
62.06893793	0	34.48276552	3.448296552
51.7241	0	48.2759	0
