>yetfasco__TBP-TFIIA_1328
84.5885734	0.018872	0.018872	15.3736826
15.6779072	0.0192454	68.6249402	15.6779072
15.6779072	0.0192454	68.6249402	15.6779072
23.57972252	0.01922960002	68.56853717	7.832510708
23.65073692	76.31068808	0.01928750002	0.01928750002
0.0192273	15.2348159	53.4197071	31.3262497
0.01911039998	53.09482135	0.01911039998	46.86695785
0.01942839998	92.04767871	0.01942839998	7.913464492
0.0193643	84.4216169	7.6716694	7.8873494
0.0193488	76.5530173	7.6655395	15.7620944
15.48231492	15.05895022	7.529475108	61.92925976
0.01888049998	0.01888049998	0.01888049998	99.9433585
23.57972252	68.56853717	0.01922960002	7.832510708
84.94568002	15.01641658	0.01895169998	0.01895169998
31.34978093	0.01924170002	68.61173567	0.01924170002
0.01942839998	0.01942839998	92.04767871	7.913464492
