>yetfasco__TBP-TFIIA-TFIIB_1330
0.01198950001	0.01198950001	65.25061597	34.72540503
63.15171684	32.23933437	4.597182895	0.01176589999
95.4554977	4.5213587	0.0115718	0.0115718
5.0249425	0.0121669	94.9507237	0.0121669
9.9971117	0.012103	89.9786823	0.012103
39.37757874	0.01191810001	55.68830586	4.922197305
39.190412	0.0118615	51.0001235	9.797603
9.8659081	37.3348712	23.3031301	29.4960906
0.0119277	0.0119277	60.5669749	39.4091697
14.9764366	56.6742895	28.3371447	0.0121292
5.0249425	94.9507237	0.0121669	0.0121669
0.0117287	22.8827996	9.1653608	67.9401109
67.06509083	0.01157769999	9.047317491	23.87601398
33.4624435	0.0115535	4.5142017	62.0118013
63.18159456	0.01177140001	36.79486264	0.01177140001
67.8062067	27.3476589	0.0117056	4.8344288
62.3983553	4.5423413	9.0846825	23.9746209
38.88414894	4.598330805	32.24738473	24.27013552
0.01198950001	0.01198950001	65.25061597	34.72540503
29.66077457	0.01201089999	65.36671853	4.960495995
