"","GO:0005622","GO:0005634","GO:0032991","GO:0110165","GO:0031981","GO:0005654","GO:0043229","GO:0043226","GO:0043231","GO:0070013","GO:0031974","GO:0043233","GO:0140513","GO:0005829","GO:0043227","GO:0005832","GO:0043228","GO:0043232","GO:0005737","GO:0101031","GO:0005694","GO:1990904","GO:0098687","GO:0008023","GO:0000932","GO:0000779","GO:0000776","GO:0000785","GO:0010494"
"GO:0005622",0.405,0.195,0,0.051,0.118,0.104,0.318,0.026,0.263,0.125,0.01,0.01,0.131,0.123,0.022,0.049,0.013,0.167,0.249,0,0.12,0,0.082,0.065,0.06,0.067,0.065,0.099,0.053
"GO:0005634",0.195,0.806,0,0.019,0.564,0.512,0.362,0.347,0.524,0.197,0.008,0.187,0.612,0.093,0.5,0.043,0.23,0.243,0.15,0,0.191,0,0.141,0.349,0.109,0.119,0.117,0.164,0.098
"GO:0032991",0,0,0.801,0,0,0,0,0,0,0,0,0,0.602,0,0,0.266,0,0,0,0.279,0,0.548,0,0.342,0,0,0,0,0
"GO:0110165",0.051,0.019,0,0.125,0.011,0.009,0.036,0.037,0.028,0.011,0.011,0.011,0.012,0.011,0.029,0.004,0.016,0.016,0.026,0,0.011,0,0.007,0.006,0.005,0.006,0.006,0.009,0.004
"GO:0031981",0.118,0.564,0,0.011,0.953,0.883,0.229,0.219,0.345,0.907,0.907,0.907,0.462,0.071,0.327,0.038,0.166,0.175,0.1,0,0.146,0,0.115,0.646,0.093,0.1,0.098,0.13,0.085
"GO:0005654",0.104,0.512,0,0.009,0.883,0.971,0.204,0.195,0.309,0.839,0.839,0.839,0.426,0.065,0.293,0.036,0.152,0.16,0.089,0,0.136,0,0.109,0.723,0.089,0.095,0.093,0.122,0.081
"GO:0043229",0.318,0.362,0,0.036,0.229,0.204,0.551,0.532,0.47,0.243,0.009,0.231,0.254,0.114,0.456,0.047,0.3,0.316,0.214,0,0.234,0,0.163,0.131,0.122,0.134,0.131,0.195,0.108
"GO:0043226",0.026,0.347,0,0.037,0.219,0.195,0.532,0.54,0.452,0.232,0.009,0.232,0.243,0.009,0.463,0.004,0.302,0.302,0.017,0,0.223,0,0.156,0.125,0.116,0.128,0.125,0.186,0.103
"GO:0043231",0.263,0.524,0,0.028,0.345,0.309,0.47,0.452,0.66,0.226,0.009,0.214,0.379,0.106,0.632,0.046,0.273,0.287,0.187,0,0.218,0,0.155,0.203,0.117,0.128,0.126,0.183,0.104
"GO:0070013",0.125,0.197,0,0.011,0.907,0.839,0.243,0.232,0.226,0.941,0.941,0.941,0.16,0.073,0.217,0.038,0.174,0.183,0.105,0,0.152,0,0.119,0.608,0.095,0.102,0.101,0.134,0.086
"GO:0031974",0.01,0.008,0,0.011,0.907,0.839,0.009,0.009,0.009,0.941,0.941,0.941,0.006,0.006,0.009,0.003,0.007,0.007,0.008,0,0.006,0,0.005,0.608,0.004,0.004,0.004,0.005,0.003
"GO:0043233",0.01,0.187,0,0.011,0.907,0.839,0.231,0.232,0.214,0.941,0.941,0.941,0.152,0.006,0.217,0.003,0.174,0.174,0.008,0,0.144,0,0.113,0.608,0.09,0.097,0.096,0.128,0.082
"GO:0140513",0.131,0.612,0.602,0.012,0.462,0.426,0.254,0.243,0.379,0.16,0.006,0.152,0.931,0.075,0.36,0.24,0.179,0.189,0.109,0.25,0.156,0.447,0.121,0.579,0.097,0.104,0.103,0.138,0.088
"GO:0005829",0.123,0.093,0,0.011,0.071,0.065,0.114,0.009,0.106,0.073,0.006,0.006,0.075,0.944,0.009,0.497,0.007,0.086,0.396,0,0.072,0,0.056,0.048,0.172,0.048,0.048,0.063,0.156
"GO:0043227",0.022,0.5,0,0.029,0.327,0.293,0.456,0.463,0.632,0.217,0.009,0.217,0.36,0.009,0.645,0.004,0.276,0.276,0.015,0,0.209,0,0.149,0.192,0.112,0.123,0.12,0.176,0.099
"GO:0005832",0.049,0.043,0.266,0.004,0.038,0.036,0.047,0.004,0.046,0.038,0.003,0.003,0.24,0.497,0.004,1,0.003,0.042,0.174,0.971,0.038,0.231,0.033,0.184,0.111,0.03,0.03,0.036,0.104
"GO:0043228",0.013,0.23,0,0.016,0.166,0.152,0.3,0.302,0.273,0.174,0.007,0.174,0.179,0.007,0.276,0.003,0.864,0.864,0.011,0,0.694,0,0.523,0.106,0.409,0.443,0.435,0.602,0.368
"GO:0043232",0.167,0.243,0,0.016,0.175,0.16,0.316,0.302,0.287,0.183,0.007,0.174,0.189,0.086,0.276,0.042,0.864,0.864,0.133,0,0.694,0,0.523,0.111,0.409,0.443,0.435,0.602,0.368
"GO:0005737",0.249,0.15,0,0.026,0.1,0.089,0.214,0.017,0.187,0.105,0.008,0.008,0.109,0.396,0.015,0.174,0.011,0.133,0.689,0,0.101,0,0.073,0.059,0.211,0.06,0.059,0.086,0.188
"GO:0101031",0,0,0.279,0,0,0,0,0,0,0,0,0,0.25,0,0,0.971,0,0,0,1,0,0.24,0,0.19,0,0,0,0,0
"GO:0005694",0.12,0.191,0,0.011,0.146,0.136,0.234,0.223,0.218,0.152,0.006,0.144,0.156,0.072,0.209,0.038,0.694,0.694,0.101,0,0.949,0,0.745,0.099,0.367,0.644,0.635,0.842,0.333
"GO:1990904",0,0,0.548,0,0,0,0,0,0,0,0,0,0.447,0,0,0.231,0,0,0,0.24,0,0.955,0,0.286,0,0,0,0,0
"GO:0098687",0.082,0.141,0,0.007,0.115,0.109,0.163,0.156,0.155,0.119,0.005,0.113,0.121,0.056,0.149,0.033,0.523,0.523,0.073,0,0.745,0,0.99,0.084,0.313,0.877,0.866,0.678,0.288
"GO:0008023",0.065,0.349,0.342,0.006,0.646,0.723,0.131,0.125,0.203,0.608,0.608,0.608,0.579,0.048,0.192,0.184,0.106,0.111,0.059,0.19,0.099,0.286,0.084,0.997,0.071,0.075,0.074,0.091,0.066
"GO:0000932",0.06,0.109,0,0.005,0.093,0.089,0.122,0.116,0.117,0.095,0.004,0.09,0.097,0.172,0.112,0.111,0.409,0.409,0.211,0,0.367,0,0.313,0.071,0.998,0.282,0.621,0.339,0.758
"GO:0000779",0.067,0.119,0,0.006,0.1,0.095,0.134,0.128,0.128,0.102,0.004,0.097,0.104,0.048,0.123,0.03,0.443,0.443,0.06,0,0.644,0,0.877,0.075,0.282,0.997,0.986,0.593,0.262
"GO:0000776",0.065,0.117,0,0.006,0.098,0.093,0.131,0.125,0.126,0.101,0.004,0.096,0.103,0.048,0.12,0.03,0.435,0.435,0.059,0,0.635,0,0.866,0.074,0.621,0.986,0.997,0.585,0.576
"GO:0000785",0.099,0.164,0,0.009,0.13,0.122,0.195,0.186,0.183,0.134,0.005,0.128,0.138,0.063,0.176,0.036,0.602,0.602,0.086,0,0.842,0,0.678,0.091,0.339,0.593,0.585,0.976,0.31
"GO:0010494",0.053,0.098,0,0.004,0.085,0.081,0.108,0.103,0.104,0.086,0.003,0.082,0.088,0.156,0.099,0.104,0.368,0.368,0.188,0,0.333,0,0.288,0.066,0.758,0.262,0.576,0.31,0.999
