"","GO:0009888","GO:0032787","GO:0048856","GO:0032502","GO:0019752","GO:0043436","GO:0006082","GO:0060429","GO:1901575","GO:0009056","GO:0006090","GO:0048513","GO:0016053","GO:0046394","GO:0006091","GO:0030029","GO:0030036","GO:1901607","GO:0044281","GO:0009135","GO:0009179","GO:0046031","GO:0005975","GO:0002009","GO:0044283","GO:0005977","GO:0006073","GO:0006112","GO:0044042","GO:0007275","GO:0009185","GO:0002064","GO:0030707","GO:0008652"
"GO:0009888",0.949,0,0.548,0.515,0,0,0,0.935,0,0,0,0.439,0,0,0,0,0,0,0,0,0,0,0,0.852,0,0,0,0,0,0.518,0,0.748,0.74,0
"GO:0032787",0,0.992,0,0,0.914,0.914,0.913,0,0.222,0.211,0.841,0,0.81,0.811,0.231,0.034,0.034,0.706,0.813,0.572,0.572,0.572,0.191,0,0.696,0.194,0.194,0.194,0.158,0,0.576,0.033,0.033,0.715
"GO:0048856",0.548,0,0.792,0.75,0,0,0,0.538,0,0,0,0.583,0,0,0,0,0,0,0,0,0,0,0,0.477,0,0,0,0,0,0.73,0,0.406,0.4,0
"GO:0032502",0.515,0,0.75,0.773,0,0,0,0.505,0,0,0,0.548,0,0,0,0,0,0,0,0,0,0,0,0.447,0,0,0,0,0,0.69,0,0.379,0.374,0
"GO:0019752",0,0.914,0,0,0.985,0.985,0.984,0,0.24,0.229,0.766,0,0.865,0.867,0.248,0.037,0.036,0.748,0.882,0.605,0.605,0.605,0.204,0,0.746,0.206,0.206,0.206,0.167,0,0.61,0.036,0.035,0.758
"GO:0043436",0,0.914,0,0,0.985,0.985,0.984,0,0.24,0.229,0.766,0,0.865,0.866,0.248,0.037,0.036,0.748,0.882,0.605,0.605,0.605,0.204,0,0.746,0.206,0.206,0.206,0.167,0,0.61,0.036,0.035,0.758
"GO:0006082",0,0.913,0,0,0.984,0.984,0.985,0,0.241,0.229,0.765,0,0.866,0.865,0.248,0.037,0.036,0.747,0.883,0.606,0.606,0.606,0.204,0,0.747,0.206,0.206,0.206,0.167,0,0.61,0.036,0.036,0.757
"GO:0060429",0.935,0,0.538,0.505,0,0,0,0.953,0,0,0,0.433,0,0,0,0,0,0,0,0,0,0,0,0.869,0,0,0,0,0,0.509,0,0.764,0.756,0
"GO:1901575",0,0.222,0,0,0.24,0.24,0.241,0,0.97,0.93,0.183,0,0.209,0.209,0.202,0,0,0.178,0.245,0.176,0.176,0.176,0.222,0,0.204,0.179,0.179,0.165,0.179,0,0.177,0,0,0.181
"GO:0009056",0,0.211,0,0,0.229,0.229,0.229,0,0.93,0.962,0.173,0,0.198,0.198,0.207,0,0,0.169,0.253,0.166,0.166,0.166,0.211,0,0.209,0.169,0.169,0.169,0.169,0,0.168,0,0,0.171
"GO:0006090",0,0.841,0,0,0.766,0.766,0.765,0,0.183,0.173,0.999,0,0.691,0.692,0.196,0.029,0.028,0.615,0.672,0.498,0.498,0.498,0.161,0,0.59,0.169,0.169,0.169,0.137,0,0.502,0.028,0.028,0.621
"GO:0048513",0.439,0,0.583,0.548,0,0,0,0.433,0,0,0,0.933,0,0,0,0,0,0,0,0,0,0,0,0.392,0,0,0,0,0,0.549,0,0.343,0.339,0
"GO:0016053",0,0.81,0,0,0.865,0.865,0.866,0,0.209,0.198,0.691,0,0.995,0.995,0.22,0.033,0.032,0.872,0.767,0.549,0.549,0.549,0.181,0,0.95,0.186,0.186,0.186,0.151,0,0.553,0.032,0.031,0.882
"GO:0046394",0,0.811,0,0,0.867,0.866,0.865,0,0.209,0.198,0.692,0,0.995,0.995,0.22,0.032,0.032,0.872,0.767,0.549,0.549,0.549,0.181,0,0.949,0.186,0.186,0.186,0.151,0,0.553,0.032,0.031,0.883
"GO:0006091",0,0.231,0,0,0.248,0.248,0.248,0,0.202,0.207,0.196,0,0.22,0.22,0.993,0.034,0.033,0.192,0.201,0.189,0.189,0.189,0.174,0,0.173,0.836,0.192,0.836,0.144,0,0.191,0.033,0.033,0.194
"GO:0030029",0,0.034,0,0,0.037,0.037,0.037,0,0,0,0.029,0,0.033,0.032,0.034,0.986,0.975,0.028,0,0.028,0.028,0.028,0,0,0,0.028,0.028,0.028,0,0,0.028,0.035,0.035,0.028
"GO:0030036",0,0.034,0,0,0.036,0.036,0.036,0,0,0,0.028,0,0.032,0.032,0.033,0.975,0.988,0.028,0,0.027,0.027,0.027,0,0,0,0.028,0.028,0.028,0,0,0.028,0.035,0.035,0.028
"GO:1901607",0,0.706,0,0,0.748,0.748,0.747,0,0.178,0.169,0.615,0,0.872,0.872,0.192,0.028,0.028,0.999,0.655,0.489,0.489,0.489,0.179,0,0.827,0.166,0.166,0.166,0.153,0,0.492,0.027,0.027,0.988
"GO:0044281",0,0.813,0,0,0.882,0.882,0.883,0,0.245,0.253,0.672,0,0.767,0.767,0.201,0,0,0.655,0.97,0.646,0.646,0.646,0.205,0,0.808,0.165,0.165,0.165,0.165,0,0.651,0,0,0.664
"GO:0009135",0,0.572,0,0,0.605,0.605,0.606,0,0.176,0.166,0.498,0,0.549,0.549,0.189,0.028,0.027,0.489,0.646,0.999,0.999,0.999,0.177,0,0.57,0.164,0.164,0.164,0.151,0,0.965,0.027,0.027,0.494
"GO:0009179",0,0.572,0,0,0.605,0.605,0.606,0,0.176,0.166,0.498,0,0.549,0.549,0.189,0.028,0.027,0.489,0.646,0.999,0.999,0.999,0.177,0,0.57,0.164,0.164,0.164,0.151,0,0.993,0.027,0.027,0.494
"GO:0046031",0,0.572,0,0,0.605,0.605,0.606,0,0.176,0.166,0.498,0,0.549,0.549,0.189,0.028,0.027,0.489,0.646,0.999,0.999,0.999,0.177,0,0.57,0.164,0.164,0.164,0.151,0,0.993,0.027,0.027,0.494
"GO:0005975",0,0.191,0,0,0.204,0.204,0.204,0,0.222,0.211,0.161,0,0.181,0.181,0.174,0,0,0.179,0.205,0.177,0.177,0.177,0.992,0,0.175,0.821,0.821,0.146,0.821,0,0.178,0,0,0.181
"GO:0002009",0.852,0,0.477,0.447,0,0,0,0.869,0,0,0,0.392,0,0,0,0,0,0,0,0,0,0,0,0.974,0,0,0,0,0,0.454,0,0.709,0.702,0
"GO:0044283",0,0.696,0,0,0.746,0.746,0.747,0,0.204,0.209,0.59,0,0.95,0.949,0.173,0,0,0.827,0.808,0.57,0.57,0.57,0.175,0,0.993,0.145,0.145,0.145,0.145,0,0.574,0,0,0.837
"GO:0005977",0,0.194,0,0,0.206,0.206,0.206,0,0.179,0.169,0.169,0,0.186,0.186,0.836,0.028,0.028,0.166,0.165,0.164,0.164,0.164,0.821,0,0.145,0.999,0.999,0.999,0.999,0,0.165,0.027,0.027,0.168
"GO:0006073",0,0.194,0,0,0.206,0.206,0.206,0,0.179,0.169,0.169,0,0.186,0.186,0.192,0.028,0.028,0.166,0.165,0.164,0.164,0.164,0.821,0,0.145,0.999,0.999,0.166,0.999,0,0.165,0.027,0.027,0.168
"GO:0006112",0,0.194,0,0,0.206,0.206,0.206,0,0.165,0.169,0.169,0,0.186,0.186,0.836,0.028,0.028,0.166,0.165,0.164,0.164,0.164,0.146,0,0.145,0.999,0.166,0.999,0.125,0,0.165,0.027,0.027,0.168
"GO:0044042",0,0.158,0,0,0.167,0.167,0.167,0,0.179,0.169,0.137,0,0.151,0.151,0.144,0,0,0.153,0.165,0.151,0.151,0.151,0.821,0,0.145,0.999,0.999,0.125,0.999,0,0.152,0,0,0.154
"GO:0007275",0.518,0,0.73,0.69,0,0,0,0.509,0,0,0,0.549,0,0,0,0,0,0,0,0,0,0,0,0.454,0,0,0,0,0,0.841,0,0.389,0.384,0
"GO:0009185",0,0.576,0,0,0.61,0.61,0.61,0,0.177,0.168,0.502,0,0.553,0.553,0.191,0.028,0.028,0.492,0.651,0.965,0.993,0.993,0.178,0,0.574,0.165,0.165,0.165,0.152,0,0.999,0.027,0.027,0.497
"GO:0002064",0.748,0.033,0.406,0.379,0.036,0.036,0.036,0.764,0,0,0.028,0.343,0.032,0.032,0.033,0.035,0.035,0.027,0,0.027,0.027,0.027,0,0.709,0,0.027,0.027,0.027,0,0.389,0.027,0.99,0.98,0.028
"GO:0030707",0.74,0.033,0.4,0.374,0.035,0.035,0.036,0.756,0,0,0.028,0.339,0.031,0.031,0.033,0.035,0.035,0.027,0,0.027,0.027,0.027,0,0.702,0,0.027,0.027,0.027,0,0.384,0.027,0.98,0.99,0.028
"GO:0008652",0,0.715,0,0,0.758,0.758,0.757,0,0.181,0.171,0.621,0,0.882,0.883,0.194,0.028,0.028,0.988,0.664,0.494,0.494,0.494,0.181,0,0.837,0.168,0.168,0.168,0.154,0,0.497,0.028,0.028,0.999
